9.999999967669399581e-01 1.139984078152621426e-05 7.960002267100577589e-05 5.629999999999999968e-05 -1.140015918152569891e-05 9.999999999270199336e-01 3.999546273518614586e-06 1.290000000000000016e-05 -7.959997707100584425e-05 -4.000453713517144300e-06 9.999999968239199344e-01 1.273000000000000043e-04
9.999995204068812260e-01 9.069490374202511355e-04 -3.696342126553238297e-04 -1.679999999999999907e-04 -9.066505954209815640e-04 9.999992635551018250e-01 8.067675947054441877e-04 2.403000000000000134e-04 3.703656375335337187e-04 -8.064320787062652937e-04 9.999996062482210402e-01 3.256320000000000048e-02
9.999735622615831820e-01 8.194207468837828596e-04 -7.225187023128218193e-03 -4.366999999999999897e-04 -8.129682862017119198e-04 9.999992681842932996e-01 8.959427678852212784e-04 3.874999999999999864e-04 7.225915889714897532e-03 -8.900452332730081221e-04 9.999734966283043702e-01 4.333229999999999721e-02
9.998045675881732652e-01 1.084007541418600820e-03 -1.973959365022939783e-02 -7.537000000000000513e-04 -1.067887042193910912e-03 9.999990876942979057e-01 8.271806556896199548e-04 3.183999999999999873e-04 1.974047231175443673e-02 -8.059393415018088020e-04 9.998048130583723214e-01 6.304919999999999969e-02
9.986862874481210461e-01 1.250452983784959516e-03 -5.122631775195501252e-02 -2.008799999999999822e-03 -1.213537097814830013e-03 9.999989811071358092e-01 7.517395842610118247e-04 3.451999999999999882e-04 5.122720557283156478e-02 -6.885869775569761599e-04 9.986867873648740401e-01 9.076370000000000271e-02
9.965088119526197552e-01 1.618558785110707759e-03 -8.347195917335002713e-02 -4.060000000000000241e-03 -1.546275127922663081e-03 9.999983715031682818e-01 9.306042338533825368e-04 4.635999999999999930e-04 8.347332947718714979e-02 -7.982847051265850669e-04 9.965096918783692415e-01 1.158509000000000067e-01
9.963699734401376684e-01 1.616053956975285798e-03 -8.511324454224140912e-02 -4.814500000000000203e-03 -1.572248740555507373e-03 9.999985948293645954e-01 5.816985422353114065e-04 4.427999999999999753e-04 8.511406499984043583e-02 -4.457677695410321508e-04 9.963711142091076223e-01 1.237661000000000039e-01
9.934134159924241647e-01 1.472974991847386282e-03 -1.145758057834913995e-01 -7.464900000000000008e-03 -1.525674892961953596e-03 9.999987668661350915e-01 -3.722664776171669566e-04 5.234999999999999853e-04 1.145751161569733417e-01 5.446199434138949491e-04 9.934144382616619806e-01 1.464203000000000032e-01
9.796168081806218009e-01 -2.174970854102138760e-04 -2.008752394523243556e-01 -1.293449999999999982e-02 1.442453078913165940e-04 9.999999176624706498e-01 -3.792998061794571095e-04 7.615000000000000241e-04 2.008753054093558033e-01 3.425931547105057770e-04 9.796167588943281990e-01 1.771362999999999965e-01
9.751379305337107839e-01 1.220676381652703981e-03 -2.215954114678441722e-01 -1.519799999999999970e-02 -1.403658022264109946e-03 9.999987915798358440e-01 -6.682686769730501741e-04 7.144999999999999659e-04 2.215943279476900729e-01 9.626983117077567240e-04 9.751384655695684023e-01 1.852766000000000135e-01
9.728915092989021129e-01 1.523386528711160844e-03 -2.312569791975765121e-01 -1.933529999999999971e-02 -1.685443027780496447e-03 9.999984530334364852e-01 -5.032022793661065398e-04 6.654000000000000192e-04 2.312558548791885105e-01 8.793316882692737285e-04 9.728925718494707553e-01 2.024163999999999963e-01
9.525548913948895802e-01 1.460931226513548752e-03 -3.043633429958697012e-01 -3.060739999999999988e-02 -1.777163241103950179e-03 9.999981305412489752e-01 -7.619742918943683829e-04 6.019000000000000478e-04 3.043616608091178066e-01 1.266725683972911090e-03 9.525557069460856008e-01 2.384602000000000110e-01
9.421701295816297117e-01 1.571634977406415274e-03 -3.351312830632688367e-01 -3.755580000000000029e-02 -1.854924447527470143e-03 9.999981416905335818e-01 -5.252340177255229465e-04 5.165000000000000320e-04 3.351298348094794988e-01 1.116503012626442019e-03 9.421712940021012006e-01 2.579467999999999761e-01
9.313610989039574628e-01 1.282330970351276689e-03 -3.640945743562998826e-01 -4.548030000000000128e-02 -1.544279702758235250e-03 9.999987158658770747e-01 -4.283302424524796292e-04 6.095999999999999639e-04 3.640935575488974951e-01 9.611939863671728869e-04 9.313618831890793093e-01 2.783498999999999834e-01
9.082785488250297856e-01 5.584626050506323386e-04 -4.183655887663525474e-01 -5.509150000000000158e-02 -1.013404550697951084e-03 9.999991121750271272e-01 -8.652516248156225673e-04 6.118999999999999656e-04 4.183647341202586523e-01 1.209863081667282136e-03 9.082783083811971636e-01 2.995818000000000092e-01
8.929006596157165188e-01 1.615518084055802064e-03 -4.502508213864116482e-01 -6.612990000000000534e-02 -1.864974050119173280e-03 9.999982548369572566e-01 -1.104302145438748107e-04 6.367000000000000264e-04 4.502498572233096241e-01 9.383093093382316972e-04 8.929021142577888703e-01 3.212300000000000155e-01
8.635794074082199234e-01 1.439160703401491225e-03 -5.042108050378706352e-01 -7.825959999999999861e-02 -1.754026894500690641e-03 9.999984504580761158e-01 -1.499036355709665205e-04 6.794000000000000343e-04 5.042098080066681476e-01 1.013853005308982093e-03 8.635805935823028801e-01 3.426179999999999781e-01
8.564898032134262706e-01 2.088024970254709865e-03 -5.161597205741165206e-01 -9.059849999999999848e-02 -2.219387966652212017e-03 9.999974714320971625e-01 3.625554654312060279e-04 5.241999999999999481e-04 5.161591724540791626e-01 8.350336134716361200e-04 8.564922716582938911e-01 3.635785999999999740e-01
8.230110632847312813e-01 9.511690034569640715e-04 -5.680245461143937913e-01 -1.042283999999999988e-01 -1.144649789982590165e-03 9.999993447596351448e-01 1.603617226180359704e-05 7.728000000000000277e-04 5.680241891748929461e-01 6.369912302305927830e-04 8.230116127700618511e-01 3.840727999999999920e-01
8.018674233096620974e-01 1.803492534723030467e-03 -5.974992743505219694e-01 -1.201335000000000042e-01 -2.746092926195835195e-03 9.999960070509708032e-01 -6.669750785245139209e-04 9.717999999999999859e-04 5.974956856817995599e-01 2.175614118329324397e-03 8.018691740520047517e-01 4.050034000000000134e-01
7.596228351744126472e-01 4.047007016625184229e-04 -6.503637324597130176e-01 -1.371435000000000015e-01 -8.330610870240658626e-04 9.999995914935765340e-01 -3.507447864540129173e-04 8.706000000000000197e-04 6.503633248352894691e-01 8.082264670327586002e-04 7.596228620040115231e-01 4.257904000000000133e-01
7.388491277591171524e-01 2.393665472563156690e-03 -6.738666312967255267e-01 -1.562974000000000030e-01 -3.043516025460159605e-03 9.999953453582021146e-01 2.151095831777950123e-04 7.946000000000000155e-04 6.738640095893194681e-01 1.891990363470896254e-03 7.388529738403102343e-01 4.472089000000000203e-01
7.143880811258749297e-01 2.400421403056178082e-03 -6.997456020028837154e-01 -1.759602000000000110e-01 -2.526940458502335580e-03 9.999964455278298470e-01 8.505901628429662431e-04 7.190000000000000210e-04 6.997451565514473115e-01 1.160563998102227910e-03 7.143916075752827499e-01 4.679349999999999898e-01
7.004929064710847531e-01 3.214076582774718846e-03 -7.136521265262315561e-01 -1.966388000000000025e-01 -3.844691537229803086e-03 9.999923427895323069e-01 7.298693623325634358e-04 7.785000000000000036e-04 7.136490077977238888e-01 2.232503980416920223e-03 7.004998997825064855e-01 4.884512999999999772e-01
6.757029580286758597e-01 3.837448525615109844e-03 -7.371640160100808581e-01 -2.171668999999999961e-01 -3.732431830938361117e-03 9.999914423859450618e-01 1.784406765438543594e-03 5.217999999999999982e-04 7.371645552140476676e-01 1.545685508245176398e-03 6.757114986385718280e-01 5.073742999999999448e-01
6.224679465537106271e-01 3.826161311982607081e-03 -7.826359409091955266e-01 -2.400353000000000070e-01 -4.558497002509767464e-03 9.999888121939660701e-01 1.263167438950002367e-03 7.372000000000000297e-04 7.826320180124789472e-01 2.781362348814260359e-03 6.224784240479340758e-01 5.257300999999999780e-01
5.881675864977405910e-01 3.775464019926870560e-03 -8.087302616230315211e-01 -2.631517999999999913e-01 -3.904154550560666025e-03 9.999907062060711116e-01 1.828955638752026479e-03 7.795999999999999762e-04 8.087296506068440971e-01 2.081675507235463980e-03 5.881768601844298283e-01 5.435430999999999457e-01
5.017108598333857028e-01 3.342972052555908888e-03 -8.650289230211326563e-01 -2.875113000000000252e-01 -1.969135075089912049e-03 9.999943553116180661e-01 2.722471663310420224e-03 9.970000000000000563e-04 8.650331413491051391e-01 3.374651942166647864e-04 5.017146105954478630e-01 5.586759000000000031e-01
3.925782693693642411e-01 4.319588210620919216e-03 -9.197084557492367640e-01 -3.123799999999999910e-01 -2.497444709337602251e-03 9.999902906692665905e-01 3.630611122035115688e-03 1.085500000000000093e-03 9.197152087406617049e-01 8.716219859022755583e-04 3.925852456298313253e-01 5.697668999999999651e-01
3.730108011532294321e-01 4.781683825115814329e-03 -9.278146785446018674e-01 -3.363535999999999748e-01 -4.292331941226709344e-03 9.999849123232013026e-01 3.427974980296932903e-03 1.339700000000000092e-03 9.278170714691190701e-01 2.703816886522200213e-03 3.730256978610345664e-01 5.795892999999999740e-01
3.370836777186044242e-01 4.717912655316951198e-03 -9.414628699613578622e-01 -3.598888000000000087e-01 -4.664716416616646738e-03 9.999835389067848190e-01 3.341008263255848022e-03 1.301899999999999932e-03 9.414631350384636832e-01 3.265457952477241431e-03 3.371001366773795915e-01 5.882802000000000309e-01
3.262875245198079699e-01 5.145001419921102839e-03 -9.452565685056754097e-01 -3.836632999999999849e-01 -5.314009324155032424e-03 9.999793696431792389e-01 3.608544434073152844e-03 1.384500000000000097e-03 9.452556334916172309e-01 3.845679188244488424e-03 3.263081336772691854e-01 5.965749999999999664e-01
2.903541937672700080e-01 4.926731080100205280e-03 -9.569065625663891739e-01 -4.077216000000000173e-01 -4.962947338992887251e-03 9.999810501402003338e-01 3.642597179567822439e-03 1.720399999999999967e-03 9.569063754179240044e-01 3.691433511061346061e-03 2.903731427029098144e-01 6.041469999999999896e-01
2.583073615363218334e-01 5.070224947139097965e-03 -9.660494810283422051e-01 -4.323389999999999733e-01 -4.738705132706601958e-03 9.999808469738377115e-01 3.981250953073211911e-03 2.025499999999999957e-03 9.660511640952611501e-01 3.549437204895245640e-03 2.583264404696493655e-01 6.105142000000000069e-01
1.982272176134404207e-01 5.583153158107934284e-03 -9.801401933387117182e-01 -4.562975000000000225e-01 -5.490967131091049717e-03 9.999744103540061380e-01 4.585620691140101200e-03 1.967500000000000065e-03 9.801407141207834073e-01 4.472922754848766662e-03 1.982528019595943825e-01 6.155049000000000214e-01
1.605478389316898902e-01 5.862117678284038333e-03 -9.870106519134888012e-01 -4.810207000000000233e-01 -3.121427712527549084e-03 9.999803780191055536e-01 5.431414714625638906e-03 1.930400000000000085e-03 9.870231244015509331e-01 2.208880506667719804e-03 1.605629868416368344e-01 6.201712999999999809e-01
1.433040013642820631e-01 5.485243483492150719e-03 -9.896635161997802133e-01 -5.061837000000000142e-01 -4.365829628684475029e-03 9.999784143101728695e-01 4.910238829781716358e-03 2.200500000000000199e-03 9.896690874856297615e-01 3.617045429491068734e-03 1.433248556870784229e-01 6.237652999999999670e-01
1.336398037880610068e-01 5.826791975869357980e-03 -9.910128411573477791e-01 -5.317779000000000256e-01 -3.746754108096072601e-03 9.999785394013076534e-01 5.374250690189999458e-03 2.382299999999999956e-03 9.910228880692626419e-01 2.994867626037408994e-03 1.336587673546352217e-01 6.275298000000000265e-01
1.172874222744440670e-01 6.336805837588152523e-03 -9.930777942678978842e-01 -5.574225999999999903e-01 -3.912770679593322032e-03 9.999748293030504831e-01 5.918697993988831889e-03 2.213300000000000076e-03 9.930903034476903368e-01 3.191496845030765243e-03 1.173092645363655873e-01 6.307848999999999817e-01
7.872649916577352525e-02 6.791436637650770380e-03 -9.968731186653084775e-01 -5.837558999999999942e-01 -4.720343233337217712e-03 9.999681235438926397e-01 6.439740357020022274e-03 2.160599999999999934e-03 9.968850769716942617e-01 4.198605066342824682e-03 7.875604755595555506e-02 6.326549999999999674e-01
6.615159820009433589e-02 7.263584039414868951e-03 -9.977831459803654379e-01 -6.107546999999999837e-01 -4.281358653591374464e-03 9.999663650037293738e-01 6.995629300324214886e-03 2.246300000000000120e-03 9.978003988893029419e-01 3.809095447818811302e-03 6.618047119971881553e-02 6.347355000000000080e-01
5.833794853514788492e-02 7.710584428456157199e-03 -9.982671138770835562e-01 -6.362898999999999639e-01 -4.751322513994503741e-03 9.999609902162139852e-01 7.446004309468493357e-03 2.445600000000000031e-03 9.982855847376934655e-01 4.308704396946239773e-03 5.837230825777994792e-02 6.362873000000000001e-01
4.931258900717452875e-02 7.175747017565319540e-03 -9.987576168521317133e-01 -6.611350000000000282e-01 -4.219425942312203699e-03 9.999667646516250397e-01 6.976104706699257606e-03 2.502299999999999837e-03 9.987744815573367241e-01 3.870174014355320415e-03 4.934122761922099532e-02 6.376608000000000276e-01
4.150389983397008431e-02 6.166980894202990157e-03 -9.991193095147458125e-01 -6.883380000000000054e-01 -3.652105856200583631e-03 9.999752072212036991e-01 6.020553606248020204e-03 2.722299999999999980e-03 9.991316672097761975e-01 3.399013027503120649e-03 4.152539330400106810e-02 6.390824000000000504e-01
2.395753097780029331e-02 5.808923351527474355e-03 -9.996961003819828662e-01 -7.190145999999999482e-01 -3.626008764433742010e-03 9.999770456293816112e-01 5.723659211896427353e-03 2.916100000000000029e-03 9.997064012848411174e-01 3.487782078879924329e-03 2.397804425473970547e-02 6.397502000000000466e-01
2.280321200351458424e-02 5.631514496618160448e-03 -9.997241117262286592e-01 -7.535456999999999850e-01 -4.645380948058188547e-03 9.999739362186168545e-01 5.526962935723340672e-03 3.127800000000000025e-03 9.997291803074320748e-01 4.518066834368552817e-03 2.282877819573336797e-02 6.403887999999999803e-01
2.287855770378177320e-02 6.070478812048817757e-03 -9.997198211921112243e-01 -7.915986000000000411e-01 -5.539549245216992060e-03 9.999669834076501118e-01 5.945207209533492215e-03 3.292499999999999854e-03 9.997229041047095421e-01 5.401979414708976690e-03 2.291143004808993133e-02 6.410424000000000122e-01
2.233638609733358538e-02 6.257022676335222307e-03 -9.997309315627576076e-01 -8.321220999999999757e-01 -5.394826932526829329e-03 9.999666100605596464e-01 6.137964349909250106e-03 3.520800000000000145e-03 9.997359559896199510e-01 5.256275413303656413e-03 2.236939584120622992e-02 6.419557000000000180e-01
2.300662929621366537e-02 6.654998989612873929e-03 -9.997131618603783965e-01 -8.762663000000000535e-01 -6.480550980477278213e-03 9.999578266317816766e-01 6.507489287967905579e-03 3.753900000000000119e-03 9.997143079237268415e-01 6.328976717592954722e-03 2.304878708939206433e-02 6.423225000000000184e-01
2.316509379079223843e-02 8.127771944982974464e-03 -9.996986134595137186e-01 -9.205889999999999906e-01 -8.306955821718269364e-03 9.999339955222034115e-01 7.937196229026652339e-03 3.867199999999999891e-03 9.996971405954103718e-01 8.120586321959864101e-03 2.323108183334943178e-02 6.433898000000000117e-01
2.408146327071419499e-02 9.136674570417384345e-03 -9.996682471222817501e-01 -9.634975000000000067e-01 -7.705554865560028908e-03 9.999302276769916897e-01 8.953446378534153996e-03 3.605500000000000198e-03 9.996803026722866914e-01 7.487386435447986217e-03 2.415018619827147273e-02 6.440405999999999631e-01
2.552584434042519043e-02 7.890042116434735006e-03 -9.996430255376710372e-01 -1.009467499999999962e+00 -8.866961733835347984e-03 9.999313031242244021e-01 7.665899940710814257e-03 4.158799999999999823e-03 9.996348374583184926e-01 8.668117886322065577e-03 2.559405149619220499e-02 6.451415000000000344e-01
2.616297054494810120e-02 8.227891698703098181e-03 -9.996238296331567685e-01 -1.057840300000000067e+00 -9.226259372941343281e-03 9.999255240520038557e-01 7.988897753052951606e-03 4.585500000000000166e-03 9.996151134863093812e-01 9.013775430968710284e-03 2.623693469581911408e-02 6.460715999999999681e-01
2.687014650617050582e-02 1.032356615667226994e-02 -9.995856237504349151e-01 -1.105512899999999910e+00 -8.971234638197633435e-03 9.999088931829330784e-01 1.008574651416395754e-02 4.864600000000000174e-03 9.995986755572475735e-01 8.696511685174601602e-03 2.696031358694261915e-02 6.472044999999999604e-01
2.684457490483786735e-02 1.074907609404358519e-02 -9.995818256457561501e-01 -1.148655399999999993e+00 -8.986868449346235854e-03 9.999043709149157966e-01 1.051119501867207699e-02 5.128699999999999926e-03 9.995992221853978732e-01 8.700941809417656395e-03 2.693860831550942692e-02 6.482097999999999471e-01
2.720308150331346084e-02 9.858548566826639409e-03 -9.995813130390539536e-01 -1.191116999999999981e+00 -8.470456678035555992e-03 9.999177408701824810e-01 9.631347607476971676e-03 5.848899999999999759e-03 9.995940394582137900e-01 8.204907874318269692e-03 2.728435021004427252e-02 6.491255999999999693e-01
2.690955405187253277e-02 1.050055502218385714e-02 -9.995827200612039665e-01 -1.255034900000000064e+00 -7.006353073082359495e-03 9.999222476618689903e-01 1.031550519612948677e-02 6.478700000000000431e-03 9.996133186974573981e-01 6.725843817853223959e-03 2.698103236707571906e-02 6.510392999999999875e-01
2.799037834101754038e-02 1.067725946619026145e-02 -9.995511666996435007e-01 -1.295041200000000003e+00 -7.891327604551554714e-03 9.999141523527225184e-01 1.046015646987202147e-02 6.699199999999999773e-03 9.995770433883346406e-01 7.595001976840647095e-03 2.807223318525708944e-02 6.518943000000000376e-01
8.188238846165769858e-03 1.086880800065302341e-02 -9.999074065918520660e-01 -1.349640799999999974e+00 -6.794431947748777977e-03 9.999184509183924874e-01 1.081328846696266027e-02 7.447399999999999853e-03 9.999433926173550979e-01 6.705261039458326050e-03 8.261418479121429570e-03 6.532755999999999563e-01
5.715580742709679835e-03 1.077857603468419107e-02 -9.999255744481376773e-01 -1.384087099999999904e+00 -5.728942697226981767e-03 9.999258504023911254e-01 1.074583233755400588e-02 7.911500000000000130e-03 9.999672551400597964e-01 5.667097645132241311e-03 5.776906779157875427e-03 6.534501999999999811e-01
3.833388641480138179e-03 1.111818829802686641e-02 -9.999308431189094515e-01 -1.415890599999999999e+00 -4.128077456766391165e-03 9.999298459220379298e-01 1.110235159055306640e-02 8.150199999999999806e-03 9.999841319281194130e-01 4.085232343323634552e-03 3.879016456107664546e-03 6.541128000000000497e-01
5.632244861779297888e-03 8.572864424293714231e-03 -9.999473905228111192e-01 -1.448670499999999972e+00 -7.340366406795851423e-03 9.999366648767848975e-01 8.531427553834123809e-03 8.996699999999999836e-03 9.999571975033885174e-01 7.291929144953092010e-03 5.694816108887112982e-03 6.538118000000000540e-01
5.349899482507448900e-03 9.471029906941890245e-03 -9.999408373339039313e-01 -1.482076500000000019e+00 -6.629396545359279511e-03 9.999335090875114407e-01 9.435491793224233537e-03 9.173199999999999410e-03 9.999637141801552831e-01 6.578525399923274182e-03 5.412330975755219598e-03 6.540308999999999706e-01
4.069607688697495125e-03 8.923560709844041705e-03 -9.999519030220994642e-01 -1.515349899999999916e+00 -5.828027176634766222e-03 9.999434125309756283e-01 8.899766015770195840e-03 9.880899999999999753e-03 9.999747358771063910e-01 5.791528309935059168e-03 4.121384154227802910e-03 6.546889999999999654e-01
3.895232300750700160e-03 8.238610598670108656e-03 -9.999584753682156935e-01 -1.549945499999999976e+00 -5.040320557994110162e-03 9.999535210517952466e-01 8.218935745551669142e-03 1.018950000000000064e-02 9.999797109611753276e-01 5.008096596544997503e-03 3.936576492820087481e-03 6.549080999999999930e-01
4.144988383960821095e-03 8.395370100330279764e-03 -9.999561674554418023e-01 -1.585473700000000097e+00 -5.113937769499408460e-03 9.999518595863740034e-01 8.374135790770420931e-03 1.061130000000000059e-02 9.999783331211664628e-01 5.079002917015804433e-03 4.187722242750546719e-03 6.548268999999999895e-01
4.113288680918754207e-03 7.953521555964283146e-03 -9.999599103719535309e-01 -1.620737000000000094e+00 -4.370293634033666635e-03 9.999589630508539662e-01 7.935537021095021015e-03 1.097350000000000061e-02 9.999819905327190783e-01 4.337477275981548551e-03 4.147879108724494834e-03 6.549842000000000164e-01
3.832287511529877243e-03 7.601087554469531347e-03 -9.999637678638254590e-01 -1.639144099999999993e+00 -4.087074313946579239e-03 9.999628779443495707e-01 7.585417378497697274e-03 1.117890000000000029e-02 9.999843045748176840e-01 4.057856730224119329e-03 3.863211458841497858e-03 6.551675000000000137e-01
2.356551519716932816e-03 7.215232363594053545e-03 -9.999711931285191202e-01 -1.677621699999999993e+00 -2.735256254667690727e-03 9.999702754918469161e-01 7.208779784469867766e-03 1.139510000000000002e-02 9.999934824978391479e-01 2.718189599535898986e-03 2.376216981833434438e-03 6.555579000000000267e-01
2.341666259494516213e-03 6.698660177496599394e-03 -9.999748219585109510e-01 -1.698504999999999932e+00 -3.378911247249024707e-03 9.999719081630480400e-01 6.690728176797215709e-03 1.177770000000000032e-02 9.999915497432527722e-01 3.363158720458398008e-03 2.364234656002994761e-03 6.554600999999999900e-01
1.361900450742040787e-03 8.581678183120576564e-03 -9.999622493008042401e-01 -1.739330100000000101e+00 -2.735720909091325734e-03 9.999594666664117781e-01 8.577928382350923781e-03 1.187550000000000064e-02 9.999953305182329721e-01 2.723935349183845712e-03 1.385322324817361839e-03 6.557174000000000058e-01
1.589720286920957458e-03 8.824808861086870168e-03 -9.999597969608453596e-01 -1.759175200000000050e+00 -2.214478750834707969e-03 9.999586397128927828e-01 8.821278104852597196e-03 1.231860000000000073e-02 9.999962844297332065e-01 2.200366357298922260e-03 1.609196887336517001e-03 6.556106000000000433e-01
1.440462711913748214e-03 9.697276937704245314e-03 -9.999519427888368117e-01 -1.778116500000000100e+00 -2.144166306468512327e-03 9.999507115340952046e-01 9.694176257263370858e-03 1.230219999999999925e-02 9.999966638034478716e-01 2.130099164394244626e-03 1.461184288190753300e-03 6.556218000000000323e-01
1.261787704952282421e-03 8.436385027960568994e-03 -9.999636169878619585e-01 -1.815790400000000027e+00 -3.081117560687279128e-03 9.999596993196647743e-01 8.432464118093146999e-03 1.281500000000000000e-02 9.999944572878215476e-01 3.070365480803009632e-03 1.287730348107696265e-03 6.556446999999999692e-01
1.747766773738302368e-03 8.439426358938031947e-03 -9.999628600073287021e-01 -1.835115199999999946e+00 -1.995208124827695106e-03 9.999624263632500565e-01 8.435935411109719492e-03 1.299259999999999998e-02 9.999964822217342064e-01 1.980389975195622539e-03 1.764539515824670168e-03 6.555398000000000058e-01
1.756955815205398994e-03 7.999092397334036514e-03 -9.999664632511843232e-01 -1.855175699999999983e+00 -2.671421238996318608e-03 9.999644760453338943e-01 7.994382774464667274e-03 1.324819999999999991e-02 9.999948882943486828e-01 2.657285870908672985e-03 1.778262346509573710e-03 6.554084999999999495e-01
1.296147235508933633e-03 7.596336870283911316e-03 -9.999703073934230746e-01 -1.875951200000000041e+00 -2.529167505322928600e-03 9.999679740081776069e-01 7.593040873766646395e-03 1.333349999999999987e-02 9.999959616488828251e-01 2.519250708809585900e-03 1.315318133479959073e-03 6.553845999999999838e-01
6.444544451138939107e-04 8.185449356760673978e-03 -9.999662909804989397e-01 -1.896390299999999973e+00 -1.902506881505810175e-03 9.999646989623648397e-01 8.184210204589609933e-03 1.332949999999999934e-02 9.999979825709819359e-01 1.897168399218147547e-03 6.600045689327815879e-04 6.555912000000000406e-01
9.857818213343276167e-04 9.414996499298815963e-03 -9.999551920336826605e-01 -1.937120200000000070e+00 -1.668763055708530861e-03 9.999543010575138169e-01 9.413343000386951986e-03 1.382360000000000012e-02 9.999981217302684744e-01 1.659408779421970778e-03 1.001448170475205401e-03 6.553132999999999875e-01
6.846145704386208744e-04 9.508519645195848136e-03 -9.999545586460649726e-01 -1.956174899999999939e+00 -4.788601936397971284e-04 9.999546814528575966e-01 9.508192963396014386e-03 1.428109999999999970e-02 9.999996509978414938e-01 4.723289861429703917e-04 6.891367962594818763e-04 6.552913000000000210e-01
7.661025116037535609e-04 1.069611704679037170e-02 -9.999425014304889059e-01 -1.974327100000000002e+00 -2.417939470012418768e-05 9.999427947761027058e-01 1.069610165966964656e-02 1.416959999999999921e-02 9.999997062511062351e-01 1.598369407367419837e-05 7.663173121739141891e-04 6.554199000000000552e-01
7.728988348398293726e-05 1.052511482142307747e-02 -9.999446064579122773e-01 -2.008856499999999823e+00 6.318968561840375767e-04 9.999444092947906704e-01 1.052516158808353836e-02 1.453379999999999950e-02 9.999997973662977380e-01 -6.326753416917305431e-04 7.063479991820109660e-05 6.558135999999999965e-01
-1.873561743282230944e-04 1.084566798431759599e-02 -9.999411664611262962e-01 -2.043396200000000107e+00 8.661031128799397821e-04 9.999408107258617173e-01 1.084550184659075281e-02 1.466489999999999981e-02 9.999996073814537700e-01 -8.640201852341310509e-04 -1.967385516546960034e-04 6.557288999999999479e-01
-3.520657488784734862e-04 1.042719584637515941e-02 -9.999455733371137578e-01 -2.076790299999999867e+00 1.127140370061318828e-03 9.999450042582376241e-01 1.042679306303763084e-02 1.512269999999999934e-02 9.999993028019039665e-01 -1.123408106864229490e-03 -3.637993001464057130e-04 6.556612000000000551e-01
-5.256980430167858872e-04 1.038736217617883609e-02 -9.999459117115225837e-01 -2.107448600000000116e+00 1.465046342959397223e-03 9.999449847599836128e-01 1.038658233342169834e-02 1.563499999999999959e-02 9.999987886396564107e-01 -1.459506895103852321e-03 -5.408870885820205032e-04 6.557093999999999978e-01
-7.819620535848203699e-04 1.050690461670721401e-02 -9.999444952049698632e-01 -2.135248199999999930e+00 1.824366399449097072e-03 9.999431518425500043e-01 1.050546383686000798e-02 1.581710000000000060e-02 9.999980301093533974e-01 -1.816050264290303660e-03 -8.010860442277945026e-04 6.557984999999999509e-01
-3.446786154055053188e-04 1.069675835218764429e-02 -9.999427286386990410e-01 -2.161264399999999863e+00 1.290068776707870013e-03 9.999419607018269485e-01 1.069630545269458985e-02 1.590690000000000159e-02 9.999991084592043666e-01 -1.286308104959465494e-03 -3.584581644626716468e-04 6.554775999999999936e-01
-9.003053942696837703e-03 1.098814839597994988e-02 -9.998990977166311023e-01 -2.185379499999999808e+00 2.526420866934316577e-03 9.999366820600317229e-01 1.096581362134587886e-02 1.607710000000000042e-02 9.999562801529415790e-01 -2.427440133741556351e-03 -9.030244575264356754e-03 6.553738999999999537e-01
-1.588294004153538788e-02 1.048088880646706571e-02 -9.998189251986898674e-01 -2.209337500000000176e+00 2.529206448217889008e-03 9.999422821739682998e-01 1.044200342167542553e-02 1.628040000000000043e-02 9.998706593006813081e-01 -2.362898758402827946e-03 -1.590853164431760280e-02 6.549551000000000123e-01
-1.638522457811140629e-02 1.084856897965342376e-02 -9.998068978390869388e-01 -2.233046100000000145e+00 2.446741777337680009e-03 9.999385778758964616e-01 1.080989963897642167e-02 1.658499999999999905e-02 9.998627595176249327e-01 -2.269146672961806603e-03 -1.641076180976075438e-02 6.544883999999999702e-01
-2.926336877933025798e-02 1.150417938220359496e-02 -9.995055323030621608e-01 -2.254687099999999944e+00 1.992711311395210273e-03 9.999324524215826848e-01 1.145075088318596793e-02 1.646709999999999841e-02 9.995697496169615448e-01 -1.656638434127493710e-03 -2.928431661801611519e-02 6.537593999999999905e-01
-3.765776269353859201e-02 1.094304881006062831e-02 -9.992307754426189570e-01 -2.276522200000000051e+00 2.021317477753491187e-03 9.999388265200913617e-01 1.087462612124336092e-02 1.672320000000000056e-02 9.992886505832893063e-01 -1.610248540856601580e-03 -3.767757841296870414e-02 6.529937000000000102e-01
-6.954277464987863866e-02 1.030902336961469351e-02 -9.975257021907560917e-01 -2.297270800000000168e+00 2.385908280925205793e-03 9.999454612090153960e-01 1.016769635484407117e-02 1.704610000000000153e-02 9.975761173643199475e-01 -1.672915016979342057e-03 -6.956357825525338878e-02 6.514845999999999693e-01
-1.011461858249966400e-01 1.058456466114659697e-02 -9.948152673154897485e-01 -2.318274699999999910e+00 3.790978292655636673e-03 9.999402437706649271e-01 1.025365161529120071e-02 1.730049999999999991e-02 9.948643513447650299e-01 -2.734205331930415848e-03 -1.011802675651877204e-01 6.496980999999999451e-01
-1.159881370684828078e-01 1.024703811444377735e-02 -9.931977397624625059e-01 -2.340027099999999916e+00 3.263238231748480118e-03 9.999453164155881479e-01 9.935565146089626876e-03 1.748059999999999892e-02 9.932452382647629641e-01 -2.088633144061561621e-03 -1.160152329479359201e-01 6.472575999999999885e-01
-1.295286684364669871e-01 1.081574647153380614e-02 -9.915166885541257802e-01 -2.361746500000000193e+00 2.977624407422922552e-03 9.999402441406685105e-01 1.051864538752273620e-02 1.759720000000000034e-02 9.915712066240951472e-01 -1.589898161404712691e-03 -1.295531335702546638e-01 6.444737000000000382e-01
-1.375212262556288756e-01 1.046628915451538328e-02 -9.904435214188045400e-01 -2.382644899999999843e+00 2.780319509028846264e-03 9.999443106002937620e-01 1.018064445557357797e-02 1.802839999999999998e-02 9.904949177823052509e-01 -1.353694735588884847e-03 -1.375426674090153289e-01 6.414725999999999484e-01
-1.684014029006958846e-01 9.923222498045192533e-03 -9.856685533973028601e-01 -2.402677100000000010e+00 2.810435524774023298e-03 9.999500957372013943e-01 9.586839276994833098e-03 1.825730000000000061e-02 9.857144966739803671e-01 -1.155720734490978292e-03 -1.684208875298586205e-01 6.378757000000000454e-01
-1.982601653173609590e-01 1.034953776966004990e-02 -9.800947882303460146e-01 -2.422836300000000165e+00 4.125152821185006265e-03 9.999442053133720254e-01 9.724678627630746475e-03 1.844559999999999950e-02 9.801407500775255466e-01 -2.115024388324854114e-03 -1.982917968784947416e-01 6.338662999999999936e-01
-2.125982522813542885e-01 1.039828129020149705e-02 -9.770843663026868020e-01 -2.442027599999999854e+00 3.456032901615366942e-03 9.999451244139447859e-01 9.889590353672688544e-03 1.869240000000000138e-02 9.771335829678028384e-01 -1.274326092626731043e-03 -2.126225226299252036e-01 6.298076999999999703e-01
-2.386357843672090306e-01 1.075318415526873433e-02 -9.710496029812119012e-01 -2.460519999999999818e+00 5.219672244235280291e-03 9.999384500771915096e-01 9.790356422868681102e-03 1.901850000000000068e-02 9.710951124586659766e-01 -2.732231276250908763e-03 -2.386772244499743012e-01 6.253378000000000547e-01
-3.617979986852258301e-01 1.188839548740256574e-02 -9.321807089830280724e-01 -2.486504599999999954e+00 8.965836024590171510e-03 9.999168144070367248e-01 9.272434980303067426e-03 1.902370000000000103e-02 9.322133993521795059e-01 -5.003030963215511148e-03 -3.618744917087077795e-01 6.160558000000000423e-01
-4.924981783123119072e-01 1.288838540147836144e-02 -8.702180381265361975e-01 -2.502362999999999893e+00 1.067174293212016546e-02 9.999046006902813089e-01 8.769459572856554141e-03 1.912950000000000067e-02 8.702480441011318790e-01 -4.967800333365024468e-03 -4.925887358618777911e-01 6.068521000000000054e-01
-6.147872255781059447e-01 1.283925443236459511e-02 -7.885884990358378310e-01 -2.515577599999999858e+00 1.091266054999698136e-02 9.999102486533467671e-01 7.772289091553731544e-03 1.929319999999999993e-02 7.886175125532624008e-01 -3.827294556622421948e-03 -6.148721580220405381e-01 5.960573999999999595e-01
-6.332838855460685146e-01 1.063501460723693254e-02 -7.738465072428626357e-01 -2.528569500000000136e+00 8.691123166896283503e-03 9.999402534226004002e-01 6.629778521455416407e-03 1.954320000000000015e-02 7.738707803540405550e-01 -2.527063404343062036e-03 -6.333384792232180649e-01 5.850433000000000439e-01
-6.420350550618912910e-01 1.048906602588705293e-02 -7.666035269717837997e-01 -2.546873100000000001e+00 8.777148991892786897e-03 9.999414395918938547e-01 6.330801091895113530e-03 1.967819999999999986e-02 7.666250385470382289e-01 -2.663997146321085002e-03 -6.420895213223434261e-01 5.693538999999999684e-01
-6.468361846436158080e-01 1.072182037331970150e-02 -7.625535999545030030e-01 -2.558474799999999938e+00 8.992857972294768937e-03 9.999388811689575718e-01 6.431363157479517978e-03 1.977320000000000119e-02 7.625759494903967539e-01 -2.697497813811358669e-03 -6.468930705799561531e-01 5.595455999999999763e-01
-6.542878262398402756e-01 1.101625676521991726e-02 -7.561653804038026561e-01 -2.569413400000000181e+00 8.847010023232383669e-03 9.999369711768285596e-01 6.912603515260287365e-03 1.975129999999999941e-02 7.561938712049931510e-01 -2.166970371996238768e-03 -6.543440481821574117e-01 5.498254999999999670e-01
-6.613225020899006212e-01 1.050110171410226743e-02 -7.500281828653792005e-01 -2.580100100000000118e+00 8.603051870815463589e-03 9.999424187631584804e-01 6.414565970681686616e-03 1.998110000000000164e-02 7.500523553246538633e-01 -2.210434544212376822e-03 -6.613747638450263588e-01 5.404273000000000549e-01
-6.748003863454353768e-01 9.991970530393556524e-03 -7.379326521526005100e-01 -2.600348199999999999e+00 8.617042748614313005e-03 9.999468544053777830e-01 5.659941612658833318e-03 2.026150000000000173e-02 7.379499882528081089e-01 -2.539466422282506478e-03 -6.748506249148550351e-01 5.219361000000000139e-01
-6.816267715431123531e-01 1.028215004029712186e-02 -7.316277890473146250e-01 -2.609795599999999993e+00 9.149300719020045727e-03 9.999428587149054026e-01 5.528978333798592430e-03 2.031629999999999894e-02 7.316428326800352711e-01 -2.925183004786690612e-03 -6.816818969961883079e-01 5.131961000000000439e-01
-6.973627072146953987e-01 1.019889312036503792e-02 -7.166458240758191156e-01 -2.619085099999999944e+00 8.802205515220564574e-03 9.999452113481706039e-01 5.665287276936600142e-03 2.032180000000000097e-02 7.166643396767125029e-01 -2.357303752546483725e-03 -6.974142724054043230e-01 5.039571999999999941e-01
-7.045003692553394314e-01 1.059423210967808462e-02 -7.096245429557068718e-01 -2.628936500000000009e+00 9.490703918216547574e-03 9.999398019094756229e-01 5.506277905754085843e-03 2.027409999999999976e-02 7.096401596994257321e-01 -2.855661612466084583e-03 -7.045585063985303487e-01 4.940599999999999992e-01
-7.196295594653907557e-01 1.117704693853836112e-02 -6.942682268153862468e-01 -2.638451100000000160e+00 1.027496863125084564e-02 9.999323718593725596e-01 5.447635020483447554e-03 2.028539999999999857e-02 6.942821632184380531e-01 -3.213305062283503075e-03 -7.196957360630270584e-01 4.841581999999999830e-01
-7.605878184795091812e-01 1.175361828404024311e-02 -6.491286643168778792e-01 -2.647670000000000190e+00 1.125201783636102862e-02 9.999245833998769983e-01 4.921342011327804571e-03 2.036220000000000044e-02 6.491375528154190722e-01 -3.560894524599344212e-03 -7.606627094547183665e-01 4.729398000000000213e-01
-8.061133330477540104e-01 1.102397871830276994e-02 -5.916584877916134522e-01 -2.656298899999999907e+00 1.065676334690350731e-02 9.999347616817726436e-01 4.111663335512399757e-03 2.043880000000000002e-02 5.916652158760126179e-01 -2.990697850821877422e-03 -8.061782235019475662e-01 4.604186000000000112e-01
-8.225816393449149055e-01 1.126997021337771028e-02 -5.685353413676429435e-01 -2.665653900000000132e+00 1.067701991842323790e-02 9.999334345780731548e-01 4.373517870074792105e-03 2.035669999999999841e-02 5.685467859888878595e-01 -2.472687664839475028e-03 -8.226472135474709457e-01 4.467087000000000141e-01
-8.326074828843178510e-01 1.136337443355380818e-02 -5.537469215864971872e-01 -2.675335599999999925e+00 1.122245527803281302e-02 9.999303809989068537e-01 3.645497622214115881e-03 2.047689999999999927e-02 5.537497954334358319e-01 -3.179131463760346502e-03 -8.326770425444448565e-01 4.321471000000000062e-01
-8.391364049822580551e-01 1.220723292582950176e-02 -5.437840355304186524e-01 -2.684963499999999836e+00 1.162859075693977243e-02 9.999222493057851047e-01 4.502357190053577277e-03 2.053939999999999932e-02 5.437967172670874483e-01 -2.545350182932854671e-03 -8.392131144601988613e-01 4.171532000000000018e-01
-8.417562377934055817e-01 1.148628312322780981e-02 -5.397355847411813290e-01 -2.694447799999999837e+00 1.096354149844941048e-02 9.999311558590089355e-01 4.181423235950970652e-03 2.068410000000000040e-02 5.397464561196336774e-01 -2.397674389783784488e-03 -8.418242181499753229e-01 4.023564000000000029e-01
-8.475046487698996156e-01 1.222575189296951428e-02 -5.306471532987439010e-01 -2.703273100000000095e+00 1.150622698242805692e-02 9.999229389724437755e-01 4.660778619430724565e-03 2.058130000000000029e-02 5.306632426068701447e-01 -2.155715046579750362e-03 -8.475800114671181440e-01 3.881794000000000078e-01
-8.596400752569501869e-01 1.269638721088436895e-02 -5.107423447923783444e-01 -2.711378799999999867e+00 1.216099350368440163e-02 9.999164233976404192e-01 4.388217938310152479e-03 2.067360000000000031e-02 5.107553731966300026e-01 -2.438846338343814927e-03 -8.597226301425998640e-01 3.746417000000000219e-01
-8.676239079465742909e-01 1.296936877621424414e-02 -4.970518582935400942e-01 -2.718718799999999991e+00 1.249522061643785001e-02 9.999127742803294305e-01 4.279403318404818336e-03 2.071869999999999962e-02 4.970640037472653927e-01 -2.497859996394261213e-03 -8.677102839509149845e-01 3.615450000000000053e-01
-8.724360946431185537e-01 1.214849176422432529e-02 -4.885771944245027032e-01 -2.725700100000000070e+00 1.159213482007764341e-02 9.999241411133192869e-01 4.163463594642920901e-03 2.078839999999999855e-02 4.885907113056662809e-01 -2.031296789085053952e-03 -8.725107395666703569e-01 3.488758000000000137e-01
-8.769907918199043584e-01 1.239607771176628667e-02 -4.803472580544833059e-01 -2.732458799999999854e+00 1.212167931318352057e-02 9.999197824885622810e-01 3.673347064270634371e-03 2.095549999999999843e-02 4.803542608884872056e-01 -2.601123870579430918e-03 -8.770707030797941783e-01 3.365742999999999929e-01
-8.811388027804146761e-01 1.296290277233007847e-02 -4.726799904654446771e-01 -2.738573099999999982e+00 1.251762247703295562e-02 9.999132975259759082e-01 4.087365686067470118e-03 2.083149999999999932e-02 4.726919920648330886e-01 -2.315293165946734170e-03 -8.812246705893654886e-01 3.247960999999999765e-01
-8.854008513086184529e-01 1.213250075517306563e-02 -4.646699204030749208e-01 -2.744543600000000083e+00 1.197485465952197702e-02 9.999228846017237382e-01 3.290547925678458368e-03 2.105910000000000074e-02 4.646740097722892870e-01 -2.650900826810952040e-03 -8.854778582025354394e-01 3.133635000000000170e-01
-9.032263374347777596e-01 1.248820633090478444e-02 -4.289827829491459354e-01 -2.750115399999999877e+00 1.245003564737269183e-02 9.999183039110096649e-01 2.895188440994896778e-03 2.107759999999999842e-02 4.289838924441528034e-01 -2.725840488082683852e-03 -9.033080259895277520e-01 3.010240000000000138e-01
-9.259385628703684645e-01 1.210666655256657787e-02 -3.774800741953697192e-01 -2.755536300000000161e+00 1.250340800863440974e-02 9.999208498232853293e-01 1.399598816967690491e-03 2.110460000000000114e-02 3.774671410569752639e-01 -3.423844865616166092e-03 -9.260166492610216737e-01 2.864376000000000144e-01
-9.363860089233511097e-01 1.288292997351023379e-02 -3.507353309946061315e-01 -2.761830100000000066e+00 1.313515061033087260e-02 9.999123522259979469e-01 1.660025396100012034e-03 2.111520000000000064e-02 3.507259758145127582e-01 -3.052536841612905893e-03 -9.364731559995668198e-01 2.702429000000000081e-01
-9.510554883748336685e-01 1.243729425761324649e-02 -3.087697714214524547e-01 -2.766889299999999885e+00 1.271595747444277495e-02 9.999185329685641443e-01 1.109888058612538281e-03 2.118000000000000091e-02 3.087584208691556142e-01 -2.870738153163462231e-03 -9.511361608123419797e-01 2.534106999999999887e-01
