9.999999668904805405e-01 -3.600132436303324173e-05 -2.547998085749606195e-04 -4.589999999999999761e-05 3.599867444307718197e-05 9.999999992979200503e-01 -1.040458622747323434e-05 -1.360000000000000023e-05 2.548001829749543747e-04 1.039541342762533492e-05 9.999999674844005648e-01 -1.425999999999999967e-04
9.999809629709784931e-01 4.067998505371280167e-03 4.639513314448233568e-03 -3.004099999999999999e-03 -4.068763045588370299e-03 9.999917104805809975e-01 1.553621599214207317e-04 9.313000000000000314e-04 -4.638842842078167404e-03 -1.742362826108156666e-04 9.999892253313553692e-01 1.964530000000000096e-02
9.999831469393143379e-01 3.820408989942287829e-03 4.371534341069089474e-03 -2.907100000000000135e-03 -3.820758701932444081e-03 9.999926983080255072e-01 7.164897656320885484e-05 9.278999999999999488e-04 -4.371228693077693767e-03 -8.835034693309502438e-05 9.999904422312889674e-01 3.812600000000000017e-02
9.999799027701811172e-01 4.155243185701195177e-03 4.788320144554402726e-03 -3.049399999999999854e-03 -4.155114856587460367e-03 9.999913667977814447e-01 -3.674824404595220347e-05 7.582999999999999463e-04 -4.788431503908966748e-03 1.685148533731116433e-05 9.999885352541597605e-01 5.850989999999999663e-02
9.999268470768176709e-01 6.152720261596328344e-03 -1.041367026541907548e-02 -1.085069999999999958e-02 -6.114234592654347114e-03 9.999743755198258199e-01 3.723498231536795811e-03 -3.111200000000000163e-03 1.043631306354501562e-02 -3.659554223783373968e-03 9.999388436462115504e-01 2.007190000000000085e-01
9.998709297454677625e-01 6.304433900497662460e-03 -1.477761696377963112e-02 -1.201089999999999970e-02 -6.250339463908013288e-03 9.999736068523723542e-01 3.703897304597951728e-03 -2.678100000000000099e-03 1.480057791168458946e-02 -3.611054119138857894e-03 9.998839448564162957e-01 2.245311000000000112e-01
9.997391584165756795e-01 6.756380596583488538e-03 -2.181665532915430875e-02 -1.318910000000000048e-02 -6.658310235634561092e-03 9.999674145782231349e-01 4.564721957596088245e-03 -4.018100000000000144e-03 2.184678542310174512e-02 -4.418269228807357452e-03 9.997515675725138218e-01 2.454738999999999949e-01
9.987137834984075591e-01 6.808617195298781802e-03 -5.024362031326721351e-02 -1.709830000000000030e-02 -6.531040214006951158e-03 9.999625025929536060e-01 5.686732080924687856e-03 -5.601499999999999709e-03 5.028045508961608706e-02 -5.351274607518822189e-03 9.987208016738491345e-01 2.863966000000000012e-01
9.972822739894263711e-01 6.897137118648825373e-03 -7.335186082196831769e-02 -2.414010000000000114e-02 -6.304976287912604678e-03 9.999456657503522639e-01 8.301374650845988468e-03 -8.026699999999999460e-03 7.340513102289045189e-02 -7.816332045877092544e-03 9.972715736913696505e-01 3.418592999999999771e-01
9.964585050686266543e-01 7.442591537607005925e-03 -8.375592819378208098e-02 -2.781950000000000048e-02 -6.807871892120788762e-03 9.999459252638589479e-01 7.861261254112414734e-03 -6.934899999999999919e-03 8.380990727054954403e-02 -7.263221007877838399e-03 9.964552900476230102e-01 3.802538999999999780e-01
9.872292746240706185e-01 7.132012080279436818e-03 -1.591461395350763919e-01 -4.771190000000000153e-02 -5.613753034987717556e-03 9.999343649932785905e-01 9.987566387802222431e-03 -1.015500000000000083e-02 1.592069254212687412e-01 -8.966610796468122216e-03 9.872045151784564210e-01 4.863610999999999907e-01
9.765806942450551142e-01 8.004465363709757295e-03 -2.150025026879624768e-01 -6.054160000000000097e-02 -5.301475426802855148e-03 9.998995383804141213e-01 1.314562683685173601e-02 -1.628949999999999843e-02 2.150861269030272804e-01 -1.169793489791774894e-02 9.765250208432852963e-01 5.195315999999999823e-01
9.620646346107966096e-01 7.246334259579868126e-03 -2.727253737205116435e-01 -8.184410000000000296e-02 -4.662160613195324640e-03 9.999379005994527558e-01 1.012221335358629536e-02 -9.469599999999999893e-03 2.727817865796964281e-01 -8.466733995891781092e-03 9.620386745478747281e-01 6.116825000000000179e-01
9.543693957342400669e-01 9.080069164419656350e-03 -2.984905506541717934e-01 -9.742259999999999809e-02 -6.292537898644257055e-03 9.999271698721422519e-01 1.029849106821152833e-02 -9.392499999999999807e-03 2.985623225603918907e-01 -7.950301595364936066e-03 9.543570255684646897e-01 6.585661000000000431e-01
9.441656901038963934e-01 9.275700288071123817e-03 -3.293404181311472834e-01 -1.148433999999999983e-01 -6.112321067163130513e-03 9.999247193646574328e-01 1.063932021714447326e-02 -9.021599999999999411e-03 3.294143123208294610e-01 -8.032246739045220685e-03 9.441513087691602024e-01 7.084175000000000333e-01
9.336082189896555139e-01 8.970443202703000038e-03 -3.581832276694573713e-01 -1.347397999999999929e-01 -5.471142305845040285e-03 9.999269062963666022e-01 1.078186748417768633e-02 -8.147099999999999134e-03 3.582537648606535785e-01 -8.106368689139114778e-03 9.335890566784955658e-01 7.600209999999999466e-01
9.109122295169497230e-01 8.601090410654373825e-03 -4.125105227266423480e-01 -1.587811000000000083e-01 -4.627112332601031851e-03 9.999327779150031237e-01 1.063153246933037401e-02 -7.490300000000000083e-03 4.125742356811940015e-01 -7.775660417783427855e-03 9.108907943091454351e-01 8.143209000000000142e-01
8.959108811871605571e-01 9.403628664263594464e-03 -4.441342868304475333e-01 -1.872257999999999978e-01 -5.139121050055938528e-03 9.999284208162205756e-01 1.080475260300746421e-02 -6.123599999999999877e-03 4.442040999419956115e-01 -7.397635563067750906e-03 8.958950790035614675e-01 8.704125999999999808e-01
8.672961584685254799e-01 9.582975574877649477e-03 -4.977002512405129253e-01 -2.184187999999999963e-01 -4.714330613503762632e-03 9.999279673562976312e-01 1.103789769701224791e-02 -5.309999999999999616e-03 4.977701764796731987e-01 -7.226802739415641615e-03 8.672788621484791571e-01 9.248170999999999475e-01
8.602955806971421815e-01 9.931828465631930766e-03 -5.096988057826860041e-01 -2.496630999999999989e-01 -4.957045463916972747e-03 9.999259118801222535e-01 1.111748402178395871e-02 -4.585999999999999799e-03 5.097714601007353741e-01 -7.037722219242868379e-03 8.602810755402732212e-01 9.789527000000000090e-01
8.070029106510305805e-01 1.016998966324026039e-02 -5.904598830665926945e-01 -3.267841000000000218e-01 -5.699134324178225727e-03 9.999392618188849280e-01 9.433585800671445351e-03 -7.877000000000000104e-04 5.905199590773538842e-01 -4.247821012383008396e-03 8.070118548992493146e-01 1.086892399999999981e+00
7.657467608106677259e-01 9.081710879898887909e-03 -6.430780830003957060e-01 -3.717449999999999921e-01 -3.837114698926152173e-03 9.999470122169600295e-01 9.552450427093265792e-03 1.067000000000000050e-04 6.431307603114293503e-01 -4.847193607513075944e-03 7.657410331537509718e-01 1.141338799999999987e+00
7.216646097714792818e-01 1.048782904617542866e-02 -6.921634174422082175e-01 -4.729282000000000208e-01 -5.211722978382297283e-03 9.999392025381554916e-01 9.717467311712467068e-03 2.790599999999999851e-03 6.922232507991732398e-01 -3.405388267994908028e-03 7.216753940545354018e-01 1.250292900000000040e+00
7.078791690729980823e-01 1.137451177468232558e-02 -7.062419574582137205e-01 -5.251677000000000151e-01 -6.294686423970605876e-03 9.999322120535599767e-01 9.795316253100521536e-03 3.127500000000000072e-03 7.063054997062854223e-01 -2.488328668401386043e-03 7.079027823826462562e-01 1.302720099999999936e+00
6.833810817142668137e-01 1.133882889346560230e-02 -7.299737859090308367e-01 -5.783450999999999453e-01 -6.171996790370528480e-03 9.999333796369891392e-01 9.754114176526787472e-03 4.590699999999999642e-03 7.300357550220800684e-01 -2.160381233434181987e-03 6.834055378340652132e-01 1.352925900000000015e+00
6.316920719299632392e-01 1.173598553028733053e-02 -7.751305650691778792e-01 -6.361392999999999631e-01 -7.444825903481651005e-03 9.999311301617640479e-01 9.072458359459120714e-03 6.479600000000000290e-03 7.751836561925805613e-01 3.971209082233740501e-05 6.317359397682332789e-01 1.398962400000000050e+00
5.988558889480698477e-01 1.152603993947766067e-02 -8.007738598852552903e-01 -6.975244000000000444e-01 -8.136050547910750330e-03 9.999323874856644867e-01 8.308136897094531292e-03 8.845199999999999244e-03 8.008154774688728272e-01 1.539759894460235399e-03 5.989091752392583512e-01 1.445705400000000029e+00
5.138456747845143724e-01 1.132756041698721600e-02 -8.578078507919162377e-01 -7.591934999999999656e-01 -6.488844779545473868e-03 9.999355381095244022e-01 9.317430925040051312e-03 1.032010000000000045e-02 8.578580986379238382e-01 7.784604135289436427e-04 5.138860541021817996e-01 1.483924000000000021e+00
4.064183176593017532e-01 1.184554063255700146e-02 -9.136103295377659972e-01 -8.222909999999999942e-01 -6.891525130353425010e-03 9.999272556050975425e-01 9.899009012805288360e-03 1.158900000000000034e-02 9.136611286206504090e-01 2.273029955881397234e-03 4.064703868456582825e-01 1.511975199999999964e+00
3.866374372520948177e-01 1.287073428621330999e-02 -9.221419827304611072e-01 -8.815043999999999658e-01 -9.046100384869018227e-03 9.999074336784420369e-01 1.016327419775782739e-02 1.270740000000000064e-02 9.221874322408429858e-01 4.412286654970479401e-03 3.867180776011318599e-01 1.537393199999999904e+00
3.512876876895381084e-01 1.292399377352872365e-02 -9.361783648764158139e-01 -9.395816999999999641e-01 -9.301856329524965314e-03 9.999035506595732592e-01 1.031333346707818260e-02 1.293000000000000052e-02 9.362213605481145562e-01 5.085249582868996143e-03 3.513740233570454841e-01 1.559498100000000109e+00
3.406084410664341755e-01 1.326154775373001096e-02 -9.401117067803534955e-01 -9.979069000000000411e-01 -1.004838985963282458e-02 9.998947588865217950e-01 1.046427314691349315e-02 1.386259999999999923e-02 9.401515408355838321e-01 5.882389177870256738e-03 3.407058522568078285e-01 1.580659400000000048e+00
3.052354450492273386e-01 1.265834423074793137e-02 -9.521927795393829719e-01 -1.056757500000000016e+00 -1.076017580610996206e-02 9.998936594942109402e-01 9.843186470672482188e-03 1.539060000000000081e-02 9.522161213202713359e-01 7.241272306074019414e-03 3.053391921669531550e-01 1.599638499999999963e+00
2.731938995085360089e-01 1.253927290769162907e-02 -9.618772582332251186e-01 -1.116814900000000055e+00 -9.733411530488391902e-03 9.998998843032079753e-01 1.027044645619058089e-02 1.650880000000000056e-02 9.619097431522867225e-01 6.556523879141504252e-03 2.732885984144310942e-01 1.616532599999999986e+00
2.137109361230507543e-01 1.317185149005346487e-02 -9.768081378191590947e-01 -1.175540199999999924e+00 -1.086462040337700732e-02 9.998793017657972015e-01 1.110594092513441516e-02 1.679380000000000109e-02 9.768365246062924445e-01 8.239188592696958940e-03 2.138282487568800017e-01 1.629489100000000024e+00
1.764323126622117932e-01 1.322752419590835643e-02 -9.842238930509210615e-01 -1.236453199999999919e+00 -8.558773109923166478e-03 9.998925170453950573e-01 1.190385481587228830e-02 1.718340000000000145e-02 9.842755642865046450e-01 6.323524355228555410e-03 1.765265605743578936e-01 1.641316100000000056e+00
1.598871823961615091e-01 1.308717166121071453e-02 -9.870485372276920355e-01 -1.298090200000000083e+00 -1.007337307655466023e-02 9.998816794257117113e-01 1.162558831538110932e-02 1.857850000000000126e-02 9.870838951478628776e-01 8.084125600718070070e-03 1.600000964155793293e-01 1.650659400000000110e+00
1.502535159846046520e-01 1.307811637777451033e-02 -9.885609965026304069e-01 -1.360101000000000004e+00 -1.029789417408796467e-02 9.998789606871694158e-01 1.166264767217149202e-02 1.981640000000000137e-02 9.885938672224522383e-01 8.427742708181596917e-03 1.503700064607341735e-01 1.660564099999999987e+00
1.342923230446972649e-01 1.218313351129820046e-02 -9.908668645328213564e-01 -1.422531500000000060e+00 -1.086265322023738378e-02 9.998824391519446353e-01 1.082176698024077920e-02 2.091760000000000147e-02 9.908822204158653779e-01 9.310162909619038377e-03 1.344088766797818524e-01 1.669525900000000007e+00
9.502597308732298187e-02 1.283398038949505604e-02 -9.953920601381996969e-01 -1.485081799999999896e+00 -1.071655854211810491e-02 9.998721367515277514e-01 1.186867814659817687e-02 2.138920000000000057e-02 9.954171084584696461e-01 9.539344594689825110e-03 9.515135885988723619e-02 1.675500200000000106e+00
9.254988457372094468e-02 1.322597565802989018e-02 -9.956202049141451571e-01 -1.517726399999999920e+00 -1.129453206314444229e-02 9.998613912364838763e-01 1.223241023336769581e-02 2.182109999999999952e-02 9.956439887885959461e-01 1.011295617196066726e-02 9.268643755479255564e-02 1.678477599999999903e+00
7.661371179545815868e-02 1.350901240454309774e-02 -9.969693303952619212e-01 -1.579320300000000010e+00 -1.120031647623261073e-02 9.998567807437077626e-01 1.268743124754942268e-02 2.280650000000000038e-02 9.969979398553215910e-01 1.019434081650019523e-02 7.675404445084521576e-02 1.683551699999999984e+00
7.573850370461725212e-02 1.319517292349834184e-02 -9.970404036287117133e-01 -1.637217399999999934e+00 -1.199256322725572588e-02 9.998521699631282011e-01 1.232138982680380454e-02 2.382329999999999864e-02 9.970555939785030741e-01 1.102386645160248480e-02 7.588555122440165945e-02 1.687412700000000099e+00
6.142675804181693677e-02 1.310849038454362132e-02 -9.980255111350160302e-01 -1.697272399999999903e+00 -1.247062884109006835e-02 9.998457850243600564e-01 1.236485282278309769e-02 2.409659999999999927e-02 9.980336852094620070e-01 1.168647290073621808e-02 6.158075623407455179e-02 1.690922700000000001e+00
5.048767068698235827e-02 1.224023549120213314e-02 -9.986496741819537171e-01 -1.764103699999999941e+00 -1.209527528614665753e-02 9.998590558566233799e-01 1.164357064023047693e-02 2.519700000000000065e-02 9.986514404056876515e-01 1.149108596354682897e-02 5.062860376331967949e-02 1.694672299999999909e+00
4.267031209537351655e-02 1.211264800394539973e-02 -9.990157797672748474e-01 -1.837303600000000037e+00 -1.345086482258014277e-02 9.998428447949558873e-01 1.154815776885935105e-02 2.608850000000000058e-02 9.989986580077113709e-01 1.294486271315026596e-02 4.282653182467144326e-02 1.697185399999999955e+00
4.220015739488836709e-02 1.204727958332829987e-02 -9.990365407583885471e-01 -1.918349499999999930e+00 -1.459730701296133026e-02 9.998280051940756641e-01 1.144022104701980340e-02 2.652890000000000109e-02 9.990025352038980344e-01 1.410046397380050782e-02 4.236875702575604308e-02 1.699986699999999962e+00
4.370397687783073720e-02 1.292783623618764047e-02 -9.989608768391843308e-01 -2.006361500000000131e+00 -1.573496629792749818e-02 9.998011505442644387e-01 1.225031452528066098e-02 2.781530000000000113e-02 9.989206040725483460e-01 1.518322826725364977e-02 4.389870543329665864e-02 1.702801699999999974e+00
4.463759070601143464e-02 1.369509829088519023e-02 -9.989093701526509106e-01 -2.101383900000000082e+00 -1.662079223967198247e-02 9.997778136383963510e-01 1.296428253910662104e-02 2.869460000000000066e-02 9.988649732377686830e-01 1.602397076979107313e-02 4.485529622553641182e-02 1.707084199999999941e+00
4.706243151853060219e-02 1.491232417706022176e-02 -9.987806316339948864e-01 -2.202166300000000021e+00 -1.870135439958721738e-02 9.997264578738822571e-01 1.404524013898354913e-02 2.949600000000000138e-02 9.987168702305897483e-01 1.801754740742868288e-02 4.732843862030944315e-02 1.710730700000000049e+00
4.841314242002783125e-02 1.510685072585430007e-02 -9.987131473562191886e-01 -2.302173600000000153e+00 -2.045288535000449118e-02 9.996909610351000230e-01 1.413017712478293469e-02 3.166059999999999708e-02 9.986179685554821273e-01 1.974247922285655293e-02 4.870715955850235535e-02 1.714812999999999921e+00
5.034500868941275270e-02 1.565835313720346025e-02 -9.986091307799532801e-01 -2.403707700000000003e+00 -2.147536489533003259e-02 9.996628814812691388e-01 1.459219281596509619e-02 3.261320000000000191e-02 9.985009708571522813e-01 2.071085139719049117e-02 5.066430530193921644e-02 1.719179500000000083e+00
5.199735465443319771e-02 1.772329413884786431e-02 -9.984899398360550515e-01 -2.507349500000000120e+00 -2.316222812952326016e-02 9.995949421359082709e-01 1.653671201860352352e-02 3.241469999999999768e-02 9.983785786449029809e-01 2.226738649186710967e-02 5.238680369906911771e-02 1.723891999999999980e+00
5.274768422600104728e-02 1.875568008210071885e-02 -9.984317233909648648e-01 -2.617673900000000220e+00 -2.316802877601346206e-02 9.995774741249663364e-01 1.755322376619179378e-02 3.329710000000000308e-02 9.983390828027459696e-01 2.220580299403916366e-02 5.315992910042321995e-02 1.729909300000000094e+00
5.425261911586623520e-02 2.007607983895539835e-02 -9.983254000261478911e-01 -2.719422300000000181e+00 -2.392328059158666323e-02 9.995370042375890662e-01 1.880036716348718051e-02 3.450870000000000326e-02 9.982406172686044687e-01 2.286324950757443603e-02 5.470778607428228302e-02 1.734718699999999947e+00
5.664531109765100214e-02 2.062322805464580910e-02 -9.981813418388749692e-01 -2.816516399999999809e+00 -2.618770018272655736e-02 9.994733377135095465e-01 1.916380857127756437e-02 3.656539999999999790e-02 9.980508569656110218e-01 2.505453380973227812e-02 5.715555306168440541e-02 1.739141100000000106e+00
5.659609053826574615e-02 2.056712354894386918e-02 -9.981852913986997144e-01 -2.912334400000000212e+00 -2.480307092000216124e-02 9.995081918379604691e-01 1.918807238229187570e-02 3.758659999999999779e-02 9.980890191805147360e-01 2.367209069206198044e-02 5.707838394300435159e-02 1.744723999999999942e+00
5.714182812847497933e-02 2.135229111046666253e-02 -9.981377115120287913e-01 -3.009550099999999784e+00 -2.379790877152484010e-02 9.995163248221808905e-01 2.001938940284850310e-02 3.895980000000000276e-02 9.980823969073085999e-01 2.260964569148725400e-02 5.762232992050397851e-02 1.750425200000000014e+00
5.906032326454768722e-02 2.206134566599438768e-02 -9.980106087829391237e-01 -3.101426800000000039e+00 -2.488293976896562010e-02 9.994776652301258224e-01 2.062125152823051505e-02 4.059510000000000202e-02 9.979442456992982935e-01 2.361554008575773855e-02 5.957842513961586484e-02 1.754904699999999984e+00
4.173093164613199402e-02 2.237896827397175409e-02 -9.988782263734344857e-01 -3.228523500000000102e+00 -2.353795106919782942e-02 9.994936731905490479e-01 2.140939306771223391e-02 4.364359999999999767e-02 9.988515876762721346e-01 2.261811289777114833e-02 4.223655721686803144e-02 1.761159700000000106e+00
4.010855687655944662e-02 2.188636886911760754e-02 -9.989555998756927124e-01 -3.269154499999999963e+00 -2.324969145150293515e-02 9.995098396513248939e-01 2.096502534204976870e-02 4.467549999999999993e-02 9.989247997285330971e-01 2.238453255951076276e-02 4.059774857553677396e-02 1.762699100000000074e+00
3.957965902344288273e-02 2.326546040396823903e-02 -9.989455285168354903e-01 -3.345601600000000175e+00 -2.338988425285394926e-02 9.994765341114025814e-01 2.235108666924895751e-02 4.575989999999999919e-02 9.989426229299790405e-01 2.248057189774249273e-02 4.010311684799994225e-02 1.766466700000000056e+00
3.855520198616366190e-02 2.212655898134307381e-02 -9.990114672952712382e-01 -3.420168900000000178e+00 -2.441784694660430882e-02 9.994771441348849761e-01 2.119450642186990891e-02 4.809209999999999874e-02 9.989580897867025300e-01 2.357655063022630337e-02 3.907532610333597223e-02 1.770204300000000064e+00
3.870042146613077161e-02 2.246112293024675119e-02 -9.989983860522779757e-01 -3.499184800000000095e+00 -2.538485543157879484e-02 9.994467884376322386e-01 2.148781506855781259e-02 4.968190000000000106e-02 9.989283690500845303e-01 2.452784210677815685e-02 3.924918430392243529e-02 1.773911599999999922e+00
3.900678528274761914e-02 2.299478591804637873e-02 -9.989743292610119285e-01 -3.577236399999999872e+00 -2.426322526897925491e-02 9.994622121148019067e-01 2.205861405740423484e-02 5.099080000000000279e-02 9.989443260770102251e-01 2.337790356661522892e-02 3.954373557692358876e-02 1.777296699999999952e+00
3.734077751341299128e-02 2.201575438739989884e-02 -9.990600446887298869e-01 -3.659716599999999875e+00 -2.289025037964874040e-02 9.995138111358473632e-01 2.117020987734295409e-02 5.334590000000000165e-02 9.990403909613716493e-01 2.207822247028597487e-02 3.782656897343161795e-02 1.782766099999999909e+00
3.725673486931677103e-02 2.219255368843602721e-02 -9.990592706479746177e-01 -3.789890499999999829e+00 -2.296109842554755476e-02 9.995084415377319953e-01 2.134627025750973281e-02 5.670519999999999727e-02 9.990419028579178296e-01 2.214420591487108528e-02 3.774798641556975642e-02 1.788469199999999981e+00
3.703573355034261300e-02 2.151077690786252355e-02 -9.990823994632316296e-01 -3.877570599999999867e+00 -2.310576927402363534e-02 9.995194527900620463e-01 2.066366183692057781e-02 5.906240000000000101e-02 9.990467846235449034e-01 2.231927353376876935e-02 3.751495918005509633e-02 1.791932899999999940e+00
3.693852653401505370e-02 2.124432084246100083e-02 -9.990916995398566591e-01 -3.969223500000000016e+00 -2.103258257780273033e-02 9.995690716394909359e-01 2.047685258710835524e-02 6.079029999999999850e-02 9.990961794179800126e-01 2.025709391074727653e-02 3.736943160776451389e-02 1.795352599999999965e+00
3.618007637255436781e-02 2.109740020284319589e-02 -9.991225659439170181e-01 -4.067521099999999556e+00 -2.092305636847051342e-02 9.995739757218858879e-01 2.034926956292409245e-02 6.319339999999999680e-02 9.991262321578177064e-01 2.016845963934319613e-02 3.660608487530792043e-02 1.800140099999999910e+00
3.571777387656872860e-02 2.136230298568483552e-02 -9.991335709705938539e-01 -4.168862299999999799e+00 -2.084192391273439679e-02 9.995699871338470377e-01 2.062656124652344561e-02 6.565880000000000327e-02 9.991445615309723083e-01 2.008713101437319473e-02 3.614764626767985600e-02 1.804585799999999907e+00
3.509242620567433468e-02 2.219074718319072326e-02 -9.991376743784868841e-01 -4.217687599999999648e+00 -2.016272517611036874e-02 9.995656831125094843e-01 2.149208359593956369e-02 6.686780000000000501e-02 9.991806574070939417e-01 1.939112898399478202e-02 3.552461090925740361e-02 1.806846100000000011e+00
3.557204432644386211e-02 2.177646421385751388e-02 -9.991298290356366296e-01 -4.312945400000000262e+00 -1.996943176242341536e-02 9.995784385446426779e-01 2.107526967181870894e-02 6.985729999999999718e-02 9.991675792666231404e-01 1.920236451577122042e-02 3.599191213981300930e-02 1.810630799999999985e+00
3.491065406173690655e-02 2.120555708482847398e-02 -9.991654370431876098e-01 -4.359733099999999695e+00 -2.028186583094799059e-02 9.995839926017027199e-01 2.050579559184630835e-02 7.082689999999999819e-02 9.991846136482475105e-01 1.954906860086279979e-02 3.532621923503287409e-02 1.812582899999999997e+00
3.599188691289231107e-02 1.939551518935923174e-02 -9.991638494596315478e-01 -4.457448000000000299e+00 -2.110250142984955446e-02 9.996034661966809454e-01 1.864389446934668418e-02 7.430549999999999655e-02 9.991292551566355318e-01 2.041382762051923219e-02 3.638690880010220230e-02 1.815938100000000111e+00
3.499166656725443553e-02 1.875714187643806249e-02 -9.992115656353629527e-01 -4.508892999999999596e+00 -2.053809433317877256e-02 9.996261999024987910e-01 1.804569615312331954e-02 7.573539999999999439e-02 9.991765459377074388e-01 1.989045241105825979e-02 3.536382262815895849e-02 1.818316599999999950e+00
3.413366311099050310e-02 2.077617752740972684e-02 -9.992013027863679842e-01 -4.612933599999999856e+00 -1.992770015810198941e-02 9.995992836483633681e-01 2.010370354157884482e-02 7.766729999999999468e-02 9.992185845995029680e-01 1.922557091554014108e-02 3.453400663023842299e-02 1.822578699999999996e+00
3.458627043693286024e-02 2.017123017446739372e-02 -9.991981341908681147e-01 -4.663147399999999720e+00 -1.940574255639256410e-02 9.996213546303591713e-01 1.950806302021528341e-02 7.881430000000000380e-02 9.992132940734418378e-01 1.871547061161787581e-02 3.496461220559021754e-02 1.824730399999999975e+00
3.316839468057031226e-02 2.099152636703982555e-02 -9.992293097257982648e-01 -4.758873000000000353e+00 -1.810777421731761538e-02 9.996279288766383164e-01 2.039883140518577304e-02 8.104640000000000455e-02 9.992857279613314159e-01 1.741722224077128095e-02 3.353616349863264290e-02 1.829666599999999921e+00
3.278838374299701541e-02 2.029212862579181029e-02 -9.992562991582071286e-01 -4.804509600000000269e+00 -1.690658704416595978e-02 9.996620818731875024e-01 1.974561671568221891e-02 8.246989999999999876e-02 9.993193129355802951e-01 1.624658674303344416e-02 3.312037459270478212e-02 1.831559699999999902e+00
3.104951132440437328e-02 1.948031441714773854e-02 -9.993279968042146910e-01 -4.892178499999999985e+00 -1.629100126421441364e-02 9.996871107183590288e-01 1.898114699876734396e-02 8.434800000000000630e-02 9.993850764967050493e-01 1.569069832061391334e-02 3.135715009190787050e-02 1.836067099999999952e+00
3.046692943826604175e-02 1.973288502593565502e-02 -9.993409725710022951e-01 -4.935832500000000067e+00 -1.629590915469363022e-02 9.996820283328535783e-01 1.924280575003805074e-02 8.535249999999999782e-02 9.994029265293480346e-01 1.569890049859956269e-02 3.077880711966241023e-02 1.837986099999999956e+00
2.947446289255606020e-02 1.931571882788743824e-02 -9.993788866307699026e-01 -5.020906000000000091e+00 -1.548551244410577635e-02 9.997021061569120182e-01 1.886525509442086440e-02 8.782439999999999691e-02 9.994455737765507441e-01 1.491985092405825192e-02 2.976479643580809409e-02 1.841350899999999902e+00
2.849817888052545364e-02 1.906688896316328236e-02 -9.994119808896431145e-01 -5.099806799999999640e+00 -1.403860629283875013e-02 9.997270887080164092e-01 1.867259052056160357e-02 8.987370000000000081e-02 9.994952582848248834e-01 1.349821649923800548e-02 2.875807395309115666e-02 1.844775300000000007e+00
2.810943870382408977e-02 1.898511558854341225e-02 -9.994245468477573890e-01 -5.205131999999999870e+00 -1.428621212761668757e-02 9.997251385202969853e-01 1.858901701590823935e-02 9.198000000000000620e-02 9.995027581746838141e-01 1.375546424744123614e-02 2.837293789047357073e-02 1.848482600000000087e+00
2.694194121572747805e-02 1.861444046433980218e-02 -9.994636733817429119e-01 -5.269846000000000252e+00 -1.441931295116496460e-02 9.997298259138777121e-01 1.823070465517336036e-02 9.333230000000000692e-02 9.995329985636013381e-01 1.392040891667131741e-02 2.720306964384733295e-02 1.851445999999999925e+00
1.251841560107867790e-02 1.833772245139629262e-02 -9.997534782165723444e-01 -5.331723700000000399e+00 -1.320580074061018447e-02 9.997476560725597761e-01 1.817225919422207903e-02 9.444299999999999917e-02 9.998344343428257064e-01 1.297505733005622358e-02 1.275742096365028999e-02 1.853042000000000078e+00
1.095339820318615848e-02 1.812237160181452700e-02 -9.997757762195123021e-01 -5.393174199999999807e+00 -1.295852209033195729e-02 9.997543677718334632e-01 1.798001185694990053e-02 9.563850000000000129e-02 9.998560395242090948e-01 1.275867425195214774e-02 1.118554684831085666e-02 1.854120599999999897e+00
2.412513006206435783e-03 1.808061575939500301e-02 -9.998336217165116890e-01 -5.452246200000000265e+00 -1.357810867611448577e-02 9.997449513976394142e-01 1.804624946384413703e-02 9.671200000000000629e-02 9.999049028511536319e-01 1.353231276215515616e-02 2.657398263848143039e-03 1.855007099999999909e+00
-5.810356805390850393e-03 1.897253504872801685e-02 -9.998031219533266567e-01 -5.506234599999999979e+00 -1.240171755559287339e-02 9.997417389941939403e-01 1.904344282256615478e-02 9.730179999999999385e-02 9.999062141798426007e-01 1.250992512726730420e-02 -5.573564195810232214e-03 1.856708500000000095e+00
-3.389306296793997975e-02 1.838059736100704569e-02 -9.992564305138615932e-01 -5.560255100000000006e+00 -1.095768229015044171e-02 9.997639379501183088e-01 1.876159836741590065e-02 9.860499999999999821e-02 9.993653933779573784e-01 1.158542252680671084e-02 -3.368365335583389797e-02 1.856137200000000043e+00
-5.593024314440495776e-02 1.777238628831810663e-02 -9.982764898500950945e-01 -5.613850099999999621e+00 -1.068166284004801354e-02 9.997736914189425672e-01 1.839750052351078746e-02 9.935589999999999700e-02 9.983775388002174012e-01 1.169222956325460111e-02 -5.572774701224580962e-02 1.853725099999999903e+00
-9.007995263630830252e-02 1.736542466224370168e-02 -9.957831310879596831e-01 -5.669217100000000009e+00 -9.940325775732006264e-03 9.997824964639204781e-01 1.833438539583863436e-02 1.005561999999999984e-01 9.958849291240996493e-01 1.154996929306573161e-02 -8.988774194970339249e-02 1.849024900000000082e+00
-1.017491343867659298e-01 1.778594996954337148e-02 -9.946510813522623229e-01 -5.725664599999999993e+00 -8.831254317004969337e-03 9.997846154716811817e-01 1.878115047942851071e-02 1.012148999999999965e-01 9.947708895010610730e-01 1.069498246017527507e-02 -1.015701469499986631e-01 1.844886900000000107e+00
-1.090351739483947230e-01 1.772941933217540497e-02 -9.938797706625218664e-01 -5.780304000000000109e+00 -9.538936447423498888e-03 9.997762315631443242e-01 1.888108823267773545e-02 1.027741999999999961e-01 9.939921224705431380e-01 1.153925870851464294e-02 -1.088416555136986208e-01 1.840644600000000075e+00
-1.369210718604185473e-01 1.789667714414625369e-02 -9.904202789865482748e-01 -5.831460500000000380e+00 -7.465998051481841959e-03 9.997897382132040489e-01 1.909812128635322848e-02 1.036656999999999995e-01 9.905538243597312720e-01 1.000941111010943303e-02 -1.367586660345129213e-01 1.834548499999999915e+00
-1.583128338172884453e-01 1.739837316396702221e-02 -9.872357080555721476e-01 -5.882561199999999602e+00 -7.783778310327248151e-03 9.997916867115667072e-01 1.886785567191495011e-02 1.045707000000000025e-01 9.873583237325521678e-01 1.067144759101998006e-02 -1.581444300706060790e-01 1.826679600000000070e+00
-1.913040161822793794e-01 1.788740408309931126e-02 -9.813678281703029915e-01 -5.932960999999999707e+00 -6.420485471265407855e-03 9.997897333455312285e-01 1.947476477867792974e-02 1.058192000000000021e-01 9.815098322272898246e-01 1.002645859910101384e-02 -1.911489455087761469e-01 1.817845099999999992e+00
-2.007090392053847983e-01 1.807021772757026745e-02 -9.794842259130718265e-01 -5.981221200000000238e+00 -6.555361587038260017e-03 9.997827079883014889e-01 1.978797720945317529e-02 1.068565999999999960e-01 9.796289648717593224e-01 1.039249916318785508e-02 -2.005469699233290992e-01 1.808269300000000079e+00
-2.495465300484321358e-01 1.807007064819654563e-02 -9.681941963715522403e-01 -6.026859299999999919e+00 -4.071591841057570216e-03 9.997974616440650220e-01 1.970933357483399886e-02 1.084086999999999967e-01 9.683542489609194837e-01 8.860487393672591278e-03 -2.494224133522883191e-01 1.797470799999999924e+00
-4.068622616840054107e-01 2.006496324912689436e-02 -9.132691264173923296e-01 -6.087761399999999767e+00 3.415872476835526278e-03 9.997851645095833240e-01 2.044398791252301922e-02 1.093366000000000060e-01 9.134831316628663211e-01 5.198276287056791470e-03 -4.068433925861959510e-01 1.773466599999999893e+00
-5.518073283913126348e-01 2.130100296336713203e-02 -8.336995499617338989e-01 -6.126634100000000416e+00 8.511151569149756624e-03 9.997655358408956694e-01 1.991064146966986526e-02 1.106633000000000061e-01 8.339281939307543468e-01 3.891094643079543933e-03 -5.518592454148699700e-01 1.749290100000000070e+00
-6.163629904254092073e-01 2.019187686556388195e-02 -7.872032470350290856e-01 -6.160096600000000144e+00 7.118834098091367593e-03 9.997732241971346578e-01 2.007043545989251054e-02 1.109872999999999971e-01 7.874299881481089391e-01 6.766704302078310404e-03 -6.163669568349340322e-01 1.722148199999999907e+00
-6.299422015833614497e-01 1.908559844128839000e-02 -7.764074720122453588e-01 -6.209030199999999944e+00 7.022804310324580815e-03 9.997971119679094354e-01 1.887895972362975752e-02 1.126749999999999974e-01 7.766102644724228732e-01 6.440095710891129664e-03 -6.299484282727499940e-01 1.683363399999999954e+00
-6.355863199878388770e-01 1.889859258396820590e-02 -7.717984665977654091e-01 -6.255097899999999989e+00 6.756872306872810721e-03 9.997982232797043567e-01 1.891711932021044457e-02 1.138200000000000045e-01 7.720002425653410549e-01 6.808518568062061314e-03 -6.355857688415963436e-01 1.646777600000000064e+00
-6.433734393822266862e-01 1.935535020269038564e-02 -7.653077733278393913e-01 -6.283827299999999560e+00 7.277340090092124063e-03 9.997897965913881135e-01 1.916775816218219131e-02 1.142674999999999941e-01 7.655179016970782291e-01 6.762621553952082032e-03 -6.433790555582459270e-01 1.622438800000000070e+00
-6.509631788498961846e-01 1.961640275462568986e-02 -7.588558074658234842e-01 -6.310953099999999871e+00 7.815107740781153389e-03 9.997862602621014894e-01 1.914047758342184852e-02 1.148934000000000066e-01 7.590690771416251925e-01 6.529206237346573023e-03 -6.509773464516812602e-01 1.599706099999999909e+00
-6.581733414317407771e-01 1.980269478062553906e-02 -7.526059433116392139e-01 -6.337161100000000324e+00 8.346441364917873279e-03 9.997845061271039002e-01 1.900732029310850391e-02 1.153172999999999976e-01 7.528201575045123661e-01 6.228530132239258957e-03 -6.581967911402125671e-01 1.577004899999999932e+00
-6.654264750469534029e-01 1.949366946784215904e-02 -7.462088200746926914e-01 -6.361962300000000070e+00 8.600959660104408669e-03 9.997928194014521486e-01 1.844835402469732766e-02 1.162892999999999982e-01 7.464138462002910535e-01 5.857911229596077761e-03 -6.654562758562839742e-01 1.555542800000000003e+00
-6.882787517013077006e-01 1.909187726571427365e-02 -7.251950497479699997e-01 -6.410000300000000095e+00 8.844665047533496055e-03 9.998001799011111412e-01 1.792685610760392026e-02 1.176899000000000001e-01 7.253923985379822081e-01 5.924566834520404203e-03 -6.883100810326235885e-01 1.510796500000000098e+00
-6.951149773174072344e-01 1.884761320435470941e-02 -7.186514703147269811e-01 -6.435141999999999918e+00 9.080675779864301467e-03 9.998067097683355220e-01 1.743801679080513728e-02 1.185569000000000067e-01 7.188412270010678951e-01 5.595585645350275097e-03 -6.951517674471411334e-01 1.485861499999999946e+00
-7.106194771582108327e-01 1.965500581388158682e-02 -7.033019546609039496e-01 -6.459810300000000005e+00 1.080088031170413354e-02 9.997966766286643381e-01 1.702781215453660207e-02 1.190563000000000038e-01 7.034936386833104960e-01 4.504014735125032656e-03 -7.106872829756998300e-01 1.461209399999999992e+00
-7.523774553769914109e-01 2.054684151040121753e-02 -6.584117191730343155e-01 -6.483357899999999674e+00 1.226516548245579902e-02 9.997771109795096089e-01 1.718412282175912215e-02 1.192412000000000055e-01 6.586180458779824498e-01 4.853417910275327832e-03 -7.524617691141901599e-01 1.433730699999999914e+00
-7.988368029735575249e-01 1.999267241287678090e-02 -6.012154815577999134e-01 -6.505968600000000102e+00 1.263239169696657796e-02 9.997846911049647067e-01 1.646189880192693022e-02 1.196658000000000027e-01 6.014151518668284790e-01 5.555581152487032090e-03 -7.989173615731842704e-01 1.402497099999999941e+00
-8.153936251223162790e-01 2.047572413129779625e-02 -5.785447094487914388e-01 -6.529850999999999850e+00 1.362573865668057285e-02 9.997762498215296834e-01 1.617991158375221145e-02 1.201377000000000000e-01 5.787465553728570189e-01 5.309897748279843524e-03 -8.154901775189909996e-01 1.368197200000000002e+00
-8.254642953211726031e-01 2.061924703618269947e-02 -5.640776044141272427e-01 -6.554839099999999696e+00 1.405972245272270500e-02 9.997736029817611003e-01 1.597081667981523068e-02 1.206520999999999982e-01 5.642792051409232235e-01 5.252564376447966046e-03 -8.255673135565620990e-01 1.331279399999999891e+00
-8.322922202511783274e-01 2.183190276197596175e-02 -5.539070573039818202e-01 -6.580092900000000355e+00 1.538970464152557456e-02 9.997490252981503511e-01 1.628015375986700125e-02 1.215842000000000034e-01 5.541234673792579946e-01 5.025379308065407342e-03 -8.324193224946183634e-01 1.293568100000000110e+00
-8.349149877324366642e-01 2.149143576989550816e-02 -5.499591634369722648e-01 -6.604866499999999974e+00 1.515913239540736882e-02 9.997561886886643379e-01 1.605502674349739561e-02 1.224814999999999932e-01 5.501701227481954337e-01 5.067678685982523329e-03 -8.350372175346270076e-01 1.255838900000000091e+00
-8.408607080379315590e-01 2.224989617826098748e-02 -5.407940567332496506e-01 -6.627842900000000093e+00 1.582265599253707133e-02 9.997381641495606264e-01 1.653017544395288252e-02 1.226973999999999981e-01 5.410202521489286820e-01 5.342776705294666022e-03 -8.409925930124397819e-01 1.220353699999999986e+00
-8.534092003257663928e-01 2.321146494327734622e-02 -5.207244613944336242e-01 -6.648956300000000041e+00 1.705530292417285765e-02 9.997165561494796293e-01 1.661096032109315307e-02 1.231063000000000018e-01 5.209624299712031226e-01 5.294832935158321624e-03 -8.535631853018780246e-01 1.186662700000000070e+00
-8.616824886604576017e-01 2.310498132229879542e-02 -5.069215408463295658e-01 -6.667753199999999936e+00 1.720488644098347453e-02 9.997187731345225092e-01 1.632073910574935102e-02 1.237169000000000046e-01 5.071560712625587941e-01 5.341767544670681690e-03 -8.618376789750060718e-01 1.154122400000000104e+00
-8.667093001381350748e-01 2.237564493330145704e-02 -4.983114684290171348e-01 -6.685823400000000305e+00 1.655067891777608352e-02 9.997333247052289096e-01 1.610448698934494743e-02 1.242424000000000028e-01 4.985389293539926325e-01 5.710515532604679319e-03 -8.668485022949091734e-01 1.122519999999999962e+00
-8.712383518985830078e-01 2.297213579906092970e-02 -4.903223584111471856e-01 -6.703111599999999726e+00 1.736408179979294711e-02 9.997214558533646933e-01 1.598434764633488783e-02 1.248250999999999944e-01 4.905529765930383701e-01 5.412179159848252291e-03 -8.713945636004684081e-01 1.091659500000000005e+00
-8.771430721759609916e-01 2.271837610380461267e-02 -4.796914699272054605e-01 -6.727744099999999783e+00 1.732920779301018108e-02 9.997271937639978789e-01 1.566003212092777555e-02 1.258121000000000100e-01 4.799163776023731565e-01 5.423415526021781695e-03 -8.772974735362278897e-01 1.046263799999999966e+00
-8.869258961487515025e-01 2.326968043901720198e-02 -4.613252396227641716e-01 -6.742519899999999566e+00 1.843512804216953724e-02 9.997177723179214714e-01 1.498405037903089917e-02 1.260728000000000126e-01 4.615437149337032752e-01 4.785152448829814442e-03 -8.871045606472995892e-01 1.016874599999999962e+00
-9.132191098234522242e-01 2.339734944313186932e-02 -4.067965357427451023e-01 -6.756416299999999708e+00 1.995280673619823086e-02 9.997201586161771347e-01 1.270786999436189849e-02 1.269618999999999887e-01 4.069800277121844445e-01 3.488337065373378794e-03 -9.134303961156038376e-01 9.832220999999999878e-01
-9.251323586856691206e-01 2.144057749209296940e-02 -3.790388114026006505e-01 -6.772016999999999953e+00 1.820392860734024523e-02 9.997608181223335277e-01 1.212120169872511928e-02 1.276599999999999957e-01 3.792080377522997203e-01 4.313720455462263445e-03 -9.253013865329948739e-01 9.437484000000000428e-01
-9.418017113758209158e-01 2.273006416642509367e-02 -3.353995835306969320e-01 -6.786354499999999845e+00 1.992939582047267497e-02 9.997318691560488357e-01 1.179020678291289523e-02 1.283407000000000020e-01 3.355776447140150220e-01 4.419725867417230274e-03 -9.420021817339124803e-01 9.026264999999999983e-01
-9.477579094669451587e-01 2.157613167027313400e-02 -3.182599811239119059e-01 -6.800390199999999830e+00 1.913283568149943409e-02 9.997586039394092960e-01 1.080131695248939469e-02 1.288389000000000062e-01 3.184162050550041756e-01 4.147817651540305038e-03 -9.479419370230958153e-01 8.601843999999999602e-01
-9.560206977801574135e-01 2.270541407788646479e-02 -2.924190308230513180e-01 -6.814034900000000228e+00 2.076160181194105711e-02 9.997369176209117692e-01 9.749432600958703524e-03 1.295670999999999906e-01 2.925634654329609674e-01 3.249571877947244562e-03 -9.562405863465881506e-01 8.150671999999999917e-01
-9.619072562011236061e-01 2.232333291289163510e-02 -2.724630236844737818e-01 -6.835873600000000216e+00 2.031443364154725609e-02 9.997416892647577047e-01 1.019208182226295778e-02 1.300128000000000117e-01 2.726201647960933561e-01 4.268905446216748369e-03 -9.621122710956565571e-01 7.404233999999999538e-01
