1.000000000000000000e+00 0.000000000000000000e+00 0.000000000000000000e+00 0.000000000000000000e+00 0.000000000000000000e+00 1.000000000000000000e+00 0.000000000000000000e+00 0.000000000000000000e+00 0.000000000000000000e+00 0.000000000000000000e+00 1.000000000000000000e+00 0.000000000000000000e+00
9.999428252634428027e-01 3.960926906348633870e-04 -1.068594004962416383e-02 -5.366999999999999809e-04 -4.010958756228444355e-04 9.999998109534079527e-01 -4.660635651897222938e-04 3.571000000000000064e-04 1.068575342511207324e-02 4.703230046092209669e-04 9.999427950988041269e-01 2.422370000000000079e-02
9.994067445152621243e-01 -2.415325080537373767e-04 -3.443981241896087314e-02 -1.080999999999999930e-03 2.183992451865974323e-04 9.999997480267105443e-01 -6.754615348793716187e-04 2.498000000000000003e-04 3.443996688696666225e-02 6.675391845824058716e-04 9.994065454419746031e-01 4.806919999999999943e-02
9.988349369932276733e-01 8.614049054186617791e-04 -4.824962821954018738e-02 -2.546099999999999926e-03 -8.936834631987058877e-04 9.999993910869381386e-01 -6.474222892634622865e-04 2.733999999999999777e-04 4.824904114697548679e-02 6.897878963497703145e-04 9.988350986129069797e-01 7.202060000000000406e-02
9.986887363826556507e-01 1.812704998980138246e-03 -5.116172322157568064e-02 -3.845599999999999800e-03 -1.863288939648927080e-03 9.999978213077043154e-01 -9.410282525382113747e-04 3.989999999999999949e-04 5.115990594930590329e-02 1.035123389439906528e-03 9.986899381403754328e-01 9.609610000000000374e-02
9.982112198490712407e-01 1.243829274728288845e-03 -5.977301612069263470e-02 -5.104100000000000303e-03 -1.297433278084425459e-03 9.999987902587893496e-01 -8.579905867410843106e-04 4.179000000000000206e-04 5.977187661700250620e-02 9.340073304563014734e-04 9.982116260573148381e-01 1.198160999999999948e-01
9.965652508157534228e-01 1.181295280123233378e-03 -8.280281038706081842e-02 -7.103499999999999572e-03 -1.264201832554657547e-03 9.999987507566536760e-01 -9.488302580111438161e-04 5.898000000000000248e-04 8.280158609749545262e-02 1.050250728688449610e-03 9.965654992589025873e-01 1.432989000000000068e-01
9.952777029822490462e-01 1.887985143431853644e-03 -9.705013888952561396e-02 -9.487499999999999406e-03 -2.001414153896605066e-03 9.999974231843392625e-01 -1.071431783138108908e-03 2.642999999999999733e-04 9.704786596191909698e-02 1.260609685634999939e-03 9.952789169752657150e-01 1.667134000000000116e-01
9.941591134285356901e-01 1.132603269245671803e-03 -1.079183691352984531e-01 -1.224890000000000007e-02 -1.297439875753447032e-03 9.999980965812858003e-01 -1.457217751143958032e-03 3.432999999999999962e-04 1.079165132718660769e-01 1.588723902992018183e-03 9.941586906121191447e-01 1.909901999999999989e-01
9.913317314078718967e-01 1.762505358843326241e-04 -1.313825225805151653e-01 -1.531229999999999918e-02 -3.685648214682601042e-04 9.999988960592924858e-01 -1.439458289987345565e-03 6.675000000000000161e-04 1.313821238367052502e-01 1.475403654881507227e-03 9.913307019961662414e-01 2.142808999999999964e-01
9.855193100943785423e-01 1.218320247483883109e-05 -1.695632309277861627e-01 -1.926200000000000134e-02 -2.034319330882273006e-04 9.999993626831696902e-01 -1.110517313262280367e-03 4.448000000000000239e-04 1.695631093326279981e-01 1.128930832262430625e-03 9.855186844847880767e-01 2.372415999999999969e-01
9.812710289333661517e-01 1.149446490387206468e-03 -1.926287791292324025e-01 -2.380699999999999830e-02 -1.373058436276209738e-03 9.999985296275700764e-01 -1.027352533573658386e-03 4.050999999999999805e-04 1.926273150064222450e-01 1.272601847950103737e-03 9.812711643566996988e-01 2.603266000000000191e-01
9.785293088439577236e-01 5.327986327661818084e-04 -2.061070301056792675e-01 -2.839960000000000054e-02 -7.661720416613246407e-04 9.999991526323072089e-01 -1.052480436894176388e-03 4.044000000000000177e-04 2.061062946971028986e-01 1.187796398542665527e-03 9.785288878852512751e-01 2.833990000000000120e-01
9.734627742703427788e-01 1.144852297089477174e-04 -2.288453932309318928e-01 -3.422610000000000235e-02 -3.885438288094938920e-04 9.999992603708577343e-01 -1.152515262651685347e-03 2.286000000000000000e-04 2.288450920242353637e-01 1.210847170261182895e-03 9.734620987514354118e-01 3.057592000000000088e-01
9.698859033942257568e-01 9.414807634843648868e-04 -2.435578945777341631e-01 -3.983779999999999960e-02 -1.270872477611365101e-03 9.999984780830177833e-01 -1.195288581890904464e-03 3.490999999999999746e-04 2.435563985616315541e-01 1.468824570987875555e-03 9.698856238103890082e-01 3.292321999999999749e-01
9.691614821433648386e-01 1.120307317665238372e-03 -2.464239567111733420e-01 -4.597899999999999904e-02 -1.391301801750999094e-03 9.999986037696844132e-01 -9.256014142442800085e-04 3.727000000000000061e-04 2.464225756885368712e-01 1.239907333469846733e-03 9.691616876563123872e-01 3.529920999999999753e-01
9.690090666392691121e-01 2.244824694719116734e-03 -2.470149581158645746e-01 -5.171769999999999839e-02 -2.439653254589555127e-03 9.999969075528076790e-01 -4.826767226787230958e-04 2.191999999999999884e-04 2.470131107105242585e-01 1.070348967031082427e-03 9.690115466237742003e-01 3.757867999999999764e-01
9.650819522112347171e-01 2.172092872257782963e-03 -2.619391294341233967e-01 -6.409259999999999957e-02 -2.738071199723214437e-03 9.999946390775726890e-01 -1.795767863709521201e-03 8.765000000000000005e-04 2.619338246241928458e-01 2.450271142011127643e-03 9.650827258266895248e-01 4.215426999999999924e-01
9.625154827192727858e-01 1.660605660267436539e-03 -2.712216582696267975e-01 -7.057030000000000247e-02 -2.140464090955592792e-03 9.999966236832467104e-01 -1.473443443869025798e-03 7.965999999999999557e-04 2.712182957308751363e-01 1.998752347850708214e-03 9.625157874289083093e-01 4.442462999999999829e-01
9.509990574889505277e-01 1.744810033890614558e-03 -3.091888553830384745e-01 -8.562469999999999803e-02 -2.369836868989022398e-03 9.999958373497856989e-01 -1.645951492410391206e-03 1.038199999999999974e-03 3.091846964653040541e-01 2.298025466922053086e-03 9.509992337276677032e-01 4.915415000000000201e-01
9.499308309529630456e-01 1.967863351498948254e-03 -3.124540668943882604e-01 -9.338580000000000492e-02 -2.478215245307170168e-03 9.999961650367822363e-01 -1.236268953958370199e-03 1.069300000000000025e-03 3.124504358361673839e-01 1.948698426750924539e-03 9.499320647921253302e-01 5.155891000000000224e-01
9.450035568909763706e-01 1.352699296471072260e-03 -3.270572544188805608e-01 -1.090872999999999982e-01 -1.845992201622518019e-03 9.999975787031598617e-01 -1.197873369413105698e-03 1.180899999999999919e-03 3.270548421537198269e-01 1.735739735941688915e-03 9.450037658292026466e-01 5.614202999999999832e-01
9.446295542228582143e-01 2.018735843682091437e-03 -3.281324884773185735e-01 -1.236556999999999934e-01 -2.403151717111811411e-03 9.999968190263129886e-01 -7.660281196023951316e-04 8.392000000000000154e-04 3.281298982880845871e-01 1.512164954266624790e-03 9.446314007096113796e-01 6.031357000000000523e-01
9.394756375590386233e-01 1.341941682761855006e-03 -3.426130844342608617e-01 -1.395890999999999937e-01 -2.014881575378604187e-03 9.999966769455407301e-01 -1.608213329412217819e-03 1.043499999999999940e-03 3.426097877838213401e-01 2.201202034290713691e-03 9.394752194839037784e-01 6.479684999999999473e-01
9.356850357020165543e-01 1.128724880372342088e-03 -3.528345787241671805e-01 -1.578931000000000084e-01 -2.265345780523504542e-03 9.999934902731975050e-01 -2.808490648586589242e-03 1.256799999999999974e-03 3.528291118541818094e-01 3.427154996927102466e-03 9.356815016002060226e-01 6.970735000000000126e-01
9.326398106570359392e-01 2.326537108403583468e-03 -3.608012899127321371e-01 -1.787446000000000035e-01 -3.442972102386672364e-03 9.999910677870144093e-01 -2.451589135401084120e-03 9.282000000000000103e-04 3.607923634456670636e-01 3.528678402723976065e-03 9.326394903219676902e-01 7.517021999999999871e-01
9.320682869168749329e-01 2.162257405847483986e-03 -3.622761835488952364e-01 -2.016826999999999925e-01 -3.471546609407917192e-03 9.999895839584210799e-01 -2.963163647641766599e-03 1.329000000000000103e-03 3.622660029425625039e-01 4.019529521580227777e-03 9.320660848322099845e-01 8.113029000000000490e-01
9.324531684116814656e-01 2.971799705186001835e-03 -3.612786419448685282e-01 -2.281872000000000067e-01 -4.282493575688746737e-03 9.999868330605317102e-01 -2.827358191382780585e-03 1.828699999999999944e-03 3.612654826686192977e-01 4.183552566952049648e-03 9.324536175704016827e-01 8.770099000000000089e-01
9.324339714755233155e-01 4.438811713001731413e-03 -3.613131409026795193e-01 -2.549569999999999892e-01 -5.434849719577427435e-03 9.999837162399174417e-01 -1.740592867367824273e-03 1.513900000000000098e-03 3.612995312021711758e-01 3.586670542556316850e-03 9.324429122190326380e-01 9.466128000000000320e-01
9.327322088731900829e-01 6.180359306336519372e-03 -3.605168923772981704e-01 -2.837819999999999787e-01 -6.919614448856993387e-03 9.999757704906079292e-01 -7.598470861217682636e-04 9.181000000000000359e-04 3.605034611018582136e-01 3.203371748595188005e-03 9.327523749329300617e-01 1.020163799999999954e+00
9.333166274049427003e-01 8.404775309678194292e-03 -3.589560317942258050e-01 -3.127424999999999788e-01 -8.956349288709452780e-03 9.999598831258994514e-01 1.262784863642375799e-04 6.465999999999999959e-04 3.589426929425950097e-01 3.097077789030911084e-03 9.333544617626717832e-01 1.092679100000000014e+00
9.334915471815090626e-01 9.506770705726842741e-03 -3.584733639357619017e-01 -3.404512000000000094e-01 -9.731937519029169870e-03 9.999519518311933419e-01 1.176189233313316811e-03 4.232999999999999892e-04 3.584673217084064500e-01 2.390677672875157842e-03 9.335392139205863637e-01 1.165256300000000023e+00
9.336393362989150457e-01 9.753054955175534738e-03 -3.580816493962832858e-01 -3.697501000000000260e-01 -9.485602622647098039e-03 9.999518767821414800e-01 2.503490115438905973e-03 -1.014099999999999984e-03 3.580888340317338603e-01 1.059263382825909820e-03 9.336869201733947188e-01 1.240938400000000108e+00
9.338452235907663823e-01 9.602165804209479572e-03 -3.575484537633745741e-01 -4.009820000000000051e-01 -9.913632784132705295e-03 9.999503961805408236e-01 9.618021630235846402e-04 5.416000000000000458e-04 3.575399533782664396e-01 2.646429717165704916e-03 9.338940936466079146e-01 1.323189299999999902e+00
9.339922952021949554e-01 1.083735354272390497e-02 -3.571287502723995977e-01 -4.296760000000000024e-01 -1.082841950619242363e-02 9.999393213634053534e-01 2.024579534227537950e-03 4.504999999999999998e-04 3.571290212709321010e-01 1.976198239679205059e-03 9.340529732336296798e-01 1.397419900000000048e+00
9.340526190315572297e-01 1.168610457066298659e-02 -3.569441690800568279e-01 -4.559658999999999796e-01 -1.163325474562540603e-02 9.999296975534819332e-01 2.295067455563238202e-03 3.866000000000000187e-04 3.569458954299826181e-01 2.008708681150952590e-03 9.341229002787172497e-01 1.466938599999999981e+00
9.337431486293381599e-01 1.026070316559895244e-02 -3.577966606304719410e-01 -4.820153999999999828e-01 -9.965306195652020790e-03 9.999467819352658715e-01 2.669451204399402554e-03 1.599999999999999928e-05 3.578050098310482929e-01 1.072971506256167884e-03 9.337957076748373275e-01 1.535751700000000053e+00
9.338079852500164035e-01 9.542521684831255929e-03 -3.576472940806343925e-01 -5.089725000000000499e-01 -8.937065367780560460e-03 9.999544665065142057e-01 3.345710131607033434e-03 9.550000000000000383e-05 3.576629356613811317e-01 7.206640858193583306e-05 9.338507478502737769e-01 1.606198100000000073e+00
9.340466990856587381e-01 9.807897456211739709e-03 -3.570162028181261271e-01 -5.347547000000000272e-01 -8.697201135312750478e-03 9.999510560107502943e-01 4.716383720318012909e-03 -6.671000000000000063e-04 3.570449868288264050e-01 -1.300280921109525905e-03 9.340862843709510921e-01 1.671856999999999926e+00
9.271622254874296587e-01 9.272186653673585716e-03 -3.745453699938849357e-01 -5.711559999999999970e-01 -8.341234087369302219e-03 9.999567788832076642e-01 4.106601930974312920e-03 3.362999999999999887e-04 3.745672589043206879e-01 -6.833155780537805007e-04 9.271994939799764746e-01 1.764491899999999891e+00
9.266531036929854803e-01 8.615596358379180170e-03 -3.758188352325446679e-01 -5.829973999999999990e-01 -7.487135840770024579e-03 9.999620113506220154e-01 4.463031763300401300e-03 1.369999999999999961e-04 3.758430100627906389e-01 -1.321875564436665726e-03 9.266824075334187949e-01 1.792822399999999927e+00
9.262971653992783105e-01 9.269010635628570013e-03 -3.766797669308752372e-01 -6.049871999999999472e-01 -8.540276199241135166e-03 9.999570343584910370e-01 3.604596983319352434e-03 6.373000000000000409e-04 3.766969936908212135e-01 -1.219787198000537795e-04 9.263365263582610254e-01 1.848773699999999964e+00
9.256796538820011300e-01 8.983334064622001264e-03 -3.782016368261539863e-01 -6.262478000000000211e-01 -8.577007790083981953e-03 9.999594109726852587e-01 2.758866529818123844e-03 1.271599999999999901e-03 3.782110698092633894e-01 6.900117708517573487e-04 9.257191315714980995e-01 1.901480400000000071e+00
9.258647782920577107e-01 9.997478478270647659e-03 -3.777227326257651119e-01 -6.487595999999999918e-01 -9.639725484150004839e-03 9.999495100936079961e-01 2.837773095857782681e-03 1.916100000000000008e-03 3.777320320158047973e-01 1.013749293395834958e-03 9.259144044141343066e-01 1.955854999999999899e+00
9.260254578891452537e-01 9.684139754819829499e-03 -3.773368107916424963e-01 -6.709861999999999771e-01 -9.115431373543592120e-03 9.999530314865989755e-01 3.292982179560819192e-03 2.059000000000000066e-03 3.773509775422251300e-01 3.902024728344181872e-04 9.260702389613636454e-01 2.010309900000000205e+00
9.257586860206948876e-01 8.617661239822731536e-03 -3.780166546225074975e-01 -6.946358999999999728e-01 -8.597243807886475672e-03 9.999615263613920169e-01 1.741607275762621990e-03 2.664999999999999834e-03 3.780171195278650420e-01 1.637593280057226663e-03 9.257971568503031712e-01 2.069424600000000058e+00
9.254862446241652885e-01 8.223137837088360588e-03 -3.786919473867539909e-01 -7.186810999999999616e-01 -8.025839171066638175e-03 9.999655884806283312e-01 2.099466644378943786e-03 2.673099999999999869e-03 3.786961802250717324e-01 1.096293164684149701e-03 9.255203948180921181e-01 2.127717500000000150e+00
9.259976423569223902e-01 8.250536857256268730e-03 -3.774391275305042925e-01 -7.561065000000000147e-01 -8.566231606251407255e-03 9.999629544083574739e-01 8.423104992981254998e-04 4.018299999999999823e-03 3.774320945885356049e-01 2.453253447205214557e-03 9.260340142359969606e-01 2.217969899999999939e+00
9.254016495730329472e-01 6.742422713196030530e-03 -3.789278647756934015e-01 -7.681462000000000012e-01 -6.848395384844787291e-03 9.999759790005589011e-01 1.068130388457132814e-03 4.001099999999999622e-03 3.789259643362571373e-01 1.606598216881632759e-03 9.254255952771174298e-01 2.249433799999999817e+00
9.251623917987865653e-01 5.846753862558250192e-03 -3.795265000898082053e-01 -7.945885000000000309e-01 -6.359456754176309387e-03 9.999797737252361651e-01 -9.721222817859294027e-05 3.923099999999999678e-03 3.795182553065666320e-01 2.503519461918823127e-03 9.251808613883901744e-01 2.314337000000000089e+00
9.252489509441724769e-01 5.659812915578549784e-03 -3.793182638556558128e-01 -8.090030999999999750e-01 -6.220935199552936161e-03 9.999806176279792957e-01 -2.536407061474619737e-04 4.182199999999999633e-03 3.793094762090070127e-01 2.594395136732635838e-03 9.252662267541830188e-01 2.349292800000000181e+00
9.247163050090503322e-01 5.641229578291326492e-03 -3.806152017185518988e-01 -8.374245000000000161e-01 -5.761505433224580440e-03 9.999830634391221329e-01 8.233407870920316212e-04 4.278999999999999818e-03 3.806134000604181056e-01 1.431559902266320251e-03 9.247331454699211362e-01 2.419519199999999870e+00
9.245333246245270864e-01 6.355379134999980355e-03 -3.810482132418011036e-01 -8.514026000000000094e-01 -6.678331994094412714e-03 9.999775870039453451e-01 4.747331287215772033e-04 4.890199999999999929e-03 3.810426899187220884e-01 2.105859875978867424e-03 9.245550463945817476e-01 2.453187199999999901e+00
9.245167609620291715e-01 5.238951831225912258e-03 -3.811053818617473055e-01 -8.777618999999999838e-01 -5.031177342509647772e-03 9.999861554301275879e-01 1.541493633070164983e-03 4.878900000000000250e-03 3.811081814325511519e-01 4.922720616416907538e-04 9.245303195208856017e-01 2.517057700000000064e+00
9.243882135735003169e-01 4.839082410754858704e-03 -3.814223563031073905e-01 -9.049359999999999626e-01 -5.149377881082927225e-03 9.999867204196022374e-01 2.071035636909938785e-04 5.048999999999999669e-03 3.814182933654736152e-01 1.772643751632729543e-03 9.244008563498301578e-01 2.582110399999999917e+00
9.242827603090003619e-01 4.462576152835720858e-03 -3.816824130211597388e-01 -9.330783000000000271e-01 -5.237225182219010580e-03 9.999857948104988736e-01 -9.907823200238051464e-04 5.475999999999999965e-03 3.816725697085994740e-01 2.914719762701492752e-03 9.242930022134426826e-01 2.650552999999999937e+00
9.242199757113647163e-01 4.606377874939165430e-03 -3.818327091527880524e-01 -9.475116000000000094e-01 -5.711208593642681623e-03 9.999821416651722972e-01 -1.760240646982659009e-03 6.095299999999999677e-03 3.818177819228489311e-01 3.807575817847739727e-03 9.242297786664889214e-01 2.686166000000000054e+00
9.238700559674073443e-01 4.499648253947427512e-03 -3.826798568678137502e-01 -9.616023000000000209e-01 -4.662039902396913904e-03 9.999890061378829964e-01 5.029784464242461565e-04 5.525699999999999709e-03 3.826779129643205768e-01 1.319382037112918878e-03 9.238808766071046064e-01 2.719758699999999862e+00
9.241682755014652972e-01 5.127795117571025928e-03 -3.819511804849934355e-01 -9.756941999999999560e-01 -5.559641732136274932e-03 9.999845447068427262e-01 -2.704179625001319059e-05 5.785600000000000118e-03 3.819451386527364933e-01 2.148502892869919977e-03 9.241825009135702373e-01 2.753295699999999790e+00
9.240191280211236258e-01 4.071448053412669334e-03 -3.823245667777978585e-01 -9.885458000000000300e-01 -3.920672858587226535e-03 9.999916256393209801e-01 1.173446020932973751e-03 5.667000000000000162e-03 3.823261426784969053e-01 4.146829830944877456e-04 9.240273527675493259e-01 2.784861799999999832e+00
9.237675900399681117e-01 3.318224537618865919e-03 -3.829391974944157950e-01 -1.001004000000000005e+00 -3.173600589820038675e-03 9.999944546755163977e-01 1.009394626898317809e-03 5.880999999999999943e-03 3.829404233703273541e-01 2.828500211443383053e-04 9.237729981682837321e-01 2.816132300000000033e+00
9.235263462089354780e-01 2.429847758644219230e-03 -3.835272919856462237e-01 -1.024277000000000104e+00 -2.403410950787270885e-03 9.999969615739945361e-01 5.481410223091922902e-04 6.098700000000000301e-03 3.835274585655829571e-01 4.155510179436502612e-04 9.235293800651803720e-01 2.874361299999999897e+00
9.237769755208369293e-01 3.337314117702118530e-03 -3.829163901324343922e-01 -1.036807299999999987e+00 -3.723758575090460685e-03 9.999930308677661417e-01 -2.680260683347218719e-04 6.327400000000000385e-03 3.829128270502952791e-01 1.673484502065327503e-03 9.237829649490035822e-01 2.903360600000000069e+00
9.234811863244349883e-01 3.146541519469951090e-03 -3.836308092180300000e-01 -1.059908599999999979e+00 -3.258107943982486900e-03 9.999946279116017633e-01 3.589993905063939140e-04 6.429100000000000092e-03 3.836298779258982550e-01 9.183814040350994461e-04 9.234864770737885031e-01 2.959163399999999999e+00
9.236519801884366387e-01 3.288989757342760528e-03 -3.832182172605521631e-01 -1.092233999999999927e+00 -3.340334146930255647e-03 9.999942798433043567e-01 5.314588016162143319e-04 6.291399999999999944e-03 3.832177731548558342e-01 7.891939223397703056e-04 9.236576830791731751e-01 3.036869999999999958e+00
9.232840357447873458e-01 2.874342584192586449e-03 -3.841071822988042506e-01 -1.111582199999999965e+00 -2.528554959591462845e-03 9.999958158707433764e-01 1.405222694996877564e-03 6.003399999999999882e-03 3.841096142361376531e-01 -3.261835601405400345e-04 9.232874405382380800e-01 3.083591699999999935e+00
9.231297585299191866e-01 2.517566760289182901e-03 -3.844803125962377166e-01 -1.138176700000000041e+00 -2.253611778599905885e-03 9.999968141430362056e-01 1.137074196934454709e-03 5.849499999999999665e-03 3.844819503571585972e-01 -1.831976677400496290e-04 9.231324911886538143e-01 3.147511199999999842e+00
9.177325388562050934e-01 2.481566499225760711e-03 -3.971911743131434358e-01 -1.155099899999999957e+00 -2.199091332754125709e-03 9.999969014634577658e-01 1.166645101864308880e-03 5.623999999999999659e-03 3.971928387091768764e-01 -1.972085023996214027e-04 9.177351524197775445e-01 3.187253500000000184e+00
9.172598893401490150e-01 2.178234933371385636e-03 -3.982832543558322835e-01 -1.172501999999999933e+00 -2.006814901591735291e-03 9.999976273992386977e-01 8.472838037720674571e-04 5.725300000000000007e-03 3.982841549718595942e-01 2.210132180806837670e-05 9.172620843629606391e-01 3.227490899999999829e+00
9.141589658856297262e-01 2.475855221015748567e-03 -4.053483134686028944e-01 -1.189569000000000099e+00 -2.291226131780736436e-03 9.999969326980507889e-01 9.406791712504025682e-04 5.748600000000000411e-03 4.053493991283683151e-01 6.881434987209282712e-05 9.141618346282326391e-01 3.265130000000000088e+00
9.109634600425630113e-01 2.418434791594242100e-03 -4.124799699869564629e-01 -1.204755699999999985e+00 -1.769511413664856580e-03 9.999965230747664968e-01 1.955164375438271304e-03 5.446000000000000320e-03 4.124832642624893797e-01 -1.051195289601147094e-03 9.109645721386888662e-01 3.300788600000000184e+00
8.992755780857459857e-01 1.618511212334452967e-03 -4.373794863502437624e-01 -1.221045099999999994e+00 -9.416776630207243995e-04 9.999980001954594799e-01 1.764326574353880517e-03 5.392799999999999677e-03 4.373814672591038177e-01 -1.174745307524627334e-03 8.992753038262176757e-01 3.334654599999999913e+00
8.894879045871290080e-01 1.336800863665991556e-03 -4.569567600513743666e-01 -1.238045499999999910e+00 -9.644574143371177286e-04 9.999989856767415031e-01 1.048077947510166587e-03 5.511799999999999859e-03 4.569576976210099617e-01 -4.915373221117816990e-04 8.894882916463636713e-01 3.368458299999999905e+00
8.735615616598554345e-01 1.379641425891690431e-03 -4.867117160906757056e-01 -1.257131100000000057e+00 -9.664857557740175881e-04 9.999989280147755233e-01 1.099942991100654258e-03 5.536000000000000122e-03 4.867127118698241772e-01 -4.904679762727338433e-04 8.735619586185547902e-01 3.402337100000000003e+00
8.684027732794272758e-01 1.536900865209432643e-03 -4.958570976565024324e-01 -1.276817700000000055e+00 -9.567742623831466476e-04 9.999985285957604386e-01 1.423864222752690588e-03 5.346799999999999643e-03 4.958585563884226888e-01 -7.620643309540445654e-04 8.684029659750966967e-01 3.436767600000000034e+00
8.654560022857159529e-01 2.384051138283618809e-03 -5.009792654469813478e-01 -1.296181800000000051e+00 -2.151244387996613210e-03 9.999971427371793231e-01 1.042432281068281100e-03 5.859500000000000125e-03 5.009803192294184360e-01 1.755495586685501107e-04 8.654586581270895529e-01 3.470394799999999780e+00
8.511702477204139417e-01 1.095398731902374459e-03 -5.248885686478488299e-01 -1.315149700000000088e+00 -4.800922786612612722e-04 9.999990288168980612e-01 1.308387046953622462e-03 5.501899999999999673e-03 5.248894920904525474e-01 -8.616651779043020326e-04 8.511699469707256771e-01 3.501549699999999987e+00
8.399420794934143730e-01 1.856708227767028211e-03 -5.426728809612982873e-01 -1.335653900000000061e+00 -1.682559667917119320e-03 9.999982506170959073e-01 8.171632098987605727e-04 5.500599999999999587e-03 5.426734488522931832e-01 2.267097365699904531e-04 8.399437341354792919e-01 3.532771799999999907e+00
8.217262599099200981e-01 1.861328034518248704e-03 -5.698793637537705736e-01 -1.356569300000000089e+00 -1.465680662752787133e-03 9.999982614559753680e-01 1.152764165672123288e-03 5.694499999999999909e-03 5.698805186656666910e-01 -1.119954228601705319e-04 8.217275594151483009e-01 3.563173499999999994e+00
8.163370608638886861e-01 2.115619764493124628e-03 -5.775719238442255099e-01 -1.377164199999999949e+00 -1.826281637496405185e-03 9.999977473188244037e-01 1.081689723168228036e-03 5.863799999999999742e-03 5.775729112029824863e-01 1.717855894723565430e-04 8.163390856342864765e-01 3.592303799999999825e+00
7.866487895922888995e-01 9.974953663507300696e-04 -6.173999407482808621e-01 -1.398067699999999913e+00 -3.472759073691812810e-04 9.999992515443359986e-01 1.173162483147127937e-03 5.807699999999999842e-03 6.174006488759391509e-01 -7.084587227297342669e-04 7.866485472266552259e-01 3.618897399999999820e+00
7.222190909004894133e-01 5.960179978641455979e-04 -6.916641016428543010e-01 -1.420487599999999961e+00 8.502788605058270686e-04 9.999981080395163868e-01 1.749555156894516336e-03 5.242100000000000405e-03 6.916638358080678950e-01 -1.851669499090293630e-03 7.222172177090049328e-01 3.642360000000000042e+00
6.146182268873759957e-01 1.076687826487268598e-04 -7.888247103034051744e-01 -1.446758500000000058e+00 2.497326268505637228e-03 9.999947136781244250e-01 2.082300966400135733e-03 5.381000000000000366e-03 7.888207645208933361e-01 -3.249772798101764094e-03 6.146147089335189939e-01 3.662574999999999914e+00
4.923150596403664259e-01 1.420309734489751813e-03 -8.704159148197835316e-01 -1.474794299999999891e+00 8.311958410867404702e-04 9.999974455879301338e-01 2.101887506146600092e-03 5.617300000000000418e-03 8.704166767501507751e-01 -1.758276961359818815e-03 4.923126215092915592e-01 3.677586600000000150e+00
4.714110822858369465e-01 1.570475505560257282e-03 -8.819121980700698193e-01 -1.502715500000000093e+00 -9.893422309495900069e-04 9.999987269439273296e-01 1.251923509879977053e-03 5.884600000000000247e-03 8.819130414615977687e-01 2.823423648086959351e-04 4.714120358908362451e-01 3.692052799999999912e+00
4.617799052667205251e-01 1.469403158815667416e-03 -8.869933257619334599e-01 -1.529194600000000070e+00 -1.579587235636870611e-03 9.999984044595866539e-01 8.342556238007561679e-04 5.988799999999999853e-03 8.869931363860846796e-01 1.015840852541704826e-03 4.617814895286932453e-01 3.705318000000000112e+00
4.612670077762323073e-01 2.195393000912612344e-03 -8.872586588964531673e-01 -1.554274900000000015e+00 -2.045297094511880701e-03 9.999969128570869170e-01 1.411040782829778772e-03 6.021999999999999575e-03 8.872590175912310473e-01 1.163840997375299507e-03 4.612700740099843211e-01 3.718320799999999871e+00
4.529468110933079217e-01 2.421675204218579850e-03 -8.915342516188642374e-01 -1.578567899999999913e+00 -2.139675772915081067e-03 9.999963837052525673e-01 1.629221901429221339e-03 5.895499999999999699e-03 8.915349730145138984e-01 1.169643374097120627e-03 4.529503547038984390e-01 3.730704100000000079e+00
4.445709929148983219e-01 2.366598651318069495e-03 -8.957404933737700414e-01 -1.602570999999999968e+00 -2.494339648619634062e-03 9.999959034271643787e-01 1.404065029351860483e-03 6.056999999999999884e-03 8.957401467660019989e-01 1.610074443280264242e-03 4.445750747982936124e-01 3.742298400000000136e+00
4.359498522526841224e-01 1.779140642076910105e-03 -8.999692000171110040e-01 -1.625800499999999982e+00 -2.439565418287718140e-03 9.999967081265580537e-01 7.951456579782807243e-04 6.243199999999999965e-03 8.999676521083593839e-01 1.848890105770811332e-03 4.359527574909282110e-01 3.753418400000000155e+00
4.277973581978244955e-01 1.589149412285520164e-03 -9.038732737077180834e-01 -1.648032200000000058e+00 -2.699352336558929946e-03 9.999962412712377624e-01 4.805625448986799129e-04 6.592399999999999996e-03 9.038706399789325774e-01 2.234289046179620004e-03 4.278000398977690466e-01 3.763673300000000221e+00
4.006107769716253375e-01 1.256311284638142890e-03 -9.162474704227820954e-01 -1.691287999999999903e+00 -1.950468800746897949e-03 9.999979634942379736e-01 5.183423908474179935e-04 6.405300000000000056e-03 9.162462556789239265e-01 1.579458556888188505e-03 4.006124115214344528e-01 3.783161400000000008e+00
3.878740591865251219e-01 1.108891468423674935e-03 -9.217117144584197064e-01 -1.713713400000000053e+00 -1.928997932809731588e-03 9.999980629172844360e-01 3.913165650279066838e-04 6.229400000000000388e-03 9.217103629541893994e-01 1.626198447332502994e-03 3.878754468917395837e-01 3.792345500000000147e+00
3.793187112370874914e-01 1.717224910439248565e-03 -9.252644845902397996e-01 -1.737012299999999954e+00 -1.697615647871237535e-03 9.999978862770328991e-01 1.159975249077453046e-03 6.146500000000000054e-03 9.252645207758412038e-01 1.130743150912927363e-03 3.793208246502945968e-01 3.801868199999999920e+00
3.415314957449113731e-01 1.216851159691294823e-03 -9.398695423767592372e-01 -1.761570300000000033e+00 -9.630069116045201442e-04 9.999990900209797529e-01 9.447618221607841310e-04 6.331299999999999775e-03 9.398698367497128059e-01 5.824349470701361284e-04 3.415323567944926753e-01 3.810668499999999792e+00
2.641257366150997488e-01 7.566742592058865041e-04 -9.644879588162811324e-01 -1.788111299999999959e+00 -4.186889384974821614e-04 9.999996879826968943e-01 6.698761689157095665e-04 6.501100000000000108e-03 9.644881647574032879e-01 2.268889031146292638e-04 2.641259710144421291e-01 3.816981300000000132e+00
2.278917697081174476e-01 1.164430652603920058e-03 -9.736857734405683917e-01 -1.816494000000000053e+00 -1.677650752685983350e-03 9.999982701431862075e-01 8.032425456523273766e-04 6.442599999999999716e-03 9.736850244238404173e-01 1.450452305458640881e-03 2.278933289959476083e-01 3.822943700000000167e+00
2.012731695473975735e-01 1.486903991631801768e-03 -9.795340220415338361e-01 -1.846849900000000044e+00 -2.260411920382695769e-03 9.999968903330108683e-01 1.053500004018893040e-03 6.424499999999999655e-03 9.795325424702818751e-01 2.002109094916010995e-03 2.012759046703735955e-01 3.828737299999999788e+00
1.884067311299443548e-01 2.029877088248661227e-03 -9.820889894830991951e-01 -1.879140500000000102e+00 -1.383428423332578542e-03 9.999974203743863255e-01 1.801491151901193563e-03 6.257900000000000268e-03 9.820901128668010349e-01 1.019236763203668419e-03 1.884090533007747315e-01 3.835099000000000036e+00
1.770614094137983596e-01 1.736461990555898498e-03 -9.841982737213852417e-01 -1.911179299999999914e+00 -1.189169997612479074e-03 9.999980910630046349e-01 1.550401581360078430e-03 6.470300000000000010e-03 9.841990871623058634e-01 8.958627696584683421e-04 1.770631363632246824e-01 3.840719700000000181e+00
1.696206638715858084e-01 2.244133500531377348e-03 -9.855068717429594782e-01 -1.941685200000000000e+00 -7.242374192873123062e-04 9.999974211555018311e-01 2.152478224376259963e-03 6.214500000000000406e-03 9.855091607224778505e-01 3.486361680932004246e-04 1.696218517317249486e-01 3.845990700000000206e+00
1.589404484631389558e-01 2.020135718980329426e-03 -9.872861048824768115e-01 -1.971018099999999995e+00 -5.768739081096228632e-04 9.999979259611894156e-01 1.953276686405278420e-03 6.525999999999999683e-03 9.872880030967814413e-01 2.590849212360327994e-04 1.589412841780674102e-01 3.850573100000000082e+00
1.345590055908926219e-01 2.225366426369720669e-03 -9.909030839384136424e-01 -1.999235199999999990e+00 -1.151287770816120538e-03 9.999971543603556334e-01 2.089451521292776722e-03 6.786099999999999771e-03 9.909049139805792272e-01 8.596600836667411165e-04 1.345611847216040546e-01 3.854221799999999920e+00
1.237626483609696043e-01 1.517333937194384214e-03 -9.923106895364989244e-01 -2.025725599999999904e+00 -7.955928603985734822e-04 9.999986612626085014e-01 1.429861878365376246e-03 6.938500000000000223e-03 9.923115306710285077e-01 6.125118070355342571e-04 1.237636898553318154e-01 3.857439499999999910e+00
1.143457928915289495e-01 1.131173329602393196e-03 -9.934403656460242260e-01 -2.051382799999999840e+00 -2.924371633752459411e-04 9.999993467475301046e-01 1.104981908631913305e-03 6.937900000000000317e-03 9.934409666047163689e-01 1.641688500386792203e-04 1.143460489919770895e-01 3.860107699999999920e+00
9.918577536155848140e-02 1.323437456408044612e-03 -9.950680531899438463e-01 -2.088132599999999783e+00 -1.272267875538832509e-04 9.999991242480261722e-01 1.317314133071230018e-03 6.954300000000000065e-03 9.950689251399977842e-01 -4.059511878555651862e-06 9.918585687611602975e-02 3.863737800000000000e+00
9.015362535031126723e-02 1.687690428448663854e-03 -9.959264408264365542e-01 -2.111555599999999977e+00 -4.849584514611505418e-04 9.999985200155768750e-01 1.650691357069937557e-03 6.902400000000000375e-03 9.959277527268211028e-01 3.341671343381238642e-04 9.015431038408683317e-02 3.865855199999999936e+00
5.023683615096316557e-02 1.147817477870898863e-03 -9.987366734072492536e-01 -2.136087900000000150e+00 5.396909623279423814e-04 9.999991623902623195e-01 1.176415079348280216e-03 6.902000000000000149e-03 9.987371871654756594e-01 -5.981085279701081441e-04 5.023617460538076784e-02 3.866677000000000142e+00
-6.338713649318441189e-03 7.197765420909869958e-04 -9.999796511084618755e-01 -2.164502600000000054e+00 1.189521173410996416e-04 9.999997344180728831e-01 7.190369791270406676e-04 6.890699999999999603e-03 9.999799030778896425e-01 -1.143919272834083528e-04 -6.338797584814370722e-03 3.865925999999999974e+00
-3.459696724039747900e-02 1.256680304313247381e-03 -9.994005556394192080e-01 -2.195386200000000176e+00 6.622377124633636782e-04 9.999990187155267662e-01 1.234507673371822850e-03 6.914499999999999640e-03 9.994011263246500576e-01 -6.191305162675992714e-04 -3.459776551202076167e-02 3.865050600000000003e+00
-7.918834095659699202e-02 1.087088584011667962e-03 -9.968590797574913287e-01 -2.226599699999999959e+00 -3.900318986956388418e-05 9.999994012461645987e-01 1.093611477437919470e-03 6.976500000000000062e-03 9.968596717368464200e-01 1.254819625103817133e-04 -7.918825114235161777e-02 3.861854300000000073e+00
-8.900627140563227568e-02 8.280524679059001348e-04 -9.960307214035004630e-01 -2.259073499999999957e+00 9.078623236714839862e-05 9.999996570173937949e-01 8.232393060175139787e-04 7.290399999999999832e-03 9.960310614676266550e-01 -1.715241541497752398e-05 -8.900631605379305533e-02 3.859112999999999793e+00
-1.222830587142922920e-01 3.533898457631649750e-04 -9.924952033471464707e-01 -2.313029999999999919e+00 2.887333682516927047e-04 9.999999069602988344e-01 3.204878092996949097e-04 7.237699999999999689e-03 9.924952242628267696e-01 -2.473762534342607714e-04 -1.222831493725534679e-01 3.852736499999999786e+00
-1.503331626063827142e-01 9.858115004817286087e-04 -9.886349014658791790e-01 -2.349985799999999792e+00 8.695317794844821622e-04 9.999992479126083023e-01 8.649212114611782611e-04 7.130100000000000326e-03 9.886350105753122230e-01 -7.296231240077888369e-04 -1.503339067371348703e-01 3.847330100000000197e+00
-1.725805429613715969e-01 7.079125648061616871e-04 -9.849951548362856357e-01 -2.387209700000000101e+00 3.358841560318393568e-04 9.999997258923816190e-01 6.598461906646270556e-04 6.970500000000000133e-03 9.849953519550187497e-01 -2.169676524217426460e-04 -1.725807334323443687e-01 3.841251399999999983e+00
-2.064944136355702509e-01 7.949867121663646390e-04 -9.784474565010782277e-01 -2.424938200000000155e+00 5.934241522813803790e-04 9.999995877607802397e-01 6.872598090078357261e-04 7.071199999999999708e-03 9.784475995090781142e-01 -4.387190411496580747e-04 -2.064948002747900579e-01 3.833240500000000051e+00
-2.516351878015579691e-01 -1.190232142081303480e-04 -9.678221520990046844e-01 -2.484862600000000032e+00 5.259580006650541473e-04 9.999998279541626456e-01 -2.597302959625273893e-04 7.532900000000000360e-03 9.678220165031667932e-01 -5.743910859196272580e-04 -2.516350819075595657e-01 3.818214699999999961e+00
-2.774149881640323723e-01 4.574932414661516582e-04 -9.607500793868738453e-01 -2.545790900000000079e+00 1.117234196240242308e-03 9.999993640997147937e-01 1.535835826459638616e-04 7.383899999999999665e-03 9.607495387090753125e-01 -1.030776454969622915e-03 -2.774153228828561968e-01 3.801394199999999834e+00
-3.254791891915861934e-01 6.748109916852751021e-04 -9.455489633188298715e-01 -2.621645200000000120e+00 7.133722005472881806e-04 9.999996359855016781e-01 4.681121314593348660e-04 7.782899999999999714e-03 9.455489350125099168e-01 -5.221675876898310750e-04 -3.254795521038444939e-01 3.777066700000000221e+00
-3.285339855078670546e-01 -1.059074580582585064e-04 -9.444921435088419193e-01 -2.674915799999999955e+00 6.728393249051320413e-04 9.999997137255850488e-01 -3.461733535892644971e-04 7.458000000000000219e-03 9.444919097872460645e-01 -7.492211677479955088e-04 -3.285338201982900275e-01 3.759112599999999915e+00
-3.289743702234083633e-01 -9.590482945166102068e-04 -9.443383630682812280e-01 -2.737063200000000140e+00 1.281199613815938625e-03 9.999981106860833524e-01 -1.461900069561266821e-03 7.203099999999999607e-03 9.443379809494382160e-01 -1.690813600788132129e-03 -3.289725199552478996e-01 3.738160600000000056e+00
-3.281868874130681180e-01 6.154309862034787254e-04 -9.446126127544688389e-01 -2.806530500000000039e+00 2.433669638920126724e-03 9.999970198006327138e-01 -1.940153129630873760e-04 7.508500000000000417e-03 9.446096782175225082e-01 -2.362548317873392877e-03 -3.281874071064198040e-01 3.712763799999999836e+00
-3.281113956289501976e-01 -8.531092834897065430e-04 -9.446386527466323901e-01 -2.878233199999999936e+00 1.523279313694391422e-03 9.999978142073745468e-01 -1.432201314634936511e-03 8.140599999999999573e-03 9.446378097866687806e-01 -1.908870090811571165e-03 -3.281093789217575107e-01 3.688242900000000102e+00
-3.287084941188322951e-01 -9.529399330337317425e-04 -9.444309491961883074e-01 -2.959461199999999792e+00 1.510453689485996651e-03 9.999976815800247776e-01 -1.534719592427120092e-03 7.701200000000000059e-03 9.444302221041961376e-01 -1.930994577799531641e-03 -3.287062926628557813e-01 3.660582999999999920e+00
-3.276219726331257021e-01 -1.017318902267469417e-03 -9.448083446446849942e-01 -3.045234000000000218e+00 -3.393958433598371380e-04 9.999994825101520268e-01 -9.590567708745196141e-04 7.999799999999999620e-03 9.448088313825396822e-01 6.455953803028466158e-06 -3.276221483658876554e-01 3.630701100000000014e+00
-3.281317795521570546e-01 -2.077235056668209814e-03 -9.446296736512432846e-01 -3.104166699999999945e+00 1.488142496142022889e-05 9.999975707300139405e-01 -2.204158028310056021e-03 7.994299999999999323e-03 9.446319574450560141e-01 -7.373117318483239559e-04 -3.281309515192559756e-01 3.610278800000000121e+00
-3.376766234573637115e-01 -1.828058331638451970e-03 -9.412604082681743645e-01 -3.162886100000000145e+00 2.090922529265197040e-04 9.999979436980985792e-01 -2.017146500458141117e-03 8.119499999999999981e-03 9.412621602140733845e-01 -8.779534786488706489e-04 -3.376755468594457854e-01 3.589484500000000189e+00
-3.473432059160423413e-01 -4.124837188033909962e-05 -9.377380740924079472e-01 -3.217623500000000192e+00 -3.533802385557734235e-04 9.999999337848015646e-01 8.690684325379883037e-05 7.385700000000000251e-03 9.377380084151294426e-01 3.615646058774239519e-04 -3.473431974930025756e-01 3.569564300000000134e+00
-3.476877419697252947e-01 -8.722641032648419720e-04 -9.376099792767397245e-01 -3.269745599999999808e+00 -6.312596323141469058e-04 9.999995583946474920e-01 -6.962196396586442862e-04 7.816500000000000531e-03 9.376101725105540075e-01 3.498082963444199868e-04 -3.476881390540744743e-01 3.550844199999999784e+00
-3.473518016830509647e-01 -1.558985266514062483e-03 -9.377335951284228033e-01 -3.316892600000000080e+00 -1.047147699387030286e-03 9.999986394111564092e-01 -1.274620544230436721e-03 8.196200000000000707e-03 9.377343063732038742e-01 5.392038342759836178e-04 -3.473529615678999649e-01 3.533258200000000127e+00
-3.484816964883173385e-01 -1.016633891961663894e-03 -9.373150343764653503e-01 -3.384536999999999907e+00 -1.738065123010736372e-03 9.999983934524617757e-01 -4.384314354782621517e-04 7.009399999999999832e-03 9.373139742595608670e-01 1.476329240094070676e-03 -3.484829036118162193e-01 3.508917999999999981e+00
