9.999973450280341680e-01 -2.567143383535001205e-04 -2.289985727330190457e-03 -4.220000000000000118e-04 2.564853383374670194e-04 9.999999620782173970e-01 -1.002937440219280892e-04 -9.000000000000000567e-05 2.290011387331986580e-03 9.970612998078710344e-05 9.999973729498161656e-01 -7.910999999999999846e-04
9.996208225803326908e-01 1.069970796401438148e-02 -2.537178183147180757e-02 -2.916240000000000152e-02 -1.068066416156279036e-02 9.999425675676666403e-01 8.859905474668295939e-04 -6.299999999999999990e-05 2.537980450844537147e-02 -6.146671189348007578e-04 9.996776919124713556e-01 3.397479999999999944e-02
9.988651597698594564e-01 1.141596515515581542e-02 -4.623925104831821953e-02 -3.144860000000000017e-02 -1.129716999992409418e-02 9.999321811836565654e-01 2.829661338013622109e-03 -1.682499999999999968e-03 4.626841847227916582e-02 -2.304077444727551521e-03 9.989263860161081698e-01 5.031240000000000018e-02
9.983047125508393016e-01 1.196664071834919151e-02 -5.696051622575067780e-02 -3.461090000000000000e-02 -1.174926007024353937e-02 9.999223643575136933e-01 4.149716313354462512e-03 -2.395800000000000013e-03 5.700575222368212819e-02 -3.473437432499183394e-03 9.983678076970503579e-01 6.720080000000000497e-02
9.967714135294294397e-01 1.203807879874786192e-02 -7.938409053064945931e-02 -3.734479999999999744e-02 -1.165590566999821602e-02 9.999181491955538847e-01 5.275866976175587128e-03 -3.059200000000000200e-03 7.944110418137020901e-02 -4.333539912511927966e-03 9.968301416983093022e-01 8.520709999999999396e-02
9.932111926361261167e-01 1.038671884508434243e-02 -1.158604457697151729e-01 -4.054119999999999946e-02 -9.752937873852191714e-03 9.999342225963612218e-01 6.035783581236671934e-03 -3.282600000000000101e-03 1.159155167574760920e-01 -4.864828079584770058e-03 9.932471628062188307e-01 1.034386999999999945e-01
9.903568867703631540e-01 1.224764412993894699e-02 -1.379972175073852780e-01 -4.432339999999999891e-02 -1.155229415102647372e-02 9.999162235470032689e-01 5.838697401612458031e-03 -3.357999999999999874e-03 1.380571668779364269e-01 -4.188209732786627414e-03 9.904154065708347110e-01 1.225389000000000062e-01
9.897395004625253456e-01 1.286130555325038297e-02 -1.423035770585427962e-01 -4.720640000000000253e-02 -1.219969315067071305e-02 9.999103399286979332e-01 5.520832428641713960e-03 -3.309799999999999895e-03 1.423618232224502234e-01 -3.728125955704114040e-03 9.898076643296100929e-01 1.412538999999999878e-01
9.885155802844245443e-01 1.292775970648659886e-02 -1.505650044463146542e-01 -5.056070000000000009e-02 -1.228707550527277995e-02 9.999110690293697701e-01 5.184766925390773065e-03 -2.850899999999999962e-03 1.506186419752719163e-01 -3.275219307808552305e-03 9.885865149940142871e-01 1.598333000000000115e-01
9.848363554585060076e-01 1.264588871469023157e-02 -1.730243753516330363e-01 -5.394929999999999864e-02 -1.195028750491054087e-02 9.999157828670084402e-01 5.061403165891347443e-03 -2.583699999999999972e-03 1.730738096759793232e-01 -2.916962816593006262e-03 9.849045373700791028e-01 1.781306000000000000e-01
9.773771357718241681e-01 1.209042069931204333e-02 -2.111581307877551106e-01 -5.806730000000000225e-02 -1.124920060033552174e-02 9.999232844850179935e-01 5.184653368065408885e-03 -2.283100000000000147e-03 2.112046163234091167e-01 -2.692001487226169856e-03 9.774381633493108845e-01 1.964348999999999956e-01
9.720873830004433946e-01 1.289817206501040793e-02 -2.342642887183848388e-01 -6.306259999999999644e-02 -1.213406583874386720e-02 9.999153202841933874e-01 4.702840331119798045e-03 -2.010599999999999974e-03 2.343051093287775721e-01 -1.728993447171799005e-03 9.721615741861480142e-01 2.151740000000000042e-01
9.690592125137715840e-01 1.375407728230283906e-02 -2.464448579303317177e-01 -6.798930000000000251e-02 -1.322873625064291229e-02 9.999053241850437423e-01 3.787242217448135145e-03 -1.043099999999999930e-03 2.464736155847109256e-01 -4.099079349516782968e-04 9.691494151038244631e-01 2.351740999999999970e-01
9.623522246499218724e-01 1.281499632298797008e-02 -2.715031704798085976e-01 -7.301810000000000245e-02 -1.185662637091885151e-02 9.999163422163916959e-01 5.170007707170930222e-03 -1.230399999999999983e-03 2.715467107560808890e-01 -1.756256767554211255e-03 9.624236590191035390e-01 2.539095000000000102e-01
9.500945867000725187e-01 1.210764423829402761e-02 -3.117269338286589031e-01 -7.943890000000000673e-02 -1.096495461061840204e-02 9.999252037163811613e-01 5.418186333136799579e-03 -1.132500000000000043e-03 3.117692192850430866e-01 -1.729717824507096685e-03 9.501562829254154297e-01 2.731270000000000087e-01
9.400083109204294685e-01 1.457400344055962381e-02 -3.408401000824812788e-01 -9.434879999999999656e-02 -1.348187168105208396e-02 9.998935867155889223e-01 5.572645781922715147e-03 -6.022999999999999491e-04 3.408850459267712130e-01 -6.431708557540658996e-04 9.401047663929554821e-01 3.141519999999999868e-01
9.271199429894488864e-01 1.333463040823273937e-02 -3.745274341661993800e-01 -1.096855999999999942e-01 -1.179377111013556884e-02 9.999099315848324343e-01 6.405909850867875718e-03 -3.692999999999999777e-04 3.745791215140570340e-01 -1.521955942709650542e-03 9.271937043443865267e-01 3.536918000000000006e-01
9.197041764954874132e-01 1.516596555864346135e-02 -3.923190299047848439e-01 -1.268128000000000033e-01 -1.371026502403310462e-02 9.998848037965418767e-01 6.512124823886649219e-03 9.950000000000000619e-05 3.923725989027880834e-01 -6.104305244223227553e-04 9.198061594732048762e-01 3.940836999999999812e-01
9.057342951859836955e-01 1.508946797098497349e-02 -4.235772591633101269e-01 -1.453837000000000046e-01 -1.368580747209246877e-02 9.998861466725637026e-01 6.355498889100118405e-03 8.679999999999999565e-04 4.236249345798547283e-01 4.060351159127905535e-05 9.058376858762107187e-01 4.341312999999999978e-01
8.744095787653517471e-01 1.585363751516132708e-02 -4.849294286191940806e-01 -1.671013000000000082e-01 -1.491700341035892725e-02 9.998719677279533924e-01 5.790609733528651396e-03 1.794699999999999985e-03 4.849591442303727851e-01 2.170329322606589367e-03 8.745341148851633051e-01 4.729868999999999879e-01
8.529350137995708181e-01 1.593984858318497899e-02 -5.217736898904264953e-01 -1.898680000000000090e-01 -1.508485162079875770e-02 9.998688902693528835e-01 5.886384553474139497e-03 2.834099999999999987e-03 5.217991083609708758e-01 2.850175201286704249e-03 8.530636359703873683e-01 5.121312000000000086e-01
7.946624183346397974e-01 1.474378283760867554e-02 -6.068725251271304133e-01 -2.149075000000000013e-01 -1.278780308747701384e-02 9.998897500724336362e-01 7.547171144348057900e-03 3.568399999999999784e-03 6.069168913275836408e-01 1.763113077372650567e-03 7.947633474522703967e-01 5.472890999999999728e-01
7.156053890362382708e-01 1.598641279707021731e-02 -6.983218182100396909e-01 -2.440741999999999912e-01 -1.337480802569873152e-02 9.998683778171381098e-01 9.183765654702254200e-03 4.434900000000000300e-03 6.983767190367744515e-01 2.767968064565320529e-03 7.157250146950460135e-01 5.773213999999999846e-01
7.009486480837511246e-01 1.748414367439199077e-02 -7.129974035503456875e-01 -2.714511000000000007e-01 -1.547345211440744571e-02 9.998369714573249745e-01 9.306061825900817375e-03 4.956300000000000289e-03 7.130438731447206191e-01 4.509459725684136430e-03 7.011049135070712701e-01 6.044188000000000338e-01
6.732929918640460087e-01 1.766267880528821915e-02 -7.391647833089608488e-01 -2.990166000000000213e-01 -1.564751298875263763e-02 9.998311144324447675e-01 9.638358264894479263e-03 5.229900000000000000e-03 7.392101882712579508e-01 5.076651474827133942e-03 6.734556593910059341e-01 6.298013999999999557e-01
6.649773881416043420e-01 1.809560975322252116e-02 -7.466442406983592184e-01 -3.271111999999999909e-01 -1.616054494234011804e-02 9.998210028255170023e-01 9.838653167180248099e-03 5.778000000000000150e-03 7.466886299171408004e-01 5.523695921802596401e-03 6.651507939827079330e-01 6.548038000000000469e-01
6.364491143603326906e-01 1.803867363775521135e-02 -7.711077298817193837e-01 -3.560526999999999997e-01 -1.672925504834011159e-02 9.998141507331214095e-01 9.581023918918869092e-03 6.481999999999999915e-03 7.711372490390252521e-01 6.802223695076759641e-03 6.366326043310430727e-01 6.787781000000000509e-01
6.096653941160662393e-01 1.694549401313858242e-02 -7.924777330940929732e-01 -3.861792000000000002e-01 -1.530683893974942554e-02 9.998367219835859743e-01 9.603647993869679142e-03 7.492799999999999981e-03 7.925110774613653986e-01 6.275317184674487382e-03 6.098252311074522369e-01 7.021165000000000322e-01
5.597012766009689111e-01 1.819273415204001113e-02 -8.284947226116282648e-01 -4.165635999999999783e-01 -1.617504180609667316e-02 9.998083650247706622e-01 1.102729563700283362e-02 7.698899999999999841e-03 8.285365707039228367e-01 7.228945328886775094e-03 5.598882864961681749e-01 7.227293000000000189e-01
5.279375628590318170e-01 1.750529881642881591e-02 -8.491027583489605401e-01 -4.477168999999999732e-01 -1.429199641650119590e-02 9.998290991121806526e-01 1.172652578371414372e-02 8.048800000000000052e-03 8.491629222716312597e-01 5.944500136506985534e-03 5.280975235287801439e-01 7.428683999999999843e-01
5.131076166096200097e-01 1.778489470826759983e-02 -8.581400068155611294e-01 -4.799699000000000049e-01 -1.479501845154167217e-02 9.998200318559832267e-01 1.187481909417573492e-02 8.510800000000000656e-03 8.581967613584975396e-01 6.603137111759403190e-03 5.132784014295453945e-01 7.621238999999999653e-01
5.043790107167169801e-01 1.809952194698332892e-02 -8.632926623421031120e-01 -5.127853999999999468e-01 -1.420238544406825058e-02 9.998189395028960202e-01 1.266414067366783067e-02 9.116700000000000151e-03 8.633655690355759305e-01 5.873288397056496135e-03 5.045447439893522290e-01 7.817266000000000492e-01
4.900690538400235274e-01 1.742899452218231102e-02 -8.715093531444682018e-01 -5.459222999999999715e-01 -1.397696967528400461e-02 9.998286705427605892e-01 1.213564499283147080e-02 9.803100000000000355e-03 8.715715500101182123e-01 6.233755741251276183e-03 4.902286951029265483e-01 8.009034000000000431e-01
4.559844984003970647e-01 1.739218763255060904e-02 -8.898177616949958235e-01 -5.801927000000000056e-01 -1.491734942733819423e-02 9.998179400471480793e-01 1.189787569022574508e-02 1.088420000000000012e-02 8.898626916016880717e-01 7.848475599218333529e-03 4.561609272243376534e-01 8.181047000000000180e-01
4.442826482130301513e-01 1.814921506304088133e-02 -8.957028159436656312e-01 -6.155623999999999540e-01 -1.408659762858147611e-02 9.998126990253992652e-01 1.327157243120849137e-02 1.099119999999999958e-02 8.957759185555654868e-01 6.721075817297441496e-03 4.444550943298892776e-01 8.361222999999999850e-01
4.377369538291668860e-01 1.857570895248064277e-02 -8.989111759730629148e-01 -6.486340999999999912e-01 -1.532816844239473161e-02 9.997954329790527117e-01 1.319619060297397110e-02 1.166110000000000063e-02 8.989724169876202042e-01 8.002201643371330622e-03 4.379321388803240067e-01 8.522406999999999622e-01
4.296781480263822117e-01 1.807061687765889463e-02 -9.028012748740884552e-01 -6.807480999999999671e-01 -1.473299790263997433e-02 9.998069469434510692e-01 1.300029293577471823e-02 1.198010000000000047e-02 9.028619096414575163e-01 7.715027496776494242e-03 4.298614317071314250e-01 8.677947000000000299e-01
4.229627282932154619e-01 1.736577742888631773e-02 -9.059806621827254380e-01 -7.160005000000000397e-01 -1.496901367732992108e-02 9.998138196449894988e-01 1.217598769810473991e-02 1.280159999999999978e-02 9.060234318737497849e-01 8.411647947154630295e-03 4.231439295021560687e-01 8.843147999999999564e-01
4.071756073235123785e-01 1.755354184747097770e-02 -9.131811966796831159e-01 -7.554237999999999786e-01 -1.491038851132219303e-02 9.998098145387309676e-01 1.257040438768165791e-02 1.301509999999999993e-02 9.132281780120291570e-01 8.497524382871771836e-03 4.073598985715115584e-01 9.018154999999999921e-01
4.059223427737418954e-01 1.701777563156446973e-02 -9.137491159774823180e-01 -8.005816999999999517e-01 -1.582242875828669335e-02 9.998076241449346258e-01 1.159161118439067453e-02 1.403710000000000027e-02 9.137705961483252315e-01 9.752436322010987063e-03 4.061135156585156114e-01 9.218159000000000214e-01
4.065665696481945424e-01 1.801998786585388285e-02 -9.134434325571640922e-01 -8.496909000000000267e-01 -1.740566245250346755e-02 9.997767841714834125e-01 1.197600711074052644e-02 1.450019999999999955e-02 9.134553450273796837e-01 1.103004392744995170e-02 4.067894673806946582e-01 9.431296999999999597e-01
4.060705875738764292e-01 1.847149466708588456e-02 -9.136550124593912914e-01 -9.022352999999999623e-01 -1.792120962051107352e-02 9.997643883913808205e-01 1.224736502868535755e-02 1.493620000000000017e-02 9.136659718699960964e-01 1.140050828568540085e-02 4.063059441574582431e-01 9.667662999999999673e-01
4.067189079380860162e-01 1.880343338218264104e-02 -9.133598200154705582e-01 -9.598060000000000480e-01 -1.809314046311074481e-02 9.997578489033535076e-01 1.252524747546684969e-02 1.593610000000000165e-02 9.133741665899212103e-01 1.143129254202530573e-02 4.069606336698745608e-01 9.917416999999999483e-01
4.082007115966777011e-01 2.077420780754143589e-02 -9.126558011331189491e-01 -1.017199600000000093e+00 -1.997281830054644866e-02 9.997049693636034240e-01 1.382247296434715653e-02 1.716929999999999845e-02 9.126736906370751523e-01 1.258596518689908753e-02 4.084951993588356034e-01 1.017254899999999962e+00
4.093061357451057702e-01 2.110105257698002487e-02 -9.121530753231897881e-01 -1.074576100000000034e+00 -2.040604057551748465e-02 9.996941771469660676e-01 1.396945548261319114e-02 1.793519999999999837e-02 9.121688882819011246e-01 1.289564882407637572e-02 4.096115495099799109e-01 1.042597999999999914e+00
4.106799661681111435e-01 2.141289306493802946e-02 -9.115280870048648731e-01 -1.133923900000000096e+00 -2.218044671634160359e-02 9.996629656073957593e-01 1.349010661522665952e-02 1.861039999999999917e-02 9.115097329001059512e-01 1.467798363591470492e-02 4.110165004288285351e-01 1.068926000000000043e+00
4.103388939341902075e-01 2.170716635639797706e-02 -9.116747177878967712e-01 -1.195469700000000079e+00 -2.164745510340220294e-02 9.996668120434435423e-01 1.405889705648160487e-02 1.958719999999999906e-02 9.116761375688253732e-01 1.396652525412906201e-02 4.106720788657468590e-01 1.097447800000000084e+00
4.119786995571209642e-01 2.176173767009603743e-02 -9.109335749025838647e-01 -1.257308799999999893e+00 -2.136970859206409334e-02 9.996705525747844323e-01 1.421695711167981352e-02 2.103090000000000168e-02 9.109428558729212311e-01 1.360930153986619415e-02 4.123080162277751315e-01 1.124918700000000049e+00
4.126717369377391753e-01 2.318305373943172973e-02 -9.105847481437978619e-01 -1.312432999999999961e+00 -2.307969106359508346e-02 9.996212376836131064e-01 1.499029793868312220e-02 2.168310000000000029e-02 9.105873738380070304e-01 1.482994238680982423e-02 4.130504901529660211e-01 1.150953300000000068e+00
4.134125908000725325e-01 2.214954612716123206e-02 -9.102743692834224243e-01 -1.367449499999999984e+00 -2.086725925269331677e-02 9.996719976503453120e-01 1.484771379872482783e-02 2.277039999999999967e-02 9.103046672731348599e-01 1.285669942593025208e-02 4.137391908202782131e-01 1.175905299999999931e+00
4.156753829759866070e-01 2.199383807467265861e-02 -9.092470770228034960e-01 -1.422815200000000058e+00 -2.351676393231827422e-02 9.996332423739948680e-01 1.342916806825780740e-02 2.471370000000000164e-02 9.092089626713534267e-01 1.580037428667372540e-02 4.160401547573052694e-01 1.201486499999999902e+00
4.181639583598840693e-01 2.175247332348764773e-02 -9.081110801180127812e-01 -1.476462200000000058e+00 -2.433262736146001720e-02 9.996227380062361334e-01 1.273989429328923305e-02 2.615479999999999888e-02 9.080456085321271242e-01 1.676936388855625182e-02 4.185354958188035601e-01 1.226607699999999967e+00
4.184825545503685906e-01 2.208875490574680606e-02 -9.079561875133137505e-01 -1.528012900000000007e+00 -2.394394008616915204e-02 9.996250549751468650e-01 1.328296650167584171e-02 2.689549999999999927e-02 9.079091580494977887e-01 1.618135880105707122e-02 4.188545384225933477e-01 1.250534899999999894e+00
4.020343011989221393e-01 2.144772644542348311e-02 -9.153733750168925321e-01 -1.576299200000000011e+00 -2.303929970759826390e-02 9.996460429316161855e-01 1.330336499329122339e-02 2.761200000000000113e-02 9.153346990737746269e-01 1.574115248269788991e-02 4.023861389139027356e-01 1.272473699999999930e+00
4.006907855627517279e-01 2.194022368468181994e-02 -9.159506105406398646e-01 -1.623101600000000033e+00 -2.326126247774021327e-02 9.996345987592635263e-01 1.376890087653776136e-02 2.835249999999999923e-02 9.159180138162184015e-01 1.578909585987665204e-02 4.010547299545051958e-01 1.292971400000000104e+00
4.008802234077712412e-01 2.222337665119443126e-02 -9.158608890059419805e-01 -1.665461400000000092e+00 -2.258012300358499050e-02 9.996417160825394888e-01 1.437280462187214523e-02 2.879929999999999990e-02 9.158521630294259586e-01 1.491847840011452202e-02 4.012384010492352493e-01 1.312128699999999926e+00
4.014655055484253054e-01 2.069041960589367360e-02 -9.156404067052084095e-01 -1.710362099999999996e+00 -2.319389185005972173e-02 9.996538409553376026e-01 1.241940594748200399e-02 3.011029999999999957e-02 9.155804122170783099e-01 1.625130147934831723e-02 4.018064259872312638e-01 1.331906400000000046e+00
4.021086643269206062e-01 2.100099019074108675e-02 -9.153510695270030695e-01 -1.755629399999999896e+00 -2.376851415524582067e-02 9.996394207208754157e-01 1.249344931092413562e-02 3.071029999999999940e-02 9.152833877046342437e-01 1.673281063782018283e-02 4.024628346072306462e-01 1.351847800000000044e+00
4.013869655434793016e-01 2.029253201704462120e-02 -9.156837429135318285e-01 -1.801105600000000084e+00 -2.263561811917948544e-02 9.996689549849321343e-01 1.223148526125624955e-02 3.142230000000000023e-02 9.156288181813416749e-01 1.581750876942619038e-02 4.017134223948319871e-01 1.372737499999999944e+00
4.001957771196025249e-01 1.869423097841711734e-02 -9.162389784896531886e-01 -1.849882500000000096e+00 -2.123661695188436282e-02 9.997126166322197749e-01 1.112161169971973874e-02 3.264979999999999966e-02 9.161835766242900636e-01 1.500699418557877550e-02 4.004777697319011898e-01 1.394795500000000077e+00
3.998562565585249140e-01 1.961035900116440966e-02 -9.163680526463416909e-01 -1.899432900000000091e+00 -2.076109234214204569e-02 9.997083727471612891e-01 1.233476809607769384e-02 3.272810000000000302e-02 9.163427039791193218e-01 1.409266756396443734e-02 4.001467800509801442e-01 1.416955799999999988e+00
4.001333593351760753e-01 1.898822037565246063e-02 -9.162601935226218908e-01 -1.950061700000000009e+00 -2.076069380712330242e-02 9.997165780728184403e-01 1.165148570017303722e-02 3.402229999999999838e-02 9.162217462709524307e-01 1.436004921092269224e-02 4.004141613965047641e-01 1.439479100000000011e+00
3.992941501030189966e-01 1.791655968238707597e-02 -9.166477941841431054e-01 -2.002856700000000156e+00 -2.040983722697570224e-02 9.997349730919957711e-01 1.064998221195199470e-02 3.523749999999999799e-02 9.165956688954384202e-01 1.445615667783104429e-02 3.995540004758179053e-01 1.463500299999999976e+00
3.991058265232346192e-01 1.722150834685165152e-02 -9.167431259003063770e-01 -2.059354799999999930e+00 -1.970118672641662030e-02 9.997538409180402041e-01 1.020396056424776113e-02 3.579009999999999830e-02 9.166931888460699840e-01 1.398846738871620254e-02 3.993468671510247425e-01 1.488609000000000071e+00
3.977949850243875374e-01 1.832862637205823556e-02 -9.172912358377577347e-01 -2.117511299999999874e+00 -1.780633856517175109e-02 9.997663517854248338e-01 1.225463767577883792e-02 3.637889999999999874e-02 9.173015230535431774e-01 1.145876489747617646e-02 3.980284066629850015e-01 1.515259499999999981e+00
3.974474107815141877e-01 1.907289362774825317e-02 -9.174267166328519130e-01 -2.172420300000000193e+00 -1.806600304249389097e-02 9.997528260638325337e-01 1.295786677847913897e-02 3.739850000000000119e-02 9.174470966748650147e-01 1.142416325359594566e-02 3.976937430948798147e-01 1.540259700000000009e+00
3.965377428952559513e-01 1.815551453082257793e-02 -9.178388724344033189e-01 -2.227114199999999933e+00 -1.849733109146496635e-02 9.997594584102240667e-01 1.178448394238325314e-02 3.829339999999999827e-02 9.178320473823238235e-01 1.230457684833799817e-02 3.967781876395862772e-01 1.564959599999999895e+00
3.955217492094885157e-01 1.560175984247687622e-02 -9.183240882129164451e-01 -2.284116000000000035e+00 -1.824874814613213977e-02 9.997918269007608494e-01 9.126119303310909620e-03 4.057750000000000246e-02 9.182753013630311489e-01 1.314868633198393311e-02 3.957241248071409201e-01 1.591574400000000056e+00
3.945997838220953735e-01 1.581248682430835134e-02 -9.187170270915777648e-01 -2.342998999999999832e+00 -1.771821963724624222e-02 9.997969527640446774e-01 9.597808948757382760e-03 4.106409999999999921e-02 9.186822493661462863e-01 1.249073673414104364e-02 3.947998305412458997e-01 1.617892600000000014e+00
3.934970915118333745e-01 1.697337905630237273e-02 -9.191691592819785095e-01 -2.372600300000000217e+00 -1.693439735277535094e-02 9.997937310380701215e-01 1.121256274334971915e-02 4.139960000000000168e-02 9.191698782912908205e-01 1.115346494979541948e-02 3.937033592206035104e-01 1.630913099999999893e+00
3.937971836293986394e-01 1.654411929843821114e-02 -9.190484591588153895e-01 -2.401053399999999893e+00 -1.677927411081233874e-02 9.998008003310285829e-01 1.080812739325909613e-02 4.171930000000000083e-02 9.190441959589691345e-01 1.116475588957229620e-02 3.939963376734082479e-01 1.643283100000000108e+00
3.938066036887152288e-01 1.692897977778660273e-02 -9.190374141104605821e-01 -2.428288199999999897e+00 -1.550527910755041504e-02 9.998104751965040116e-01 1.177285042535860561e-02 4.212130000000000041e-02 9.190625360719236747e-01 9.613705374318369870e-03 3.939944561259963729e-01 1.655296000000000101e+00
3.924899890094990518e-01 1.639087317566717550e-02 -9.196102151476256426e-01 -2.455360900000000068e+00 -1.519265161078455807e-02 9.998203198360259281e-01 1.133628598881079863e-02 4.258560000000000123e-02 9.196307910593014556e-01 9.521938853299622557e-03 3.926684871696700663e-01 1.667540400000000034e+00
3.924923115947038244e-01 1.678340793700996980e-02 -9.196021436235705115e-01 -2.480643499999999779e+00 -1.426175660894504586e-02 9.998243467337492030e-01 1.216050890625011531e-02 4.252260000000000068e-02 9.196447072850869597e-01 8.342235698641392930e-03 3.926627299172601449e-01 1.678786899999999971e+00
3.917321868842353894e-01 1.642126127827638060e-02 -9.199327344631915704e-01 -2.505942800000000137e+00 -1.440355651553659570e-02 9.998276450001096771e-01 1.171400244316440041e-02 4.304120000000000168e-02 9.199665381515775842e-01 8.661551337104634110e-03 3.919011944480860210e-01 1.690225599999999995e+00
3.909647099146154603e-01 1.498474314845599058e-02 -9.202836807605334624e-01 -2.531752800000000025e+00 -1.422772613855596315e-02 9.998463876069439982e-01 1.023586822262433603e-02 4.386609999999999815e-02 9.202956956382588594e-01 9.091680929260577762e-03 3.911178517116978837e-01 1.701664899999999925e+00
3.892725495178775419e-01 1.488607661526077444e-02 -9.210023273123995047e-01 -2.581902700000000106e+00 -1.342982340493541205e-02 9.998548492325055603e-01 1.048428870052760600e-02 4.481140000000000123e-02 9.210247130425783801e-01 8.287652819004190374e-03 3.894159636886858067e-01 1.723950899999999953e+00
3.888566970315008309e-01 1.470770959529659784e-02 -9.211808467680012713e-01 -2.627857899999999969e+00 -1.192395214691047318e-02 9.998691619103639017e-01 1.093061873202063466e-02 4.530449999999999755e-02 9.212210855918082641e-01 6.733672038867921476e-03 3.889811937895240046e-01 1.743980099999999922e+00
3.881429490911201818e-01 1.462875002815654767e-02 -9.214830713276624952e-01 -2.670534599999999870e+00 -1.127658241172917707e-02 9.998745468954032267e-01 1.112336099492686192e-02 4.555390000000000134e-02 9.215301892829987906e-01 6.073725654463652847e-03 3.882592176584024335e-01 1.762617199999999995e+00
3.880529100642807205e-01 1.452348167269442401e-02 -9.215226570577340626e-01 -2.709818799999999861e+00 -1.100778428054754489e-02 9.998775462326170427e-01 1.112300431868772782e-02 4.571429999999999938e-02 9.215713578860164068e-01 5.827608424004196951e-03 3.881652628767549018e-01 1.779329900000000020e+00
3.865248835777409520e-01 1.458658503406039773e-02 -9.221636220933125960e-01 -2.747068200000000182e+00 -1.044668788819973042e-02 9.998800218783681082e-01 1.143715701914812567e-02 4.626510000000000344e-02 9.222198116975043325e-01 5.212809756574029660e-03 3.866308905494507675e-01 1.796044900000000055e+00
3.723465932698116210e-01 1.388414613700738459e-02 -9.279898948622297139e-01 -2.783186199999999832e+00 -8.776601260784947650e-03 9.998960611711876778e-01 1.143844939901410979e-02 4.668529999999999902e-02 9.280522537824446028e-01 3.885529615231503742e-03 3.724297476154858622e-01 1.811706400000000050e+00
3.704329869545131548e-01 1.352379390504312648e-02 -9.287607383898025537e-01 -2.819577699999999965e+00 -8.552967065670064734e-03 9.999012755557117327e-01 1.114835846366255684e-02 4.715389999999999859e-02 9.288198151042702522e-01 3.813940282001246178e-03 3.705120847276027751e-01 1.826771700000000109e+00
3.623105945678515294e-01 1.358254181098972162e-02 -9.319584473686810533e-01 -2.854862699999999975e+00 -7.951643122989507026e-03 9.999024688580583353e-01 1.148146955768912167e-02 4.738420000000000132e-02 9.320234999373859797e-01 3.250742916972118937e-03 3.623832615270098367e-01 1.841026199999999946e+00
3.535303317672234824e-01 1.347479476209839655e-02 -9.353260043571309801e-01 -2.886878999999999973e+00 -7.299494314950929173e-03 9.999055380451459252e-01 1.164613109119454204e-02 4.810650000000000343e-02 9.353945808605599321e-01 2.710146262956065859e-03 3.535952957887456005e-01 1.855985900000000077e+00
3.269936014651778078e-01 1.277802858533393787e-02 -9.449401603203797517e-01 -2.918644200000000133e+00 -5.877394475034496309e-03 9.999167421774143305e-01 1.148759972715470215e-02 4.872010000000000229e-02 9.450082755378481636e-01 1.797414470532498164e-03 3.270414782045296676e-01 1.867934900000000065e+00
3.059571306856569972e-01 1.185269081924983543e-02 -9.519715058251182471e-01 -2.950824700000000078e+00 -5.524293470769990264e-03 9.999277680493208198e-01 1.067430866859959276e-02 4.925870000000000248e-02 9.520292623466196646e-01 1.993089121691007069e-03 3.060005085477872644e-01 1.878863699999999914e+00
2.719662620775834538e-01 1.171498784074101289e-02 -9.622354760407859642e-01 -2.984547099999999897e+00 -4.976919832423569098e-03 9.999296460535203046e-01 1.076722862501306235e-02 4.955729999999999857e-02 9.622939169300243067e-01 1.860645902089364326e-03 2.720054327330582167e-01 1.889564999999999939e+00
2.609356648575855697e-01 1.175898912793526055e-02 -9.652845720200956547e-01 -3.019168399999999863e+00 -3.691553496901577372e-03 9.999306524646904837e-01 1.118314331115759230e-02 4.978330000000000255e-02 9.653491343747658826e-01 6.453187022513575191e-04 2.609609785497886136e-01 1.899720099999999912e+00
2.539160906944515350e-01 1.184856115271717449e-02 -9.671536746996606260e-01 -3.052856199999999909e+00 -4.398876649010461173e-03 9.999287705800187220e-01 1.109520845045347537e-02 5.055210000000000259e-02 9.672162471602064882e-01 1.437137760461807898e-03 2.539501247575665088e-01 1.909959799999999985e+00
2.262173919302690739e-01 1.142445013169330476e-02 -9.740098426234999884e-01 -3.084629300000000018e+00 -2.237400873895344609e-03 9.999346753274604982e-01 1.120888554208845055e-02 5.057989999999999708e-02 9.740742711033878454e-01 -3.563943807076610376e-04 2.262281754279269474e-01 1.918190499999999910e+00
2.044675020934677012e-01 1.138719406579779235e-02 -9.788071170557380851e-01 -3.116747900000000016e+00 -2.904173464906744523e-03 9.999349908613610616e-01 1.102632430030630814e-02 5.089790000000000286e-02 9.788690445428046560e-01 5.881006696590116573e-04 2.044872802241225473e-01 1.925507999999999997e+00
1.716325234042931636e-01 1.159269377965660083e-02 -9.850928313416996707e-01 -3.148628500000000052e+00 -2.262173908239273855e-03 9.999327642552349182e-01 1.137319383874373264e-02 5.149290000000000117e-02 9.851584438449908498e-01 2.764413425449946393e-04 1.716472082531507182e-01 1.931621199999999927e+00
1.624863507825099196e-01 1.158431278040727465e-02 -9.866427871863195920e-01 -3.178985599999999856e+00 -2.904674352895130970e-03 9.999323629582251849e-01 1.126198808753669720e-02 5.208229999999999804e-02 9.867065159794411455e-01 1.035956652509133734e-03 1.625090093426433402e-01 1.936936900000000072e+00
1.123570970562243337e-01 1.150412585792296577e-02 -9.936012972160128687e-01 -3.208011400000000179e+00 3.159270207901748381e-04 9.999325151302295156e-01 1.161315527541691150e-02 5.249240000000000156e-02 9.936678433617625039e-01 -1.618725912091730813e-03 1.123458801879526625e-01 1.940860699999999994e+00
1.322955260076003926e-02 1.186791392436889990e-02 -9.998420533049544590e-01 -3.235704399999999925e+00 3.106001178124333587e-03 9.999242496132245694e-01 1.190998707435935930e-02 5.222050000000000303e-02 9.999076615841410165e-01 -3.263074395978050185e-03 1.319168870240272629e-02 1.942161199999999921e+00
-1.326242352441925898e-01 1.276854976627972427e-02 -9.910841419187170764e-01 -3.265371599999999930e+00 7.170895814044554034e-03 9.999032104932480403e-01 1.192257935680054136e-02 5.238190000000000207e-02 9.911404494213309491e-01 -5.525738155316999370e-03 -1.327029605499504550e-01 1.938983799999999924e+00
-2.777015079337278869e-01 1.301198953359902072e-02 -9.605792838801546774e-01 -3.291944700000000168e+00 8.205348274212390103e-03 9.999039187906246795e-01 1.117253090623286128e-02 5.295799999999999813e-02 9.606323671160742483e-01 -4.779258889133155760e-03 -2.777815939428638359e-01 1.931427100000000063e+00
-3.011000300148103381e-01 1.207577462069597991e-02 -9.535160971857739032e-01 -3.318191500000000183e+00 6.864278966605850615e-03 9.999213559984482247e-01 1.049587978652976629e-02 5.324319999999999747e-02 9.535678547430952445e-01 -3.384890771476454976e-03 -3.011592417893168561e-01 1.923119400000000034e+00
-3.117447958098562566e-01 1.140582761387730001e-02 -9.500974104700598000e-01 -3.343289599999999862e+00 6.818874118024751373e-03 9.999290552245351238e-01 9.766651090892449275e-03 5.377099999999999935e-02 9.501414027613118707e-01 -3.433891991780251354e-03 -3.118004540480260323e-01 1.915082500000000021e+00
-3.132583654608750989e-01 1.142912981030507619e-02 -9.495991635740630432e-01 -3.367364199999999919e+00 6.909805438961396512e-03 9.999285404253960285e-01 9.755441124466100733e-03 5.413319999999999937e-02 9.496428018247580205e-01 -3.505571924297201571e-03 -3.133149532146639604e-01 1.907617799999999919e+00
-3.224862404401173110e-01 1.185069106004514594e-02 -9.464999661110393703e-01 -3.390335599999999783e+00 7.068753141691044850e-03 9.999238956801701494e-01 1.011116100227790401e-02 5.423010000000000330e-02 9.465477576201959398e-01 -3.429864310948550245e-03 -3.225454674537960864e-01 1.899834999999999940e+00
-3.319657504979324769e-01 1.130178192526772041e-02 -9.432237328553911837e-01 -3.412212400000000034e+00 6.754048064195522505e-03 9.999310689075778802e-01 9.604179720054150868e-03 5.453419999999999795e-02 9.432672597578541929e-01 -3.182319698310431474e-03 -3.320192005144383396e-01 1.892287700000000017e+00
-3.413770570149965988e-01 1.167147119980042197e-02 -9.398539682864628375e-01 -3.433092600000000161e+00 7.224077397875287160e-03 9.999259471567295554e-01 9.793513591498955936e-03 5.455249999999999683e-02 9.398986741396802014e-01 -3.446296961899349403e-03 -3.414360926845917410e-01 1.885042799999999907e+00
-3.504477358562718692e-01 1.154245432360333050e-02 -9.365111618028908458e-01 -3.453346699999999991e+00 7.683125445230296925e-03 9.999258405394598759e-01 9.448968454151957658e-03 5.494310000000000166e-02 9.365507749271290150e-01 -3.883963136055087594e-03 -3.505104289657473560e-01 1.877473200000000064e+00
-3.791428291666202877e-01 1.201558315417484112e-02 -9.252601476628050658e-01 -3.492033199999999837e+00 9.115191286710044513e-03 9.999156722969030353e-01 9.249950423593670396e-03 5.497559999999999947e-02 9.252932661482722310e-01 -4.926870862663766670e-03 -3.792203812615627667e-01 1.862997100000000072e+00
-3.922129357170971442e-01 1.214542019991562451e-02 -9.197942714674534059e-01 -3.511704899999999796e+00 9.561488338759969660e-03 9.999126414578511923e-01 9.126192718238040208e-03 5.492240000000000316e-02 9.198247610262095808e-01 -5.215191362754140192e-03 -3.922948008604318915e-01 1.854645799999999900e+00
-4.011436708694853248e-01 1.232487421729007958e-02 -9.159322315525758595e-01 -3.532166500000000209e+00 9.466939917382366856e-03 9.999118582195186677e-01 9.308750753448415821e-03 5.523490000000000344e-02 9.159662288370430394e-01 -4.936928956054803183e-03 -4.012249921958105370e-01 1.845848200000000050e+00
-4.705561799831000092e-01 1.282366655086762675e-02 -8.822768471720791039e-01 -3.562884100000000220e+00 1.166365809849222862e-02 9.998974252769012860e-01 8.312520940421093754e-03 5.567160000000000164e-02 8.822929448655211226e-01 -6.379067393876733730e-03 -4.706574836754543467e-01 1.830470299999999995e+00
-5.343805036386022334e-01 1.274180055364023886e-02 -8.451479893187967551e-01 -3.583099799999999835e+00 1.149803403992737810e-02 9.999034351796831643e-01 7.804840106364993590e-03 5.573079999999999701e-02 8.451658254710554541e-01 -5.546785963105616349e-03 -5.344754069377832817e-01 1.817158499999999899e+00
-5.581665108053662783e-01 1.372528496236641304e-02 -8.296154306472757201e-01 -3.604934200000000200e+00 1.272934982315607200e-02 9.998871515306134716e-01 7.977960709084984392e-03 5.564109999999999889e-02 8.296313095998985032e-01 -6.107434543065177156e-03 -5.582782365226675036e-01 1.802381299999999964e+00
-5.724763512537485166e-01 1.308429496223533807e-02 -8.198168261755401920e-01 -3.627797600000000067e+00 1.232854599695991892e-02 9.998969914714730400e-01 7.349380919355188307e-03 5.608069999999999722e-02 8.198285395183529944e-01 -5.899802677900464060e-03 -5.725786916394690618e-01 1.786169200000000012e+00
-5.829416710879518071e-01 1.474424631762785882e-02 -8.123802159763064967e-01 -3.651082000000000161e+00 1.388350351098903250e-02 9.998701213734426663e-01 8.184663396713027020e-03 5.625689999999999857e-02 8.123953818427611662e-01 -6.507502222992796181e-03 -5.830706612198655048e-01 1.769937000000000094e+00
-5.874094688767613759e-01 1.486508053295930269e-02 -8.091533508888588688e-01 -3.674082299999999801e+00 1.417045200682325555e-02 9.998669342514022729e-01 8.081588991301997746e-03 5.652759999999999729e-02 8.091658137636823511e-01 -6.718866827869801779e-03 -5.875419497063216756e-01 1.753763299999999914e+00
-5.962008644267960955e-01 1.529128938454714197e-02 -8.026896696268733811e-01 -3.695400999999999936e+00 1.459961717755208811e-02 9.998597672960991556e-01 8.203470049882035167e-03 5.665669999999999734e-02 8.027025479185986301e-01 -6.828045953889113132e-03 -5.963405045386750425e-01 1.737754800000000044e+00
-6.145258999738749672e-01 1.550582166465284441e-02 -7.887442473678034638e-01 -3.715701800000000166e+00 1.520523889905110553e-02 9.998538970725062702e-01 7.809303358487759521e-03 5.685719999999999663e-02 7.887500991894209612e-01 -7.194025536936015340e-03 -6.146718856636051997e-01 1.722214200000000028e+00
-6.273633640912372744e-01 1.557420822979336400e-02 -7.785709045643439685e-01 -3.734189499999999828e+00 1.578946963410322174e-02 9.998488532470902745e-01 7.277589515232892048e-03 5.713669999999999860e-02 7.785665687947301850e-01 -7.727528614863362483e-03 -6.275144486437799207e-01 1.707328799999999980e+00
-6.346518669652080336e-01 1.496379774932582452e-02 -7.726532809187400819e-01 -3.751808899999999891e+00 1.469048055882359385e-02 9.998654590274513865e-01 7.297508120907236773e-03 5.726740000000000302e-02 7.726585258304776715e-01 -6.719270848920469788e-03 -6.347863056657193637e-01 1.692644199999999932e+00
-6.418936984451070193e-01 1.503683539689780295e-02 -7.666461853278273564e-01 -3.769028399999999834e+00 1.516037028113405814e-02 9.998611449031762355e-01 6.917664768449376632e-03 5.758719999999999811e-02 7.666437523839880752e-01 -7.182234621365401854e-03 -6.420325322259322620e-01 1.678331900000000099e+00
-6.488296937394754105e-01 1.528438300777326328e-02 -7.607801365427536711e-01 -3.785091899999999843e+00 1.527835020941623392e-02 9.998583721478001562e-01 7.057454273997019849e-03 5.752229999999999843e-02 7.607802577202024130e-01 -7.044379463289853448e-03 -6.489713215398351664e-01 1.664480799999999983e+00
-6.557430759905116258e-01 1.485515648338368508e-02 -7.548379578534426537e-01 -3.800689000000000206e+00 1.524822212808820548e-02 9.998630589397897728e-01 6.430792291699498169e-03 5.781460000000000071e-02 7.548301199690125030e-01 -7.292989333646675114e-03 -6.558797925642662063e-01 1.650987900000000064e+00
-6.853772261250306030e-01 1.509546709652529253e-02 -7.280317196264843860e-01 -3.816225999999999896e+00 1.626825316909068578e-02 9.998529921217842453e-01 5.416464154925519636e-03 5.809229999999999949e-02 7.280064572845384996e-01 -8.131483152103586784e-03 -6.855220471536724869e-01 1.636018900000000054e+00
-7.315625159389441690e-01 1.413193683136477856e-02 -6.816278850182675431e-01 -3.841913200000000028e+00 1.557211771839822796e-02 9.998706778771656589e-01 4.017047575234961379e-03 5.823720000000000285e-02 6.815965041157756588e-01 -7.675668234861949407e-03 -7.316879729053238357e-01 1.607148199999999916e+00
-7.629640976671968611e-01 1.519947595450730875e-02 -6.462621461926955080e-01 -3.859902400000000178e+00 1.699969531240280024e-02 9.998495563370665140e-01 3.446019712194833308e-03 5.862669999999999687e-02 6.462172978419612468e-01 -8.357070256957234433e-03 -7.631077010137918837e-01 1.586100599999999972e+00
-7.793577734234065080e-01 1.397663023090614867e-02 -6.264232712885905441e-01 -3.887280500000000139e+00 1.590253064487213638e-02 9.998703612090324988e-01 2.523944295721725507e-03 5.881039999999999879e-02 6.263773387692114225e-01 -7.994659661769470266e-03 -7.794790022144877373e-01 1.551638199999999967e+00
-7.985413075034101249e-01 1.380370565989065199e-02 -6.017817194970277450e-01 -3.906610500000000208e+00 1.612378958040254148e-02 9.998688182240880185e-01 1.539400121023598925e-03 5.871860000000000274e-02 6.017240261285160541e-01 -8.473727233089808214e-03 -7.986591214820425444e-01 1.526526599999999956e+00
-8.163142482489292862e-01 1.491028840876453682e-02 -5.774155621433774144e-01 -3.935869900000000143e+00 1.692314840711713758e-02 9.998549997405826728e-01 1.893816715048721611e-03 5.876069999999999904e-02 5.773600740904896167e-01 -8.225739682665090396e-03 -8.164482114947015923e-01 1.486479300000000059e+00
-8.409063656042492507e-01 1.461407878182626949e-02 -5.409832834641119526e-01 -3.964305599999999874e+00 1.684542936136777455e-02 9.998577649300525172e-01 8.254808968182511357e-04 5.922260000000000024e-02 5.409184003118070461e-01 -8.418943546456326282e-03 -8.410329396603190011e-01 1.444262300000000110e+00
-8.528223751642175499e-01 1.337273476141272698e-02 -5.220298520049055924e-01 -3.983198900000000098e+00 1.589880899998184771e-02 9.998735412191162020e-01 -3.597809421199017060e-04 5.954260000000000108e-02 5.219590254911250504e-01 -8.606482146912298667e-03 -8.529271388421230116e-01 1.413306200000000068e+00
-8.765541909726958236e-01 1.388264330905714106e-02 -4.811029229831759735e-01 -4.010476099999999988e+00 1.626233481475211975e-02 9.998674572658435844e-01 -7.774105153994068269e-04 5.935440000000000160e-02 4.810283637734630857e-01 -8.505299259287904534e-03 -8.766637742771936637e-01 1.364887699999999926e+00
-8.875773495361373167e-01 1.309021204802522480e-02 -4.604726864200986980e-01 -4.037851800000000324e+00 1.532300468109171372e-02 9.998819783983735610e-01 -1.111216314517091998e-03 5.957019999999999676e-02 4.604037946389539226e-01 -8.042115560730447171e-03 -8.876731776162660736e-01 1.316186300000000031e+00
