9.999999231895829732e-01 -2.720152385490602357e-05 -3.909998788976203738e-04 -2.440000000000000017e-05 2.719847405502319869e-05 9.999999995996600166e-01 -7.805317300116427340e-06 -1.460000000000000082e-05 3.910000910576122055e-04 7.794682100525037569e-06 9.999999235290829569e-01 -1.402999999999999950e-04
9.997843160996212619e-01 4.924750515068066631e-03 -2.017592906353694523e-02 -2.604400000000000204e-03 -4.996698549832881420e-03 9.999813310686169743e-01 -3.517174695576327521e-03 1.737599999999999952e-03 2.015823119260804278e-02 3.617229133112978123e-03 9.997902586885830667e-01 2.398940000000000100e-02
9.996825337157922986e-01 5.451803538146910572e-03 -2.459897603062498328e-02 -4.265800000000000147e-03 -5.521313749121656983e-03 9.999809521496246800e-01 -2.758701218638256927e-03 1.311199999999999996e-03 2.458346757594570553e-02 2.893644088585340789e-03 9.996935930302999207e-01 3.230129999999999807e-02
9.941874052245135429e-01 2.864489026174562962e-03 -1.076252665296012351e-01 -3.792400000000000024e-03 -3.070864652790967521e-03 9.999937503780421677e-01 -1.751854771955657555e-03 2.644300000000000036e-03 1.076195757436026051e-01 2.072174576793736449e-03 9.941899883871745391e-01 5.652089999999999892e-02
9.897473575002041501e-01 2.542651738274789332e-03 -1.428065238128177761e-01 -4.650099999999999893e-03 -2.886175772698377009e-03 9.999934184305161455e-01 -2.198427860936764348e-03 3.348600000000000187e-03 1.427999940853364458e-01 2.588052895228817266e-03 9.897481819490446808e-01 8.455519999999999703e-02
9.822103893462609259e-01 4.014046356913157296e-03 -1.877408812488934042e-01 -1.180340000000000035e-02 -4.732774926222260703e-03 9.999830873925779073e-01 -3.380202701875728664e-03 3.368400000000000127e-03 1.877241377707306313e-01 4.208605547280276464e-03 9.822127751854906608e-01 1.102483999999999964e-01
9.785079349859143738e-01 3.353888761121493270e-03 -2.061818920268692068e-01 -1.322740000000000027e-02 -4.999596337251843020e-03 9.999596654796624184e-01 -7.461330328174092461e-03 5.158799999999999844e-03 2.061485513072213172e-01 8.331797163854596719e-03 9.784852354276758479e-01 1.232642999999999933e-01
9.722859676600952294e-01 4.836888452399059311e-03 -2.337447359864416319e-01 -2.045599999999999849e-02 -5.829210028140202442e-03 9.999766920746401277e-01 -3.554661433694860598e-03 3.163200000000000126e-03 2.337220943807411522e-01 4.818694590801178915e-03 9.722915009300042710e-01 1.464208999999999927e-01
9.694584792003797524e-01 5.529893756100699546e-03 -2.451931430149161817e-01 -2.394419999999999882e-02 -6.572202671667726724e-03 9.999725101243888137e-01 -3.432950272231958914e-03 2.933900000000000136e-03 2.451674188356385842e-01 4.939561779685763300e-03 9.694681724898941422e-01 1.590256999999999921e-01
9.614045816086081997e-01 4.816695197719325465e-03 -2.750964011203150816e-01 -3.134549999999999836e-02 -5.910257892299006742e-03 9.999775842755913580e-01 -3.146394444320373737e-03 3.096199999999999907e-03 2.750750794121916698e-01 4.650848710181874207e-03 9.614114989392686939e-01 1.846711000000000047e-01
9.439365144284307396e-01 5.037384950241511131e-03 -3.300885964124904981e-01 -4.111429999999999946e-02 -6.603118214565311533e-03 9.999716384578967165e-01 -3.622307230769469030e-03 3.139299999999999816e-03 3.300609876349361316e-01 5.598842084993047030e-03 9.439430053815526245e-01 2.116704000000000085e-01
9.080928205718357127e-01 5.794376982737462108e-03 -4.187288554915575278e-01 -6.557169999999999666e-02 -7.951227709517115147e-03 9.999625870404188488e-01 -3.406243876181782280e-03 3.494600000000000050e-03 4.186934525446978639e-01 6.422594087636317693e-03 9.081049185426682824e-01 2.680040000000000200e-01
9.022252120259179886e-01 6.016703846969443346e-03 -4.312232206869258677e-01 -7.847750000000000559e-02 -8.200835405235629844e-03 9.999612329700818814e-01 -3.206065440642651837e-03 3.450299999999999895e-03 4.311872134971578285e-01 6.428983727721862898e-03 9.022395774320616235e-01 2.952407000000000226e-01
8.561974550809926532e-01 5.203155594051267485e-03 -5.166225363693456307e-01 -1.113866000000000023e-01 -9.521768055124328611e-03 9.999383666256477232e-01 -5.709543163532108945e-03 4.902700000000000287e-03 5.165609875377118465e-01 9.807656289650213202e-03 8.561942279834453551e-01 3.512394999999999823e-01
8.197980907923534399e-01 4.490233005338216572e-03 -5.726350741447557846e-01 -1.305811000000000055e-01 -8.995325465063822717e-03 9.999468550212328166e-01 -5.036988477561434897e-03 4.804300000000000063e-03 5.725820242139895155e-01 9.280352401890980957e-03 8.197949137475218917e-01 3.794065999999999828e-01
8.018532423973917522e-01 6.470322598808068808e-03 -5.974859936285176198e-01 -1.518503999999999965e-01 -1.164197797151971317e-02 9.999207297876584466e-01 -4.795674074331283954e-03 4.722999999999999768e-03 5.974076012285919335e-01 1.080134558209842194e-02 8.018650066737641469e-01 4.081264000000000003e-01
7.798210202380398970e-01 5.640815165537870282e-03 -6.259771222649999078e-01 -1.737551999999999985e-01 -1.086616976027079094e-02 9.999307179276371027e-01 -4.526113063220384668e-03 4.876199999999999805e-03 6.259082223055096872e-01 1.033153178325051449e-02 7.798282866768608823e-01 4.357624999999999971e-01
7.673070248433431217e-01 6.432800626169739126e-03 -6.412476500558587089e-01 -1.967866000000000060e-01 -1.246231413656088277e-02 9.999104272387732140e-01 -4.881416345244721233e-03 4.951399999999999899e-03 6.411588105550908301e-01 1.173697470721896813e-02 7.673184626166004163e-01 4.636965000000000114e-01
7.447476135290718169e-01 6.007868866156410893e-03 -6.673191872368419153e-01 -2.203254000000000046e-01 -1.229627243660233460e-02 9.999132541640055605e-01 -4.720787149786753040e-03 4.997800000000000159e-03 6.672329382059291047e-01 1.172133349221864476e-02 7.447568841670730855e-01 4.902989999999999848e-01
6.970714876972020635e-01 6.055698176235919938e-03 -7.169760592650271658e-01 -2.464458999999999955e-01 -1.454697458693351639e-02 9.998779517745688405e-01 -5.697989598111882596e-03 5.448599999999999624e-03 7.168540483040997113e-01 1.440173859960712163e-02 6.970745034466058199e-01 5.155311999999999673e-01
6.653998961388770672e-01 5.380348073297297994e-03 -7.464677019623702225e-01 -2.720800999999999914e-01 -1.425718526803274044e-02 9.998832239226924656e-01 -5.501925680682700701e-03 5.679499999999999653e-03 7.463509301170627719e-01 1.430350909997024807e-02 6.653989019684525275e-01 5.395999999999999686e-01
5.851041947861487236e-01 4.447211606337912564e-03 -8.109459313373369449e-01 -2.992904000000000120e-01 -1.268318959603173882e-02 9.999128391871532351e-01 -3.667523736437139359e-03 5.728800000000000038e-03 8.108589383766596770e-01 1.243126452194912371e-02 5.851096014569079351e-01 5.601355000000000084e-01
4.821376231337776708e-01 5.753254507044632156e-03 -8.760766019141753569e-01 -3.273298000000000041e-01 -1.429613045623835330e-02 9.998969583240916448e-01 -1.301302504406518998e-03 5.810499999999999693e-03 8.759788427883915540e-01 1.315191228707563581e-02 4.821701921420521453e-01 5.757212000000000440e-01
4.631826369165673585e-01 6.886888638636437868e-03 -8.862360947421935586e-01 -3.538259999999999739e-01 -1.633091525139238054e-02 9.998663488373246144e-01 -7.652906437257429167e-04 5.976999999999999674e-03 8.861123777862868200e-01 1.482751589432818040e-02 4.632332012133157928e-01 5.898027000000000131e-01
4.291717402799025138e-01 6.951741037267984702e-03 -9.031961529156723456e-01 -3.800436999999999843e-01 -1.734607461461240216e-02 9.998493960824876847e-01 -5.466707867943093602e-04 5.844199999999999916e-03 9.030563277230186925e-01 1.590152351303482370e-02 4.292276907532647234e-01 6.023555999999999910e-01
4.184781846135723349e-01 7.196628174237040647e-03 -9.081983360177723341e-01 -4.064042999999999961e-01 -1.834772472716693012e-02 9.998315250609932647e-01 -5.314993363526605147e-04 6.097100000000000262e-03 9.080415023554071485e-01 1.688579394432532244e-02 4.185397232796486122e-01 6.146456000000000142e-01
3.839848671958209225e-01 6.762105523903600215e-03 -9.233146244338877873e-01 -4.330786999999999831e-01 -1.861278705638403502e-02 9.998266796293091563e-01 -4.181619596450095178e-04 6.218699999999999749e-03 9.231517675456194505e-01 1.734602635517378671e-02 3.840441764264680424e-01 6.259820000000000384e-01
3.527033844330146883e-01 6.783951978357069708e-03 -9.357105859212304644e-01 -4.602125000000000243e-01 -1.836572946760456695e-02 9.998312825811627169e-01 3.261184294330206346e-04 6.457499999999999699e-03 9.355549276181596152e-01 1.706998440721606974e-02 3.527684694551337374e-01 6.362214999999999954e-01
2.941904510295111908e-01 7.210407794942228638e-03 -9.557196181634461940e-01 -4.872424000000000199e-01 -1.896499795258657292e-02 9.998186939832308662e-01 1.705290099948249261e-03 6.551200000000000079e-03 9.555586362833581315e-01 1.762354053807664231e-02 2.942738578997319276e-01 6.447488000000000108e-01
2.408282865497339276e-01 7.286576244990320035e-03 -9.705403866940033319e-01 -5.426028999999999991e-01 -1.831365741296629712e-02 9.998279030337259288e-01 2.962138981040599028e-03 6.433000000000000350e-03 9.703949434893403003e-01 1.706077729203562404e-02 2.409202845932899573e-01 6.592681000000000235e-01
2.405330944374660940e-01 7.368256016132349040e-03 -9.706129709022116581e-01 -5.572934000000000498e-01 -1.901013875284177090e-02 9.998151461088391478e-01 2.878929654971197627e-03 6.536900000000000002e-03 9.704547620084794657e-01 1.775900939358100727e-02 2.406287025282395353e-01 6.628515000000000379e-01
2.252482394348793437e-01 6.484375399084492571e-03 -9.742798281331555010e-01 -5.857008999999999688e-01 -1.894043178448468617e-02 9.998180246947200311e-01 2.275420700793883214e-03 6.817900000000000002e-03 9.741172879460175960e-01 1.794074611692799553e-02 2.253300666876557612e-01 6.695560000000000400e-01
1.913043643367554059e-01 6.543418875945728776e-03 -9.815089525089029099e-01 -6.147525000000000350e-01 -1.826995388268504508e-02 9.998282704379211072e-01 3.104580203481255296e-03 7.285899999999999668e-03 9.813607129750174796e-01 1.733820355542070590e-02 1.913910596831427391e-01 6.756486999999999910e-01
1.742863859308722563e-01 6.977187579912431589e-03 -9.846702872193462408e-01 -6.438623999999999459e-01 -1.969367424432925950e-02 9.997995844967919599e-01 3.598615678365883752e-03 7.172300000000000376e-03 9.844980522448549820e-01 1.876458615363137128e-02 1.743888626964740229e-01 6.807374000000000480e-01
1.590632836596208022e-01 7.422828849983538653e-03 -9.872404840783642888e-01 -6.721217000000000441e-01 -2.055595674873000878e-02 9.997798604364874775e-01 4.205152523032877621e-03 7.375099999999999885e-03 9.870543675165840414e-01 1.962478732270698037e-02 1.591808508865786287e-01 6.852230000000000265e-01
1.569473307676611529e-01 8.044257716773703729e-03 -9.875742125444003650e-01 -6.985411999999999733e-01 -2.030941507745698954e-02 9.997816560763589377e-01 4.916078968499192244e-03 7.153600000000000410e-03 9.873981279221254459e-01 1.928548913040797202e-02 1.570764364406163072e-01 6.896020000000000483e-01
1.428818483269341244e-01 7.717003131602166721e-03 -9.897096671657532596e-01 -7.262758000000000269e-01 -2.115489579386101160e-02 9.997649674732789205e-01 4.741328622266548568e-03 7.361699999999999668e-03 9.895136420497849805e-01 2.025975507799353259e-02 1.430115188421892114e-01 6.934181999999999846e-01
1.315411952496103598e-01 6.603624186335315879e-03 -9.912887097611418064e-01 -7.570067999999999797e-01 -1.939769793397348036e-02 9.998034963149265986e-01 4.086327362185075175e-03 7.643600000000000394e-03 9.911209024469043172e-01 1.869119857190193121e-02 1.316434420272408756e-01 6.977252000000000454e-01
1.237744693672675339e-01 6.805756452696223868e-03 -9.922870363014714146e-01 -7.903978999999999866e-01 -2.084807637243380959e-02 9.997735939599260435e-01 4.256586898227460863e-03 7.627499999999999732e-03 9.920913458167147647e-01 2.016041913154531171e-02 1.238883330100938318e-01 7.017453000000000163e-01
1.237285954664291004e-01 6.447747560874888401e-03 -9.922951482373054688e-01 -8.275919000000000469e-01 -2.212669908696605209e-02 9.997481895081549164e-01 3.737213223947761023e-03 7.995300000000000323e-03 9.920693745154214316e-01 2.149381600734560915e-02 1.238401066780175919e-01 7.061298000000000297e-01
1.252197336779962700e-01 7.473459976342466948e-03 -9.921008848366145161e-01 -8.684636000000000022e-01 -2.416261004734166634e-02 9.996979990207069955e-01 4.480963032050545511e-03 8.221300000000000829e-03 9.918347576957119438e-01 2.341064181043542997e-02 1.253624954949115189e-01 7.105649000000000548e-01
1.263781463230722879e-01 6.741204739567015908e-03 -9.919592331797730811e-01 -9.123090000000000366e-01 -2.391690835663485767e-02 9.997069286159647739e-01 3.746781538148193785e-03 8.525800000000000045e-03 9.916937761358617376e-01 2.325108676800973981e-02 1.265023372807870805e-01 7.161560999999999622e-01
1.291574433445357717e-01 8.330235855272389439e-03 -9.915891094598098254e-01 -9.586002000000000134e-01 -2.533566304173358666e-02 9.996660012893826552e-01 5.098043186539783639e-03 8.434000000000000524e-03 9.913003878779321765e-01 2.446411732909291314e-02 1.293253569736794173e-01 7.214420000000000277e-01
1.325121959080408085e-01 9.028140773344812270e-03 -9.911402577888791532e-01 -1.002548500000000065e+00 -2.696576540680025239e-02 9.996212261422778855e-01 5.500158346308483409e-03 8.890399999999999692e-03 9.908144959737189561e-01 2.599801761645916323e-02 1.327054544785550849e-01 7.266783999999999466e-01
1.396520369010707530e-01 8.848506147074159181e-03 -9.901611043301729032e-01 -1.046207899999999968e+00 -2.842295241034167863e-02 9.995838586747070043e-01 4.923946919174356646e-03 9.335200000000000095e-03 9.897926269505455954e-01 2.745566273009240540e-02 1.398454225864758094e-01 7.314336999999999644e-01
1.483301775945174428e-01 9.701578124126485764e-03 -9.888903062507391484e-01 -1.092627900000000096e+00 -3.194372991037958132e-02 9.994770922963385207e-01 5.013989855304131285e-03 9.349400000000000766e-03 9.884218515058192933e-01 3.084511884817178751e-02 1.485625191932693490e-01 7.363741000000000314e-01
1.558134585565670860e-01 1.026314951636755381e-02 -9.877331795047921137e-01 -1.139614700000000092e+00 -3.254504036534472400e-02 9.994564758097458368e-01 5.251029383006164050e-03 8.982999999999999666e-03 9.872502147278872098e-01 3.132763514802539007e-02 1.560627847879602070e-01 7.421138999999999930e-01
1.634981557221004134e-01 1.007732114705593533e-02 -9.864921695958719372e-01 -1.183379799999999982e+00 -3.435199946456378439e-02 9.993995936857641427e-01 4.515780499110156471e-03 9.564899999999999444e-03 9.859453804386215658e-01 3.314965669850343521e-02 1.637461665276868095e-01 7.473701000000000372e-01
1.700643448026467885e-01 8.877380799066861977e-03 -9.853929727458964338e-01 -1.223963499999999982e+00 -3.610698634276683638e-02 9.993440869660109582e-01 2.771530860933558299e-03 1.052319999999999992e-02 9.847712445863200381e-01 3.510823202922951081e-02 1.702733328495453780e-01 7.526209000000000371e-01
1.748302879012360034e-01 8.251964127522919829e-03 -9.845640027547267747e-01 -1.264570100000000030e+00 -3.767720894572576529e-02 9.992885412884872087e-01 1.684985337488838913e-03 1.114629999999999961e-02 9.838774305564853551e-01 3.680103718056740303e-02 1.750168143465177240e-01 7.585530000000000328e-01
1.788503891762916742e-01 9.647261017061963678e-03 -9.838289834348028506e-01 -1.305226400000000009e+00 -3.726902543889905328e-02 9.993006935725191608e-01 3.023833381153979982e-03 1.096360000000000043e-02 9.831701572130449041e-01 3.612553363413421176e-02 1.790848619658438334e-01 7.650310999999999639e-01
1.832191348523345975e-01 1.176597308824131431e-02 -9.830016838750831321e-01 -1.344764899999999930e+00 -3.832002800486174893e-02 9.992539021965601842e-01 4.818132278600152640e-03 1.073389999999999934e-02 9.823249584926917466e-01 3.678587802723021216e-02 1.835333078765190029e-01 7.711542000000000119e-01
1.752612607264884825e-01 1.112415888114122280e-02 -9.844591121919432641e-01 -1.382370600000000005e+00 -3.785029001094215167e-02 9.992730479902017793e-01 4.553142481787886969e-03 1.163520000000000006e-02 9.837941075421470227e-01 3.646407340875421066e-02 1.755549068405425350e-01 7.779095000000000315e-01
1.655938263270532451e-01 1.158740585289693044e-02 -9.861259639153436840e-01 -1.418419499999999944e+00 -3.745388805107133928e-02 9.992834809000947782e-01 5.452620475313413664e-03 1.197349999999999977e-02 9.854825675536951213e-01 3.603133116872372227e-02 1.659091685892802870e-01 7.843951999999999591e-01
1.655793929421739419e-01 1.263999274529419882e-02 -9.861154573457917571e-01 -1.451790899999999995e+00 -3.679206749561366591e-02 9.993009410042836826e-01 6.631219899188325190e-03 1.174019999999999925e-02 9.855099230359374296e-01 3.518323309976063851e-02 1.659286946442614097e-01 7.901791000000000231e-01
1.642466328364345363e-01 1.137507019188156374e-02 -9.863537151448377172e-01 -1.485424800000000101e+00 -3.748582745250574055e-02 9.992831993033904903e-01 5.282076313482876942e-03 1.224989999999999933e-02 9.857067801035431787e-01 3.610672192418272475e-02 1.645553046540746411e-01 7.962761999999999896e-01
1.651992328262894272e-01 1.239466948591729650e-02 -9.861823288023063849e-01 -1.521542900000000031e+00 -3.681402021684693215e-02 9.993016868404744901e-01 6.392698433046538342e-03 1.236890000000000038e-02 9.855729000886128688e-01 3.524926731319618506e-02 1.655401696410989665e-01 8.022032000000000052e-01
1.644014901320689503e-01 1.388838219919071720e-02 -9.862957279042854353e-01 -1.558712199999999992e+00 -3.492813017895133459e-02 9.993557719338301837e-01 8.250262101335484669e-03 1.202950000000000026e-02 9.857749113081328840e-01 3.309311019574476265e-02 1.647806732994341328e-01 8.093609000000000497e-01
1.640388097812488788e-01 1.163925966665230530e-02 -9.863852171033198335e-01 -1.600459800000000099e+00 -3.472765942520179838e-02 9.993786980699763678e-01 6.017268051713908425e-03 1.317540000000000031e-02 9.858424106095244888e-01 3.326778439227994627e-02 1.643410963977980366e-01 8.170290999999999526e-01
1.630746352148147171e-01 9.717148177093692246e-03 -9.865658824330281185e-01 -1.644822000000000006e+00 -3.361773357433867071e-02 9.994255700043751522e-01 4.286958217016832023e-03 1.410029999999999964e-02 9.860408264057223260e-01 3.246701484174470409e-02 1.633076287513416380e-01 8.247134999999999883e-01
1.617937180427829191e-01 9.955765772939642946e-03 -9.867743792426749705e-01 -1.688973400000000069e+00 -3.329138045988880301e-02 9.994349871882671765e-01 4.624972547268272130e-03 1.491959999999999988e-02 9.862628842195001466e-01 3.210278978317016030e-02 1.620337437053472884e-01 8.329294000000000420e-01
1.615357563175898736e-01 8.288893220937855119e-03 -9.868320493782497538e-01 -1.734157399999999960e+00 -3.203691756014226399e-02 9.994817193069509553e-01 3.150981508365039915e-03 1.568939999999999918e-02 9.863467115290388554e-01 3.110606083054073823e-02 1.617175860426374179e-01 8.411218000000000306e-01
1.608733044746719354e-01 8.280105076137290326e-03 -9.869403324250800580e-01 -1.781368400000000074e+00 -3.185415540134474421e-02 9.994874271521165809e-01 3.193078218508026145e-03 1.564269999999999897e-02 9.864608926313633841e-01 3.092446967646586553e-02 1.610546009406836898e-01 8.491102999999999845e-01
1.598368165043184685e-01 9.372463635919276587e-03 -9.870989560399494600e-01 -1.831766999999999923e+00 -3.005920329852151615e-02 9.995374281499014302e-01 4.623205007217886034e-03 1.565580000000000097e-02 9.866856826704353267e-01 2.893244982496266660e-02 1.600446092822342958e-01 8.578272000000000119e-01
1.598437907012683901e-01 1.029307299594839527e-02 -9.870886562120694263e-01 -1.856755500000000003e+00 -3.071656177035083507e-02 9.995132845688415868e-01 5.448559755963011328e-03 1.589470000000000119e-02 9.866643073544604237e-01 2.944905123609512648e-02 1.600821600742460271e-01 8.622298000000000462e-01
1.588638616576871221e-01 1.094226068397729200e-02 -9.872398596036989771e-01 -1.904036400000000073e+00 -2.883237858498984701e-02 9.995635198926670073e-01 6.439227043186309188e-03 1.624659999999999993e-02 9.868794087447255725e-01 2.744151291211488486e-02 1.591100121449154914e-01 8.712843000000000115e-01
1.577446425283586251e-01 1.042958842639360451e-02 -9.874248586291800578e-01 -1.950858399999999993e+00 -2.883517990190919561e-02 9.995664631761521646e-01 5.951310237463322897e-03 1.688680000000000042e-02 9.870588433085560887e-01 2.753378613220565374e-02 1.579769934756357630e-01 8.797964999999999813e-01
1.575668261049268937e-01 7.906406563817674343e-03 -9.874766751910991625e-01 -2.000950800000000029e+00 -2.817296662097167406e-02 9.995969076082116267e-01 3.508026777836023916e-03 1.812120000000000050e-02 9.871063667422034227e-01 2.726739876387220679e-02 1.577260590443400057e-01 8.887713000000000418e-01
1.573547524441491208e-01 7.558902875075414196e-03 -9.875132125043016851e-01 -2.027255799999999830e+00 -2.767163532128560921e-02 9.996118090559120706e-01 3.242189786612550625e-03 1.834560000000000010e-02 9.871543762157398705e-01 2.681593152012088505e-02 1.575028359580291637e-01 8.933282999999999641e-01
1.560142140798697619e-01 9.031446264343412009e-03 -9.877135201987542468e-01 -2.080817000000000139e+00 -2.704602017839927153e-02 9.996223349769328692e-01 4.868285917451862718e-03 1.869200000000000028e-02 9.873844630120277577e-01 2.595419799644593795e-02 1.561995576460160073e-01 9.024740999999999458e-01
1.526434083239140149e-01 9.123374378745552349e-03 -9.882392189825317530e-01 -2.131924600000000058e+00 -2.178012105394846673e-02 9.997455790847897816e-01 5.865443486519463304e-03 1.929880000000000137e-02 9.880413028928165531e-01 2.062864853458539621e-02 1.528032808466569525e-01 9.126387999999999723e-01
1.496323125219096994e-01 8.849171582034194572e-03 -9.887021104517058623e-01 -2.155916500000000013e+00 -2.063660690763978109e-02 9.997700732232914778e-01 5.825044414751815065e-03 1.931240000000000040e-02 9.885263281798238877e-01 1.953184193582355871e-02 1.497805249219967827e-01 9.186086999999999447e-01
1.475147690121051680e-01 8.459382009257353230e-03 -9.890236760458905874e-01 -2.201473500000000083e+00 -1.892027198312892788e-02 9.998045784054618856e-01 5.729599249589547097e-03 2.024590000000000070e-02 9.888788683308940008e-01 1.786739643870711297e-02 1.476459952491512295e-01 9.276512999999999565e-01
1.457847943084852049e-01 6.356517330883110738e-03 -9.892959053972953942e-01 -2.247318499999999997e+00 -1.912735563792099247e-02 9.998105546315577685e-01 3.605428356992318450e-03 2.175610000000000044e-02 9.891314058378355423e-01 1.839699798225501171e-02 1.458787594220205541e-01 9.359047000000000338e-01
1.439494381737783657e-01 5.670679953600221875e-03 -9.895687963139890853e-01 -2.290970999999999869e+00 -1.660777228803256636e-02 9.998565901849283399e-01 3.313753671771933230e-03 2.219209999999999933e-02 9.894456736724267509e-01 1.595752025322734816e-02 1.440229717728579439e-01 9.432686999999999600e-01
1.428126510989820852e-01 4.896844797044031493e-03 -9.897376256347507617e-01 -2.331996900000000039e+00 -1.558782986723664457e-02 9.998748629464333515e-01 2.697778323201544155e-03 2.281429999999999916e-02 9.896269833862203491e-01 1.504258484718347041e-02 1.428711111281940616e-01 9.499176000000000286e-01
1.415684630709713177e-01 5.526942923782589452e-03 -9.899130381834760906e-01 -2.369033799999999967e+00 -1.475143250390149180e-02 9.998851601518200516e-01 3.473002627718302024e-03 2.246520000000000114e-02 9.898185518077572409e-01 1.411096772324808325e-02 1.416337356956582916e-01 9.556807000000000496e-01
1.400797180836911293e-01 5.743992190130124166e-03 -9.901235676092724480e-01 -2.404229400000000183e+00 -1.411047539848957547e-02 9.998932049586579662e-01 3.804360857195453194e-03 2.237120000000000081e-02 9.900396795409881490e-01 1.343820044585079809e-02 1.401458087248951268e-01 9.615173000000000192e-01
1.309400371624330484e-01 5.300172187881907644e-03 -9.913761217835940220e-01 -2.437121400000000104e+00 -1.316764555999950376e-02 9.999067983971080542e-01 3.606609162562423795e-03 2.231400000000000050e-02 9.913028395895507883e-01 1.258183985051697200e-02 1.309976241298638211e-01 9.665818000000000465e-01
1.246486150663172060e-01 4.632243441128038042e-03 -9.921901355500120090e-01 -2.453925100000000192e+00 -1.286477298959259885e-02 9.999125873337304515e-01 3.052098866518227448e-03 2.245890000000000039e-02 9.921175436297733352e-01 1.238386095960703967e-02 1.246973119588300483e-01 9.688187999999999800e-01
1.227196371022998139e-01 4.564658851405467913e-03 -9.924308815021075647e-01 -2.486346499999999793e+00 -1.182559419549236886e-02 9.999251550163761326e-01 3.136827601219692105e-03 2.267049999999999968e-02 9.923709215769088710e-01 1.135113452684453905e-02 1.227644319562881670e-01 9.732087999999999850e-01
1.128356766032900388e-01 4.969829976288682970e-03 -9.936012333302953747e-01 -2.517450600000000094e+00 -1.078453160767905983e-02 9.999347127273628955e-01 3.776792402183513225e-03 2.243269999999999986e-02 9.935551338317770709e-01 1.028936698018892947e-02 1.128819071581724787e-01 9.776076000000000210e-01
1.035317461626745900e-01 5.176008440684942702e-03 -9.946126816369925683e-01 -2.546546499999999824e+00 -1.063121324515798466e-02 9.999350935274249341e-01 4.097076669512392418e-03 2.271000000000000102e-02 9.945693313396727353e-01 1.014976201306432360e-02 1.035800535317232818e-01 9.829959000000000335e-01
7.518781762108273092e-02 4.619549635794200845e-03 -9.971586893983029887e-01 -2.575018399999999819e+00 -8.889335668052781442e-03 9.999526391444795159e-01 3.962218995828284407e-03 2.281930000000000069e-02 9.971297667770026019e-01 8.566167705143972258e-03 7.522532138906323773e-02 9.861256999999999939e-01
5.218802365218716544e-02 3.224836695044154197e-03 -9.986320696911193950e-01 -2.603736899999999910e+00 -9.144483812611957016e-03 9.999544035610030690e-01 2.751220594512528584e-03 2.334929999999999992e-02 9.985954078620026264e-01 8.988394030586814576e-03 5.221513353110651678e-02 9.887747999999999537e-01
1.650347626616971083e-02 2.860415935784897754e-03 -9.998597168062159923e-01 -2.633434100000000111e+00 -8.603539976917956578e-03 9.999592930767714494e-01 2.718692566114981266e-03 2.351610000000000159e-02 9.998267921850252371e-01 8.557465166612253718e-03 1.652741416328251667e-02 9.903583000000000247e-01
3.631906581080352088e-03 3.145474658462724549e-03 -9.999884575552654420e-01 -2.663763499999999951e+00 -7.076002441373567542e-03 9.999700983298634993e-01 3.119717232846246774e-03 2.352169999999999955e-02 9.999683692217647968e-01 7.064590245457363568e-03 3.654055367370401264e-03 9.921856000000000009e-01
-4.215708964462693172e-03 2.691652612329709614e-03 -9.999874913238373519e-01 -2.693363399999999963e+00 -8.128486233693145435e-03 9.999632480373590315e-01 2.725855117935285787e-03 2.416530000000000067e-02 9.999580768759637195e-01 8.139875968947659496e-03 -4.193674967679084098e-03 9.934503000000000084e-01
-3.252264386001008090e-02 2.309834667488825256e-03 -9.994683298134882099e-01 -2.720765099999999936e+00 -7.053694574937088499e-03 9.999718951671620060e-01 2.540525268072690423e-03 2.423389999999999919e-02 9.994461081164899285e-01 7.132568934337718894e-03 -3.250543694827789931e-02 9.933102000000000320e-01
-5.591987489126631905e-02 2.278207810881447901e-03 -9.984326604039529540e-01 -2.749607999999999830e+00 -6.859281291926446616e-03 9.999729212663508449e-01 2.665894633805922492e-03 2.422610000000000041e-02 9.984116975738531741e-01 6.997606963152911558e-03 -5.590273378365218093e-02 9.924817999999999696e-01
-9.029259421226638882e-02 2.041723036203904520e-03 -9.959131883841394473e-01 -2.777738600000000169e+00 -6.144202028401071075e-03 9.999777256359064781e-01 2.607108258946689953e-03 2.466940000000000105e-02 9.958963280441659460e-01 6.354494400273730421e-03 -9.027803824332747418e-02 9.909006000000000203e-01
-1.003084073658571940e-01 1.892642410157386722e-03 -9.949545925902507637e-01 -2.804314900000000055e+00 -6.576734080291682036e-03 9.999750827467499548e-01 2.565239651113466503e-03 2.496740000000000070e-02 9.949346561360508101e-01 6.800866881345970193e-03 -1.002934605500270804e-01 9.887725000000000541e-01
-1.511665786799016309e-01 1.696477969370262500e-03 -9.885068474485713130e-01 -2.829721199999999826e+00 -3.890548873822240444e-03 9.999897610692698446e-01 2.311143891000067875e-03 2.525449999999999917e-02 9.885006470001290735e-01 4.195201916946046834e-03 -1.511584306653206422e-01 9.857010000000000494e-01
-2.500089102040728983e-01 2.966733612670450007e-03 -9.682389908024996439e-01 -2.853306499999999968e+00 -2.082727903974133325e-04 9.999951179169095372e-01 3.117814104636314372e-03 2.495589999999999961e-02 9.682435135031973727e-01 9.811391429050246322e-04 -2.500070717499119910e-01 9.808567999999999731e-01
-3.888062550841508980e-01 4.591081610536671895e-03 -9.213081015475136359e-01 -2.876294899999999988e+00 2.726363760243847786e-03 9.999889390056121430e-01 3.832597953996271824e-03 2.498739999999999989e-02 9.213155067337600590e-01 -1.021682962341731145e-03 -3.888144714588687156e-01 9.718676000000000537e-01
-5.209004099731047166e-01 5.066653312169897526e-03 -8.536024202836267616e-01 -2.895505899999999855e+00 3.073291965593573545e-03 9.999870351606015006e-01 4.060096945164615861e-03 2.512460000000000040e-02 8.536119245689726132e-01 -5.084632968021000551e-04 -5.209092278878635351e-01 9.604106999999999505e-01
-5.422563601529463151e-01 3.712822348364089916e-03 -8.402048885979463977e-01 -2.914629500000000206e+00 1.908669554536298382e-03 9.999930996954091711e-01 3.187089910711976906e-03 2.532680000000000001e-02 8.402109240269431956e-01 1.245462840233925970e-04 -5.422597049698726357e-01 9.485768999999999451e-01
-5.520093802758759827e-01 3.005380170532264295e-03 -8.338324842421733774e-01 -2.932738099999999903e+00 1.885790458998982521e-03 9.999954468490108717e-01 2.355859841279407327e-03 2.566600000000000131e-02 8.338357679314245541e-01 -2.719766121858410279e-04 -5.520125344110714538e-01 9.368996000000000546e-01
-5.532921377514422590e-01 3.051087628864214678e-03 -8.329816931762189514e-01 -2.950120899999999935e+00 1.507570897003621731e-03 9.999953219233040924e-01 2.661458528306802612e-03 2.569159999999999847e-02 8.329859167671623821e-01 2.167851202944100046e-04 -5.532941491393001954e-01 9.259338000000000291e-01
-5.614038869749714555e-01 3.712422442810258023e-03 -8.275336208330146270e-01 -2.966713400000000167e+00 2.123046908014460457e-03 9.999931078332812140e-01 3.045809869633011886e-03 2.564019999999999841e-02 8.275392246662509610e-01 -4.696319518883874250e-05 -5.614078993327742406e-01 9.149218000000000073e-01
-5.696185745392547961e-01 3.527844583005959513e-03 -8.219015962099508465e-01 -2.982369900000000129e+00 1.987378801391920854e-03 9.999937767734889960e-01 2.914916772955913286e-03 2.570060000000000053e-02 8.219067647034953294e-01 2.696092797387344281e-05 -5.696220408373793287e-01 9.042251999999999512e-01
-5.779820671679956057e-01 3.412177940782128594e-03 -8.160423316678557804e-01 -2.997606799999999794e+00 2.492918450579215215e-03 9.999939749113921916e-01 2.415677650853817211e-03 2.581299999999999914e-02 8.160456576624919300e-01 -6.381086228164642785e-04 -5.779870910561724084e-01 8.937966000000000522e-01
-5.858691384480518849e-01 3.820800604814182308e-03 -8.103966646629758852e-01 -3.011818900000000188e+00 2.649343561152673124e-03 9.999925722135284412e-01 2.799374299055371919e-03 2.581129999999999883e-02 8.104013410606083490e-01 -5.069521767232672803e-04 -5.858749093506719907e-01 8.837764999999999649e-01
-6.104596069425118898e-01 4.170654932075143831e-03 -7.920364094718325143e-01 -3.039711699999999794e+00 4.210197345434206137e-03 9.999890954810117805e-01 2.020682404628762127e-03 2.589750000000000038e-02 7.920362002648030364e-01 -2.101084602160224052e-03 -6.104705094544602417e-01 8.634473000000000287e-01
-6.214188460119659529e-01 4.138993587517577656e-03 -7.834676040228082394e-01 -3.053401500000000102e+00 4.261683083221436304e-03 9.999891089461563354e-01 1.902641944883763083e-03 2.576550000000000021e-02 7.834669462577573684e-01 -2.156553072552402309e-03 -6.214297171848081058e-01 8.524895000000000111e-01
-6.292506494843076448e-01 4.581491921213190835e-03 -7.771889281605550703e-01 -3.067801699999999965e+00 4.415646232357675269e-03 9.999875603288519432e-01 2.319753413913624648e-03 2.583219999999999961e-02 7.771898881173939788e-01 -1.972085020113666966e-03 -6.292630520606988798e-01 8.411851999999999663e-01
-6.867613730372814640e-01 5.139050694240338002e-03 -7.268647788013321565e-01 -3.088660200000000078e+00 5.340878754556405497e-03 9.999836894108968810e-01 2.023839494626759623e-03 2.589429999999999857e-02 7.268633238223515258e-01 -2.492201864398425112e-03 -6.867776186013854200e-01 8.220615000000000006e-01
-7.385257949961043789e-01 5.063387209068338952e-03 -6.742062089860513252e-01 -3.101784199999999991e+00 5.344540214482862948e-03 9.999843472889099472e-01 1.655616824146907782e-03 2.586369999999999988e-02 6.742040388600974987e-01 -2.380606465517967878e-03 -7.385412965417631481e-01 8.072624999999999940e-01
-7.574594399641040310e-01 6.216911212029599919e-03 -6.528526225912306691e-01 -3.115860699999999817e+00 6.421944635065475644e-03 9.999772334256704642e-01 2.071535045893495817e-03 2.567600000000000091e-02 6.528506379229251921e-01 -2.623479621409677796e-03 -7.574821198670672606e-01 7.909070999999999740e-01
-7.687206882223445170e-01 5.270544870459869385e-03 -6.395629170423607901e-01 -3.130449099999999873e+00 5.400034562945755720e-03 9.999838881419708114e-01 1.750166616465871888e-03 2.587920000000000151e-02 6.395618368271235310e-01 -2.108272571293740624e-03 -7.687367638282177618e-01 7.732527999999999624e-01
-7.768028413604666227e-01 6.777213514918040312e-03 -6.297074043008219491e-01 -3.144997599999999949e+00 6.810217090830044361e-03 9.999740225901304624e-01 2.361162444448740381e-03 2.584579999999999864e-02 6.297070482355120458e-01 -2.454286431230276715e-03 -7.768288163299762461e-01 7.558205000000000062e-01
-7.803070024724718667e-01 7.023717890472974505e-03 -6.253572173401550360e-01 -3.159625999999999824e+00 7.089602173548581292e-03 9.999720243497819405e-01 2.384965161156478528e-03 2.599270000000000053e-02 6.253564738878519824e-01 -2.572528871395767750e-03 -7.803349682423307287e-01 7.382568999999999937e-01
-7.869767949426349496e-01 7.452538862827091763e-03 -6.169375850816003481e-01 -3.172942200000000046e+00 7.304250952318343086e-03 9.999695089303425322e-01 2.762087550246978499e-03 2.596669999999999881e-02 6.169393585595299712e-01 -2.332568135708936851e-03 -7.870072343924475744e-01 7.211136000000000212e-01
-8.014260782480059353e-01 8.094286272904652885e-03 -5.980390653074036944e-01 -3.185720900000000189e+00 8.225733065945550065e-03 9.999630154392640247e-01 2.510989673818048596e-03 2.597319999999999837e-02 5.980372717645185965e-01 -2.906937107417042771e-03 -8.014630192947799214e-01 7.046099999999999586e-01
-8.111678077704422840e-01 8.720499092079492948e-03 -5.847484420949570216e-01 -3.197080399999999933e+00 8.784773200926448283e-03 9.999576966046136439e-01 2.726309044092351409e-03 2.599800000000000028e-02 5.847474800259532257e-01 -2.925388312798146446e-03 -8.112101002246682180e-01 6.890399000000000385e-01
-8.165714545283024872e-01 7.848816205141851202e-03 -5.771910045502357534e-01 -3.207771999999999846e+00 7.689171489196796640e-03 9.999667393327112963e-01 2.719718756617995996e-03 2.603580000000000130e-02 5.771931533649217183e-01 -2.217275915009067101e-03 -8.166046457106245215e-01 6.735529000000000099e-01
-8.220247936554142543e-01 8.380147088921638399e-03 -5.693900348184385285e-01 -3.218272400000000033e+00 8.587269100600244953e-03 9.999604379006032939e-01 2.319793746735148657e-03 2.618140000000000051e-02 5.693869487660992990e-01 -2.982577476202994283e-03 -8.220642352069763570e-01 6.585885999999999685e-01
-8.272024474838493013e-01 8.559870451337683178e-03 -5.618388020549889283e-01 -3.228124600000000122e+00 8.655682566192687832e-03 9.999594363008127429e-01 2.490966132653753707e-03 2.604770000000000002e-02 5.618373341422249201e-01 -2.802565042427389210e-03 -8.272429846140371135e-01 6.440137000000000222e-01
-8.408065144276801739e-01 8.777288427372798019e-03 -5.412645974972291052e-01 -3.242487199999999792e+00 9.487700842626390491e-03 9.999538996245713740e-01 1.477213029185563044e-03 2.636169999999999833e-02 5.412526109209040426e-01 -3.893306239621626818e-03 -8.408510292185105151e-01 6.222119000000000399e-01
-8.721387585858899616e-01 8.851606261038555065e-03 -4.891785306397477551e-01 -3.251180399999999970e+00 9.983029974182740587e-03 9.999501246371668151e-01 2.955514322472148174e-04 2.637219999999999842e-02 4.891567487879500686e-01 -4.625722074884904347e-03 -8.721836261994883044e-01 6.057190999999999548e-01
-8.863664244311736384e-01 7.395989038295050673e-03 -4.629253298181492116e-01 -3.261172300000000135e+00 8.157974792053478488e-03 9.999666598105584336e-01 3.559699523291433125e-04 2.640259999999999829e-02 4.629125285498211784e-01 -3.461013357408585130e-03 -8.863972090988052610e-01 5.860708000000000029e-01
-9.070978098516564447e-01 7.755772213473342488e-03 -4.208484422683557713e-01 -3.270778400000000197e+00 8.654858544959986508e-03 9.999625203585502664e-01 -2.264988799381066446e-04 2.684519999999999962e-02 4.208309123459154644e-01 -3.847840374625087403e-03 -9.071309372623979073e-01 5.653169000000000111e-01
-9.147745335441749281e-01 6.802998842037000227e-03 -4.039075042454565168e-01 -3.280215500000000173e+00 7.755718168540223431e-03 9.999696627437129060e-01 -7.227917509337480981e-04 2.673999999999999988e-02 4.038903336485393236e-01 -3.793784255896220578e-03 -9.147995439364257075e-01 5.440538999999999792e-01
-9.254515992518517198e-01 8.402355462165382594e-03 -3.787726730703763756e-01 -3.289561700000000144e+00 9.529386527768142490e-03 9.999539882707825234e-01 -1.100969463743554011e-03 2.669360000000000135e-02 3.787459943479207225e-01 -4.628365158792496249e-03 -9.254890869164057454e-01 5.212611999999999801e-01
-9.331219678746962565e-01 7.861508926719069229e-03 -3.594740459992200043e-01 -3.304553499999999921e+00 9.069681365236628712e-03 9.999574675366906806e-01 -1.674514120967398418e-03 2.694430000000000089e-02 3.594455924748379272e-01 -4.822840968076406477e-03 -9.331535812798497087e-01 4.830808999999999798e-01
-9.476582822072421308e-01 7.975127923394277965e-03 -3.191867439268502582e-01 -3.318380100000000166e+00 8.750406875399871151e-03 9.999612194686401390e-01 -9.949564338201934924e-04 2.632910000000000111e-02 3.191664307904798492e-01 -3.735892583539097457e-03 -9.476913171297235428e-01 4.443019999999999747e-01
-9.609275357431693587e-01 7.272648200464643629e-03 -2.767044987684757484e-01 -3.331089299999999920e+00 8.294201590278970845e-03 9.999624230457150320e-01 -2.521649563753506490e-03 2.685270000000000018e-02 2.766757619860130135e-01 -4.718165395028330218e-03 -9.609517478233573495e-01 4.022838000000000247e-01
-9.728751700107466371e-01 6.978663480042886919e-03 -2.312254350900697641e-01 -3.342093900000000062e+00 7.769475553362780590e-03 9.999666678535557018e-01 -2.509667603982796650e-03 2.706729999999999900e-02 2.312002137243507338e-01 -4.238093662143197979e-03 -9.728969625484110706e-01 3.585056999999999827e-01
-9.780209541965817488e-01 5.373318067430308057e-03 -2.084373781387427738e-01 -3.353753799999999785e+00 6.220820912361360241e-03 9.999748340542851111e-01 -3.410666398427779616e-03 2.715009999999999993e-02 2.084138060196189246e-01 -4.632354806279820672e-03 -9.780297678237429571e-01 3.122859000000000052e-01
-9.868138466152041044e-01 6.393256601905764752e-03 -1.617329848810236392e-01 -3.365013100000000090e+00 7.090042752246814711e-03 9.999679032164996428e-01 -3.731464936000139249e-03 2.713809999999999834e-02 1.617039375595862027e-01 -4.828955044259002072e-03 -9.868275015274476925e-01 2.558247000000000160e-01
-9.868828712586683594e-01 5.738211406578968415e-03 -1.613358960247207596e-01 -3.372313500000000186e+00 6.683998143877285109e-03 9.999635097472576728e-01 -5.320088604406158529e-03 2.730749999999999844e-02 1.612994810439846161e-01 -6.328673146836885470e-03 -9.868852138476598146e-01 2.134471000000000007e-01
