9.999999841073401452e-01 4.059873239522557553e-05 1.736002949912636667e-04 4.074999999999999846e-04 -4.060126695520530304e-05 9.999999990692400864e-01 1.459647580323374417e-05 -3.820000000000000018e-05 -1.735997022312683901e-04 -1.460352396317736258e-05 9.999999848249401246e-01 -1.593400000000000025e-03
9.982355343392689262e-01 2.821264311719021232e-03 -5.931153724257758053e-02 -1.189299999999999906e-03 -2.817846454535890850e-03 9.999960198849128234e-01 1.412646159962429411e-04 -1.036999999999999999e-04 5.931169972065297724e-02 2.611544549982950769e-05 9.982395111365962581e-01 3.063509999999999844e-02
9.975503781967057781e-01 3.409182901003212762e-03 -6.986859402876813285e-02 -2.490399999999999819e-03 -3.401842182921900690e-03 9.999941886185557127e-01 2.240510635617934832e-04 -8.629999999999999705e-05 6.986895182677210769e-02 1.417970723706735929e-05 9.975561785531500414e-01 4.596009999999999679e-02
9.955991192327842132e-01 2.594183042518234932e-03 -9.367851406403844561e-02 -3.791399999999999892e-03 -2.605286783338961031e-03 9.999966062275292833e-01 3.768330589834148611e-06 -1.310000000000000129e-04 9.367820591621563164e-02 2.403076479576555635e-04 9.956024989866957275e-01 6.128320000000000295e-02
9.941753234517708426e-01 3.870908900272794842e-03 -1.077053494672039757e-01 -5.494999999999999885e-03 -3.900549375477248802e-03 9.999923907461149009e-01 -6.453246282448054792e-05 -1.095000000000000053e-04 1.077042801105703995e-01 4.842666157015286217e-04 9.941828571906219381e-01 7.627689999999999471e-02
9.938466506335141837e-01 4.346817785474925769e-03 -1.106794479552794391e-01 -7.210799999999999849e-03 -4.422859927920019807e-03 9.999901216263503700e-01 -4.415424950401843638e-04 4.600000000000000004e-05 1.106764353175667265e-01 9.283452250137671840e-04 9.938560584111461038e-01 9.146400000000000363e-02
9.928099428216419220e-01 3.654652724336058135e-03 -1.196455638456878634e-01 -8.802199999999999608e-03 -3.680926214920319985e-03 9.999932253671686144e-01 1.402646572131675384e-06 4.690000000000000158e-05 1.196447584171090317e-01 4.390139309954383274e-04 9.928166694058273567e-01 1.062912000000000023e-01
9.897972030129810195e-01 3.719212564983058120e-03 -1.424347723190379778e-01 -1.100040000000000046e-02 -3.725724216828368331e-03 9.999930350491700315e-01 2.209801112713352330e-04 3.759999999999999915e-05 1.424346021398587292e-01 3.119471844896098685e-04 9.898041658844511925e-01 1.211900000000000061e-01
9.876609474854435300e-01 3.969421589346753577e-03 -1.565570072031339799e-01 -1.349189999999999938e-02 -4.016628289848539653e-03 9.999919332060018817e-01 1.483591461889227636e-05 -5.929999999999999806e-05 1.565558031800076688e-01 6.141784506168212554e-04 9.876689239190902248e-01 1.361634999999999929e-01
9.858544856048379046e-01 3.325148764344742439e-03 -1.675705123179951073e-01 -1.605820000000000164e-02 -3.391372381180238985e-03 9.999942433364509276e-01 -1.090290380336872184e-04 -7.299999999999999903e-05 1.675691851331638504e-01 6.757807735821626943e-04 9.858600871899386719e-01 1.514068000000000080e-01
9.815896087075204335e-01 2.418016982674628130e-03 -1.909868929306107188e-01 -1.897340000000000138e-02 -2.486054658241112787e-03 9.999969029593575032e-01 -1.166358847396758601e-04 1.607000000000000030e-04 1.909860194088910390e-01 5.892924272960153517e-04 9.815925800069914553e-01 1.664288999999999907e-01
9.736100660208831803e-01 2.668369909688695328e-03 -2.282023644593468292e-01 -2.251759999999999873e-02 -2.598533996552231454e-03 9.999964398915236474e-01 6.064860650744489153e-04 3.749999999999999671e-05 2.282031703633414788e-01 2.510664283335479769e-06 9.736135337133602352e-01 1.806161000000000016e-01
9.679534340487457866e-01 3.041762456209216176e-03 -2.511113243053771371e-01 -2.626720000000000096e-02 -2.982981490752040568e-03 9.999953619644712521e-01 6.147121049063908717e-04 8.679999999999999565e-05 2.511120294503354500e-01 1.540477396256993746e-04 9.679580181674346528e-01 1.954266000000000059e-01
9.643154764018552205e-01 2.271119023270869435e-03 -2.647461123231940050e-01 -3.008320000000000091e-02 -2.085883571557732314e-03 9.999973435562989899e-01 9.808007296762846598e-04 9.270000000000000353e-05 2.647476365552468014e-01 -3.935717565643450841e-04 9.643176520419417530e-01 2.100944999999999896e-01
9.576591452613743005e-01 1.453887235243695028e-03 -2.879007601746844669e-01 -3.453610000000000013e-02 -1.332541142834790674e-03 9.999989215417928179e-01 6.174539285913448888e-04 9.129999999999999661e-05 2.879013473941319790e-01 -2.076707935068858454e-04 9.576600498305674058e-01 2.245157999999999876e-01
9.532240732351184853e-01 1.542554468673835218e-03 -3.022606271593451521e-01 -3.905079999999999663e-02 -1.341910973680838191e-03 9.999987199078774758e-01 8.714686139792683856e-04 1.063999999999999977e-04 3.022615845257021205e-01 -4.250980094171037628e-04 9.532249229912603816e-01 2.392148000000000052e-01
9.521304103772865179e-01 3.445905150535371470e-03 -3.056727128359242873e-01 -4.850750000000000201e-02 -3.233100491012417393e-03 9.999940505887960907e-01 1.202434292285985617e-03 1.312999999999999931e-04 3.056750377377827621e-01 -1.566036582070530481e-04 9.521358867195897080e-01 2.686985000000000068e-01
9.472296586723265577e-01 2.913833675437562439e-03 -3.205424828393571568e-01 -5.802770000000000150e-02 -2.832424458275688717e-03 9.999957293100508737e-01 7.202314541421995370e-04 1.175999999999999989e-04 3.205432125364626739e-01 2.256877738384215331e-04 9.472338665619134401e-01 2.970995000000000164e-01
9.357046547728935515e-01 2.946333259819453911e-03 -3.527720484344844531e-01 -6.900630000000000652e-02 -2.784468611417277063e-03 9.999956564993350838e-01 9.662903372292719253e-04 4.956999999999999601e-04 3.527733631822166926e-01 7.812032944369871152e-05 9.357087945115840633e-01 3.264133000000000173e-01
9.292581289854784377e-01 3.994239098892722259e-03 -3.694094960452813381e-01 -8.067090000000000372e-02 -4.040577207407986676e-03 9.999916267245623214e-01 6.482411546397158844e-04 5.404000000000000166e-04 3.694089921079869998e-01 8.902442274287456457e-04 9.292664870826756740e-01 3.563681000000000210e-01
9.235687143968931423e-01 4.364500611488033276e-03 -3.834081127489121776e-01 -9.254149999999999876e-02 -4.275520019389036051e-03 9.999902720857520855e-01 1.084279681341243900e-03 6.426999999999999554e-04 3.834091153270016150e-01 6.378622703111369715e-04 9.235783905093764012e-01 3.849079999999999724e-01
9.226619170084434662e-01 3.807692923035283297e-03 -3.855910895973971297e-01 -1.034241000000000049e-01 -3.551358880206793855e-03 9.999927458243176304e-01 1.377007206052667521e-03 5.134999999999999591e-04 3.855935356724851659e-01 9.886023169933515903e-05 9.226687463408774770e-01 4.115573000000000148e-01
9.167948754270252021e-01 3.511259090651508083e-03 -3.993429947430447990e-01 -1.154706000000000066e-01 -3.496655610403261345e-03 9.999935940221895692e-01 7.650582503629634263e-04 6.091000000000000060e-04 3.993431228784182219e-01 6.949634397075764953e-04 9.168012801231955056e-01 4.394388000000000183e-01
9.123026957352827759e-01 2.979770091547069913e-03 -4.095056926641406636e-01 -1.289753999999999901e-01 -3.275602754514104695e-03 9.999946349790462818e-01 -2.096947182144879521e-05 6.899999999999999667e-04 4.095034331733138910e-01 1.360508480550718432e-03 9.123075617553236816e-01 4.697434999999999805e-01
9.087782927356098384e-01 4.011057473822225543e-03 -4.172600221330721171e-01 -1.443724999999999870e-01 -4.216242652940534359e-03 9.999910191896945744e-01 4.299277233905736580e-04 3.163999999999999929e-04 4.172579992647734715e-01 1.368560520221776900e-03 9.087870427617577018e-01 5.029774999999999663e-01
9.081394467783864277e-01 4.449496647368177127e-03 -4.186441772969393127e-01 -1.617045000000000010e-01 -4.703571548144339087e-03 9.999888478079013154e-01 4.250582517626847780e-04 1.986000000000000027e-04 4.186413997919192220e-01 1.583110675525825368e-03 9.081502475586578083e-01 5.411793999999999771e-01
9.083702063585882280e-01 4.224737903559209334e-03 -4.181455724860685952e-01 -1.813056000000000112e-01 -4.389286309725071167e-03 9.999902055966234382e-01 5.682222399904723279e-04 6.911999999999999958e-04 4.181438775896964555e-01 1.319204483387568724e-03 9.083798529986141235e-01 5.829193999999999765e-01
9.084041066309094248e-01 5.729890888206920843e-03 -4.180540005866568709e-01 -2.016486000000000112e-01 -5.854172808927813124e-03 9.999823789398228913e-01 9.851246497337891057e-04 6.997000000000000398e-04 4.180522786887095332e-01 1.552469085536387549e-03 9.084216433589172857e-01 6.274629999999999930e-01
9.086268265408984357e-01 7.339991876559184315e-03 -4.175445061421214077e-01 -2.235592000000000135e-01 -7.250831404847424798e-03 9.999720927334639908e-01 1.799777262604254332e-03 4.914999999999999664e-04 4.175460639667850082e-01 1.392218915456233793e-03 9.086546902934782288e-01 6.745254000000000527e-01
9.087419838938619598e-01 7.641690655242449302e-03 -4.172884029931547278e-01 -2.453187000000000006e-01 -7.590432915998348608e-03 9.999696039900761724e-01 1.782252529198727169e-03 7.644999999999999886e-04 4.172893385132139255e-01 1.547791930359720437e-03 9.087723655037848181e-01 7.216006999999999838e-01
9.094529305128499219e-01 8.816925405794205292e-03 -4.157133976767864447e-01 -2.670545999999999753e-01 -8.395294126891031730e-03 9.999607202869835731e-01 2.841992199141925388e-03 7.751999999999999776e-04 4.157221262070523449e-01 9.053781119815598527e-04 9.094912281448138680e-01 7.679135000000000266e-01
9.098184694041747678e-01 1.024832527406764615e-02 -4.148798917278609388e-01 -2.896908999999999734e-01 -9.457772161333255490e-03 9.999474330302594582e-01 3.960015396318872574e-03 2.187000000000000033e-04 4.148986662750183130e-01 3.209443435849162508e-04 9.098675693297015865e-01 8.175932000000000199e-01
9.098580383040241193e-01 9.230304768432616089e-03 -4.148170097855617966e-01 -3.132203000000000070e-01 -8.465691794751243129e-03 9.999573867612006062e-01 3.681945701267261544e-03 3.643000000000000188e-04 4.148333185702292036e-01 1.616650631679106449e-04 9.098974072215054720e-01 8.692554999999999588e-01
9.099379349181232479e-01 1.023618121330193906e-02 -4.146181076498104412e-01 -3.352339999999999764e-01 -9.414244205617164352e-03 9.999475801531984009e-01 4.026034252190913501e-03 7.106999999999999819e-04 4.146375846483026928e-01 2.398748241379514059e-04 9.099866020206508477e-01 9.169850000000000501e-01
9.105494322090624815e-01 1.172275865790196187e-02 -4.132339633103775944e-01 -3.558482000000000034e-01 -1.016898434125258419e-02 9.999305368915299974e-01 5.959291005143549022e-03 3.789999999999999966e-04 4.132751181249861294e-01 -1.224059338925056421e-03 9.106053911643141596e-01 9.620640999999999776e-01
9.103769221332416173e-01 9.607591855201462125e-03 -4.136684104762527459e-01 -3.769641000000000242e-01 -8.494636662590917750e-03 9.999536600625462679e-01 4.529776538432755961e-03 6.702000000000000275e-04 4.136927613521612090e-01 -6.098411772224956486e-04 9.104163483256231260e-01 1.007416099999999926e+00
9.098500332450726313e-01 8.327639480687737406e-03 -4.148536698941204803e-01 -3.969420000000000170e-01 -6.631738415808247945e-03 9.999627281960232761e-01 5.528314783935745630e-03 9.202000000000000327e-04 4.148842453619135395e-01 -2.278736370377293461e-03 9.098713482196424396e-01 1.052693000000000101e+00
9.099996032995462114e-01 9.087458422450331308e-03 -4.145095174951821115e-01 -4.167680999999999747e-01 -7.078012319922468570e-03 9.999545747529410278e-01 6.383586160137713975e-03 9.133999999999999758e-04 4.145486988717579924e-01 -2.875157401797775319e-03 9.100225874854136476e-01 1.095336700000000052e+00
9.059128950835720895e-01 8.428905193470979246e-03 -4.233801838519846705e-01 -4.353371999999999797e-01 -6.576736878853105435e-03 9.999613460773922879e-01 5.835484822693052728e-03 1.535700000000000086e-03 4.234130052954528378e-01 -2.501980881027153578e-03 9.059333126882704867e-01 1.134297799999999912e+00
9.019691030507378526e-01 8.947187367636331642e-03 -4.317078699538102748e-01 -4.525505000000000222e-01 -6.782487110673267663e-03 9.999555237931109231e-01 6.553495574021944887e-03 1.709100000000000072e-03 4.317473045780843011e-01 -2.982997461209626298e-03 9.019896710693007247e-01 1.169657600000000075e+00
9.020536002759589334e-01 9.627692392505706950e-03 -4.315166390399978735e-01 -4.681076000000000126e-01 -7.644720345956179317e-03 9.999507468309429825e-01 6.329467834770700560e-03 1.610600000000000009e-03 4.315563236473458075e-01 -2.410695218098087792e-03 9.020827722934037229e-01 1.202502399999999971e+00
9.018190623403534723e-01 9.303482428031997070e-03 -4.320136849849516292e-01 -4.835814999999999975e-01 -8.130940163386845415e-03 9.999565413176276785e-01 4.561062173115630614e-03 2.245099999999999874e-03 4.320373440012160726e-01 -6.005753898582952797e-04 9.018555165310992994e-01 1.234234099999999890e+00
9.017863049387215835e-01 1.008797761426632848e-02 -4.320644546044271617e-01 -5.000617000000000534e-01 -9.158105926246726605e-03 9.999491052755813403e-01 4.232724230074922864e-03 2.733600000000000092e-03 4.320851644303593253e-01 1.398792989695052738e-04 9.018327955408202978e-01 1.268183499999999908e+00
9.018260770614243693e-01 9.289087617506422423e-03 -4.319993513689991960e-01 -5.167530000000000179e-01 -7.649978387455170364e-03 9.999554376491770480e-01 5.531776072322353369e-03 2.448300000000000042e-03 4.320314856149644611e-01 -1.683914213117224286e-03 9.018569508909102250e-01 1.303314000000000084e+00
9.026492693477695672e-01 8.257789937246753920e-03 -4.302976939878832563e-01 -5.351523000000000252e-01 -7.957352101311047227e-03 9.999652201253594885e-01 2.497816481876937150e-03 3.322700000000000046e-03 4.303033547318373953e-01 1.169378037112746033e-03 9.026835854614466692e-01 1.340061299999999900e+00
9.017092025788319143e-01 7.922060236927713425e-03 -4.322704650404067817e-01 -5.531878000000000073e-01 -7.022586258575591427e-03 9.999685807943938798e-01 3.677051303235504172e-03 3.213099999999999984e-03 4.322860132677067702e-01 -2.799743707011003498e-04 9.017365049433586632e-01 1.378600100000000106e+00
9.014087314284640051e-01 6.846669971602000783e-03 -4.329150286312862250e-01 -5.805713999999999597e-01 -6.456393971230232030e-03 9.999763452018575194e-01 2.371500289659043623e-03 4.239599999999999619e-03 4.329210249934918875e-01 6.573789132262059399e-04 9.014316135856057510e-01 1.436049200000000026e+00
8.998257721331069936e-01 5.717223409728816423e-03 -4.362119819096454409e-01 -5.887115000000000542e-01 -4.216239235523894756e-03 9.999813920754232477e-01 4.408948809805959476e-03 3.671199999999999897e-03 4.362290718553342717e-01 -2.128111693945903150e-03 8.998331334246654212e-01 1.455835100000000049e+00
9.003621185231182045e-01 5.298044696079464051e-03 -4.351091659008813894e-01 -6.089248999999999912e-01 -4.364673219161692604e-03 9.999855309075114107e-01 3.144455964476008600e-03 3.860600000000000056e-03 4.351195297343620205e-01 -9.320397099589151826e-04 9.003722153341510159e-01 1.496425300000000069e+00
9.003026867652605958e-01 5.339728431268569650e-03 -4.352316159282702546e-01 -6.194981999999999989e-01 -4.558340519457762530e-03 9.999855797707847271e-01 2.839327771872001208e-03 4.306100000000000205e-03 4.352405010278360131e-01 -5.723205113886706361e-04 9.003140444946254872e-01 1.518391000000000046e+00
9.000868982347333125e-01 5.673788761245288081e-03 -4.356734829517049379e-01 -6.406642999999999644e-01 -4.463878976919053582e-03 9.999828145373804711e-01 3.800580794846917469e-03 4.502700000000000105e-03 4.356875593939494307e-01 -1.476059277775042169e-03 9.000967569313602645e-01 1.562013300000000049e+00
9.011709747915862545e-01 7.264359040215128717e-03 -4.334029340935719454e-01 -6.515362999999999571e-01 -6.411479622565201091e-03 9.999735655991389693e-01 3.429436104352465153e-03 5.000700000000000284e-03 4.334163900018452309e-01 -3.117541968438652337e-04 9.011937281667516952e-01 1.582159400000000105e+00
9.002569713796473305e-01 6.098618429191892190e-03 -4.353161981084553989e-01 -6.705219999999999514e-01 -5.020878006303138019e-03 9.999808215657693955e-01 3.625918462204925051e-03 5.350800000000000174e-03 4.353299625185367838e-01 -1.078588848383910765e-03 9.002703262796710737e-01 1.622921300000000011e+00
8.997105599244319407e-01 5.448522496756764109e-03 -4.364530008638588532e-01 -6.898644000000000442e-01 -4.847983587375185970e-03 9.999851489858024856e-01 2.489751589791413307e-03 5.563700000000000416e-03 4.364600845616948277e-01 -1.241388120753416334e-04 8.997236126577725646e-01 1.663740500000000067e+00
9.004877514250015924e-01 5.873536917574909665e-03 -4.348417080934423029e-01 -7.003998000000000168e-01 -6.005041307216451955e-03 9.999813954397618332e-01 1.071565791370204411e-03 6.021199999999999990e-03 4.348399119359252496e-01 1.646310549226771705e-03 9.005062690781959756e-01 1.684366599999999936e+00
8.999576032590889119e-01 6.109073155918235375e-03 -4.359346184479181430e-01 -7.212840000000000362e-01 -6.093776707862053228e-03 9.999804056167989064e-01 1.433271745700709148e-03 5.934100000000000312e-03 4.359348325399005075e-01 1.366604418968874564e-03 8.999771964726500650e-01 1.728116500000000055e+00
8.993909832031767859e-01 5.676667352340844692e-03 -4.371082643700457959e-01 -7.313380000000000436e-01 -4.556207909816712039e-03 9.999830976975617736e-01 3.611826223829365905e-03 5.642300000000000267e-03 4.371213793699703087e-01 -1.256887807039853283e-03 8.994016455014605116e-01 1.749469600000000069e+00
8.997711141798959700e-01 6.502733300586838530e-03 -4.363137134529351258e-01 -7.419904000000000499e-01 -5.152156707074964301e-03 9.999775740445168148e-01 4.278631709856694880e-03 5.454399999999999873e-03 4.363317515019211612e-01 -1.601832595587868819e-03 8.997844390539333492e-01 1.771128700000000000e+00
8.999645498139796640e-01 5.977698778371936389e-03 -4.359220987693051552e-01 -7.605587999999999793e-01 -4.751851365865792168e-03 9.999810958997034094e-01 3.902275211311483256e-03 6.108899999999999574e-03 4.359371846799920402e-01 -1.440472333350185929e-03 8.999759419299714347e-01 1.809243699999999899e+00
9.001822210035127503e-01 5.326673288938406706e-03 -4.354808785019794737e-01 -7.787625999999999715e-01 -3.947640146665883087e-03 9.999839200211806389e-01 4.071343309711717914e-03 6.236600000000000130e-03 4.354955626943348701e-01 -1.945829063924344599e-03 9.001887738817889728e-01 1.846370499999999915e+00
8.999126812363199557e-01 5.421153138954246282e-03 -4.360364402761559566e-01 -7.962413000000000407e-01 -4.197922421816094839e-03 9.999840869372971230e-01 3.768729165216282671e-03 6.663900000000000379e-03 4.360499324588849035e-01 -1.561080018559152759e-03 8.999211184497103444e-01 1.882940499999999906e+00
8.998740227735657626e-01 4.584616670392166818e-03 -4.361258126129495816e-01 -8.135660999999999587e-01 -3.453486327459854774e-03 9.999883030750527091e-01 3.386317359988341019e-03 7.033900000000000048e-03 4.361362362490717182e-01 -1.541104494209529592e-03 8.998793299256471201e-01 1.918398700000000012e+00
8.998465885863048408e-01 4.668274034268372029e-03 -4.361815266917323242e-01 -8.292542999999999997e-01 -3.262557120985995658e-03 9.999867903060004615e-01 3.971767180396972713e-03 7.108599999999999641e-03 4.361943061648349551e-01 -2.150914001988607493e-03 8.998499323989163079e-01 1.950779999999999959e+00
8.997294093895121803e-01 5.129363629545705995e-03 -4.364180100641535387e-01 -8.438900999999999764e-01 -3.728660324222869867e-03 9.999847820231921869e-01 4.066056346806015513e-03 7.174100000000000095e-03 4.364322249465388270e-01 -2.031095956553746924e-03 8.997348429828806449e-01 1.980982199999999915e+00
8.997027701235739139e-01 4.920226857128810402e-03 -4.364753335523576250e-01 -8.575502999999999876e-01 -3.481620689541489386e-03 9.999855511123819651e-01 4.095837379569635880e-03 7.088099999999999956e-03 4.364891794183924367e-01 -2.165394684604070221e-03 8.997069007829818776e-01 2.009020800000000051e+00
8.959315186980680856e-01 4.439367128375423625e-03 -4.441700190499949796e-01 -8.700040999999999469e-01 -2.639726363014710097e-03 9.999856112088963966e-01 4.670034250223913629e-03 6.952200000000000393e-03 4.441843599769151885e-01 -3.011543569228086747e-03 8.959303460410461550e-01 2.034264100000000131e+00
8.929268744065039787e-01 4.471225207822887918e-03 -4.501795254204398189e-01 -8.828918000000000044e-01 -2.960274635556858162e-03 9.999873753248833541e-01 4.060291237451369925e-03 7.059499999999999803e-03 4.501919965267192625e-01 -2.292888133288416199e-03 8.929288375493842356e-01 2.059464000000000183e+00
8.928369162708399420e-01 4.484276914194409991e-03 -4.503577824402882346e-01 -8.956001999999999574e-01 -2.703443147194280020e-03 9.999857775078858646e-01 4.597409824979329859e-03 7.199299999999999623e-03 4.503719932890222211e-01 -2.887220550243997305e-03 8.928363408925328315e-01 2.084234700000000107e+00
8.870533263503806998e-01 5.571094988024808195e-03 -4.616333600503318424e-01 -9.075735999999999803e-01 -3.551053360755973901e-03 9.999799427209986602e-01 5.244442366660943128e-03 6.790599999999999935e-03 4.616533182278168557e-01 -3.012815351555649460e-03 8.870553177299054237e-01 2.106843700000000208e+00
8.831244848646669920e-01 5.277060875507073173e-03 -4.691090458102813443e-01 -9.195436999999999639e-01 -3.477730547506219672e-03 9.999828986390383312e-01 4.701895331201340865e-03 7.002399999999999770e-03 4.691258355950516101e-01 -2.520924033528857550e-03 8.831277344298851251e-01 2.129655099999999912e+00
8.676414144423855168e-01 5.012421025112733484e-03 -4.971652155771596471e-01 -9.318594000000000044e-01 -3.516907896930268444e-03 9.999860370898426831e-01 3.944234297839325706e-03 7.276600000000000255e-03 4.971780438668437219e-01 -1.673696752327129104e-03 8.676469278663527795e-01 2.151035799999999831e+00
8.516739362518583878e-01 4.460438038850668072e-03 -5.240530610556214386e-01 -9.447653999999999774e-01 -2.565180474470149605e-03 9.999872813269652383e-01 4.342468588057200526e-03 7.411899999999999912e-03 5.240657651081576107e-01 -2.354076635634532941e-03 8.516745459180958822e-01 2.172510899999999801e+00
8.437538270049079747e-01 5.089001786629091841e-03 -5.367062338704363667e-01 -9.586514000000000424e-01 -3.567649315890350330e-03 9.999861354161458937e-01 3.873093574957384416e-03 7.584300000000000416e-03 5.367185028419746429e-01 -1.353157898116465110e-03 8.437602844829638071e-01 2.194547200000000142e+00
8.363279625750693613e-01 5.642002103558420648e-03 -5.482004257817544302e-01 -9.729662999999999506e-01 -3.782158474724685651e-03 9.999826247563528003e-01 4.521665917278070573e-03 7.441599999999999604e-03 5.482164119144058434e-01 -1.708214757824158027e-03 8.363347701190211314e-01 2.216348200000000102e+00
8.315536450089537901e-01 5.453268520721270621e-03 -5.554176782699338233e-01 -9.867713000000000179e-01 -3.475941739884764320e-03 9.999833138757565631e-01 4.614087025727981600e-03 7.676299999999999617e-03 5.554335723570764660e-01 -1.906261393664275463e-03 8.315587248451881131e-01 2.237283699999999875e+00
8.136917484956178725e-01 5.195789702205170016e-03 -5.812733799164679915e-01 -1.001147500000000079e+00 -3.382760029260903009e-03 9.999854450472432932e-01 4.203168834485810496e-03 7.995000000000000370e-03 5.812867582912313313e-01 -1.453775442500232235e-03 8.136974813603851109e-01 2.257272700000000132e+00
7.957865033440976177e-01 4.847883151247873480e-03 -6.055578742980116669e-01 -1.015919299999999970e+00 -3.028708102348864374e-03 9.999873114343383884e-01 4.025406507960676596e-03 8.219399999999999970e-03 6.055697053375486139e-01 -1.369306129181058033e-03 7.957910887777766007e-01 2.276656899999999872e+00
7.871595329657438134e-01 5.523542170892043780e-03 -6.167247036912323344e-01 -1.030575400000000030e+00 -4.013705411833132057e-03 9.999845982454640403e-01 3.833202411159260248e-03 8.440500000000000086e-03 6.167363779038973481e-01 -5.419905389146021865e-04 7.871695791989403723e-01 2.295399900000000049e+00
7.702904125447824768e-01 4.609641429731023594e-03 -6.376765885207624773e-01 -1.044860499999999970e+00 -2.542098511351312436e-03 9.999881244890210796e-01 4.157958163394305691e-03 8.521300000000000749e-03 6.376881824816476030e-01 -1.581798602622731809e-03 7.702929831151478224e-01 2.312972999999999946e+00
6.816758986244801921e-01 3.394137370614894438e-03 -7.316463961956053419e-01 -1.068013899999999960e+00 -1.295536535114803073e-05 9.999892956623273044e-01 4.626920457624407630e-03 8.352899999999999908e-03 7.316542688091595137e-01 -3.144581414444544681e-03 6.816686457077676398e-01 2.335797100000000182e+00
5.691703300279407074e-01 3.899210276559705868e-03 -8.222103937406193275e-01 -1.086242300000000105e+00 9.843373450989063248e-04 9.999848072683878986e-01 5.423680705598139112e-03 8.453499999999999209e-03 8.222190501903225979e-01 -3.896330533258834591e-03 5.691578446375833433e-01 2.348074700000000181e+00
4.423557367703662146e-01 4.930140917209793749e-03 -8.968261235361528749e-01 -1.104855499999999990e+00 6.507624916340828784e-04 9.999828623089883628e-01 5.818212483433617480e-03 8.576099999999999696e-03 8.968394386145860375e-01 -3.157340472510742138e-03 4.423449474636448331e-01 2.356738299999999953e+00
4.208501742078632479e-01 5.165904396303294677e-03 -9.071154525753485354e-01 -1.123203299999999905e+00 -1.235488291848154015e-03 9.999861213244742864e-01 5.121594196578198310e-03 8.708300000000000415e-03 9.071293206802940601e-01 -1.034693288840533680e-03 4.208507157792489295e-01 2.364952800000000188e+00
4.109529037876666346e-01 5.447191878576991206e-03 -9.116403013080998097e-01 -1.149722200000000027e+00 -2.171264758193073869e-03 9.999851612148410451e-01 4.996294574801118243e-03 8.948799999999999810e-03 9.116539894487571960e-01 -7.382930531429302695e-05 4.109586330415739841e-01 2.376475600000000021e+00
4.053055073993809820e-01 5.710481285288022263e-03 -9.141634624481668192e-01 -1.166268800000000105e+00 -2.085171233096660710e-03 9.999836635970577037e-01 5.322086051099178886e-03 9.003499999999999351e-03 9.141789199782824893e-01 -2.508834331189642268e-04 4.053107934966005965e-01 2.383694399999999991e+00
3.961244287963179289e-01 5.632454728305693811e-03 -9.181795643361512216e-01 -1.182475299999999896e+00 -1.937504657382601745e-03 9.999840864501572391e-01 5.298388636843685655e-03 9.110000000000000042e-03 9.181947957740195232e-01 -3.198439900957850829e-04 3.961290379577449006e-01 2.390588499999999783e+00
3.876134100020337536e-01 5.495731662676269121e-03 -9.218056418356784798e-01 -1.198279099999999930e+00 -2.285681429854417163e-03 9.999848841378982112e-01 5.000715560354355993e-03 9.371600000000000763e-03 9.218191905395528574e-01 1.686096266796592406e-04 3.876201123829842166e-01 2.397215600000000002e+00
3.793378814632272222e-01 5.262221403148928389e-03 -9.252432548864621964e-01 -1.213664899999999935e+00 -1.942533020419954116e-03 9.999861527357720714e-01 4.890899934953393119e-03 9.334300000000000236e-03 9.252561797969549584e-01 -5.798804523606676531e-05 3.793428507101873626e-01 2.403391599999999961e+00
3.708914457182523883e-01 5.277984831450853800e-03 -9.286612290653377677e-01 -1.228419699999999892e+00 -1.888448558866815275e-03 9.999860685698265250e-01 4.929140726611508198e-03 9.399700000000000416e-03 9.286743074162573386e-01 -7.444717053773676485e-05 3.708962458728231049e-01 2.409277900000000194e+00
3.619729200027299587e-01 5.142185583571170192e-03 -9.321744274072967240e-01 -1.242539199999999955e+00 -1.706791017131879503e-03 9.999867651300856641e-01 4.853496583994389851e-03 9.460200000000000206e-03 9.321870477801765809e-01 -1.658073916328971394e-04 3.619769059743837003e-01 2.414840499999999945e+00
3.420941303768936237e-01 5.481066203552029115e-03 -9.396497027482896280e-01 -1.257570300000000030e+00 -2.359407089605202162e-03 9.999848460075526635e-01 4.974027888608423612e-03 9.530500000000000776e-03 9.396627262799467362e-01 5.154304253858201998e-04 3.421018783514848671e-01 2.420009400000000088e+00
3.269131340644737538e-01 5.120503419297883080e-03 -9.450405193539989090e-01 -1.281098999999999988e+00 -1.572953616291574829e-03 9.999868844224776288e-01 4.874094782356079916e-03 9.785999999999999560e-03 9.450530824208046576e-01 -1.069006985673832434e-04 3.269169007242914704e-01 2.428036500000000153e+00
2.880231932864405486e-01 5.239243328076857546e-03 -9.576091010733089881e-01 -1.297159799999999974e+00 -3.410256329973559292e-04 9.999855312391173756e-01 5.368520647044214972e-03 9.721099999999999880e-03 9.576233726421883308e-01 -1.219689210128308780e-03 2.880208126640005917e-01 2.432890200000000114e+00
2.091747563563303991e-01 4.745003153061387591e-03 -9.778667630348969464e-01 -1.314527800000000024e+00 4.535522414135248828e-04 9.999876489786826417e-01 4.949361620593415410e-03 9.845700000000000632e-03 9.778781701181564756e-01 -1.478795173285265456e-03 2.091700207276400159e-01 2.435968200000000028e+00
1.721637553608505733e-01 5.310409951121666111e-03 -9.850540294248839590e-01 -1.333404699999999998e+00 -9.867639721482107662e-04 9.999858969659738417e-01 5.218444789399844137e-03 9.854599999999999818e-03 9.850678492555284826e-01 7.358877476955870411e-05 1.721665674507677490e-01 2.438921000000000117e+00
1.452094600863926277e-01 5.060718303886071329e-03 -9.893879935756584310e-01 -1.353664800000000001e+00 -9.844457431871750201e-04 9.999871626695632232e-01 4.970448938992854532e-03 1.008689999999999934e-02 9.894004465169787821e-01 2.522425918179216700e-04 1.452125779871626943e-01 2.441727900000000062e+00
1.321863959620986073e-01 5.862132861517872599e-03 -9.912075424051540740e-01 -1.374770899999999907e+00 -1.045103352803965213e-03 9.999827804000875897e-01 5.774656898222709292e-03 1.008189999999999954e-02 9.912243260138107193e-01 2.725832425984737149e-04 1.321902462999544614e-01 2.444470400000000154e+00
1.208552451638997272e-01 5.857258443590442759e-03 -9.926528608934236386e-01 -1.395914199999999994e+00 -6.134663480501846046e-04 9.999828415904755685e-01 5.825820429563910267e-03 1.019579999999999965e-02 9.926699518850227166e-01 -9.512183084194481691e-05 1.208567647110569965e-01 2.446946099999999902e+00
1.136739665093144114e-01 6.497715457252529504e-03 -9.934968590951238632e-01 -1.416139400000000048e+00 -6.584563391533225854e-04 9.999788863676376538e-01 6.464770234786879934e-03 1.017769999999999959e-02 9.935178890051699074e-01 -8.070177035947832811e-05 1.136758449009092065e-01 2.449168699999999976e+00
1.029289137417402078e-01 6.249126232548873200e-03 -9.946690842372025720e-01 -1.435401600000000055e+00 -1.078593406699925126e-03 9.999803782356652126e-01 6.170881616023229412e-03 1.047110000000000055e-02 9.946881296930252248e-01 4.376813745403541206e-04 1.029336343612036186e-01 2.450962099999999921e+00
7.802083682744589965e-02 6.555538195878386071e-03 -9.969301750572643339e-01 -1.453952899999999993e+00 -1.138275591113284847e-03 9.999783145930197792e-01 6.486499239361748909e-03 1.064050000000000065e-02 9.969510787142086272e-01 6.286991855763814432e-04 7.802660692296137235e-02 2.452469799999999811e+00
6.739341462053335952e-02 5.889991997631861473e-03 -9.977090937041984686e-01 -1.471443300000000010e+00 -8.909098654884153694e-04 9.999825312957273393e-01 5.843233950594359932e-03 1.087469999999999930e-02 9.977260816202996319e-01 4.950733861113919450e-04 6.739748479688179028e-02 2.453596399999999900e+00
5.777551651119310072e-02 6.477251142948992763e-03 -9.983085870158063813e-01 -1.488231499999999929e+00 -4.728687456850891833e-04 9.999790175082262644e-01 6.460722748400132137e-03 1.063769999999999993e-02 9.983294877378980914e-01 9.879733552438547950e-05 5.777736712651659889e-02 2.454362399999999944e+00
4.850066456906748646e-02 6.348306779569125140e-03 -9.988029758352698906e-01 -1.504882899999999912e+00 -4.145928116979320441e-04 9.999798435928599627e-01 6.335654725425837915e-03 1.084910000000000041e-02 9.988230642356827893e-01 1.068130694205022060e-04 4.850231893228318381e-02 2.455019699999999805e+00
3.943280968540109621e-02 6.135978971930352438e-03 -9.992033843429328765e-01 -1.521019300000000074e+00 -1.394017894909937820e-04 9.999811694362934489e-01 6.135253863039996473e-03 1.100609999999999956e-02 9.992222145686393553e-01 -1.026395581100155233e-04 3.943292250981511593e-02 2.455728999999999829e+00
1.844426940558132472e-02 5.704781276704535067e-03 -9.998136148286239644e-01 -1.536488700000000041e+00 5.794601900505728931e-04 9.999834931319214748e-01 5.716440288190463397e-03 1.114859999999999983e-02 9.998297220787063511e-01 -6.847877519800503465e-04 1.844065925481663815e-02 2.455741900000000033e+00
-4.226640891195005550e-02 4.937361592801595492e-03 -9.990941763108169837e-01 -1.553507200000000088e+00 1.750848340282790605e-03 9.999866199105534870e-01 4.867702739021559886e-03 1.129269999999999927e-02 9.991048419499213296e-01 -1.543522065950691385e-03 -4.227448795496835388e-02 2.454552399999999857e+00
-7.227314530430006823e-02 5.493731264969410957e-03 -9.973697465757677127e-01 -1.573353100000000060e+00 5.229946310305257258e-04 9.999849013726413993e-01 5.470237962338198034e-03 1.128879999999999988e-02 9.973847396789460307e-01 -1.262677195102341644e-04 -7.227492727096695990e-02 2.452806499999999890e+00
-1.190249052191391238e-01 6.087572711031121429e-03 -9.928726068313412645e-01 -1.593480299999999961e+00 9.254055784815012203e-04 9.999814501039554493e-01 6.020221964828070815e-03 1.154099999999999918e-02 9.928908376866464325e-01 -2.022535003213532523e-04 -1.190283307932668011e-01 2.450347700000000017e+00
-1.438428756709830558e-01 4.738286143787467583e-03 -9.895891954559333792e-01 -1.625480199999999931e+00 3.198363105926093491e-04 9.999887074496474071e-01 4.741590230915077378e-03 1.201810000000000031e-02 9.896004874814060548e-01 3.655374167913305952e-04 -1.438427667940254118e-01 2.445181600000000177e+00
-1.769971901772286749e-01 4.353930630742339214e-03 -9.842017262520058596e-01 -1.660766100000000023e+00 3.449250367061791611e-04 9.999904280523554956e-01 4.361746254170190649e-03 1.221659999999999933e-02 9.842112962652301844e-01 4.325410147004186620e-04 -1.769969977490737367e-01 2.439158899999999797e+00
-2.051570048420521541e-01 5.945471872302158373e-03 -9.787110169648923774e-01 -1.685200299999999984e+00 2.112084350470771945e-03 9.999819099333390193e-01 5.631953991993356688e-03 1.198210000000000074e-02 9.787267966413991660e-01 -9.116854101592882301e-04 -2.051658508762562727e-01 2.434182900000000149e+00
-2.476742046263558095e-01 5.535248919771189324e-03 -9.688275643178709817e-01 -1.722234199999999937e+00 2.813599971509261888e-03 9.999835717932441526e-01 4.993976254054800432e-03 1.258330000000000039e-02 9.688392911199992241e-01 -1.489014110716219922e-03 -2.476857097595170920e-01 2.425198799999999988e+00
-2.699927571296344420e-01 5.436363175251807470e-03 -9.628470060466332026e-01 -1.747874600000000056e+00 2.491493673447420232e-03 9.999846577016142657e-01 4.947405447351015811e-03 1.248070000000000082e-02 9.628591296533537403e-01 -1.063163586694503959e-03 -2.700021594846503392e-01 2.418115100000000073e+00
-3.143504948018836509e-01 5.596603409087416194e-03 -9.492904952900838023e-01 -1.787063000000000068e+00 2.390365939936169894e-03 9.999841179545722047e-01 5.103919012821004839e-03 1.271800000000000014e-02 9.493039832258602928e-01 -6.647321999375295498e-04 -3.143588802032133422e-01 2.405301600000000040e+00
-3.353388594789059596e-01 5.874602310257261324e-03 -9.420792633165656627e-01 -1.826592400000000005e+00 1.985002345112805121e-03 9.999827442484556794e-01 5.529102189096767039e-03 1.256720000000000059e-02 9.420954883073565655e-01 -1.590672493149546812e-05 -3.353447340542261568e-01 2.391345499999999902e+00
-3.791163346377763310e-01 6.394108823763418499e-03 -9.253269261094522191e-01 -1.875382700000000069e+00 2.950823321924177407e-03 9.999793955131428547e-01 5.700981572686506654e-03 1.267169999999999928e-02 9.253443129195427774e-01 -5.691410362937679088e-04 -3.791273910256820479e-01 2.372647800000000196e+00
-3.793169520910575354e-01 4.790075660716030040e-03 -9.252544001686857644e-01 -1.911865900000000007e+00 2.709276235021319292e-03 9.999880625206757356e-01 4.066280662658746693e-03 1.312789999999999964e-02 9.252628327554459631e-01 -9.643605704194046797e-04 -3.793254016409360885e-01 2.357605700000000137e+00
-3.797913758295681230e-01 4.647257680377724770e-03 -9.250604919904079626e-01 -1.955272899999999980e+00 3.111868916175264399e-03 9.999881415444314969e-01 3.746070255954102313e-03 1.309800000000000027e-02 9.250669311554338137e-01 -1.455941814143716512e-03 -3.798013337471336515e-01 2.339977300000000149e+00
-3.798161615569459193e-01 5.168742221684215730e-03 -9.250475487908685901e-01 -1.985943999999999932e+00 3.252944425077974357e-03 9.999856700335459925e-01 4.251832561073658548e-03 1.338950000000000036e-02 9.250562695170040373e-01 -1.394213543841466701e-03 -3.798275324352867743e-01 2.327334200000000131e+00
-3.793711301211445397e-01 4.846802595922602812e-03 -9.252318920871687169e-01 -2.032603299999999891e+00 2.855000594110270427e-03 9.999876510006028285e-01 4.067778005777532291e-03 1.348680000000000018e-02 9.252401821160891604e-01 -1.098340062464878922e-03 -3.793802828915782133e-01 2.308208500000000107e+00
-3.794342682975666015e-01 3.233351936106359723e-03 -9.252130465340117071e-01 -2.085990199999999906e+00 1.960876693835689709e-03 9.999944579995634353e-01 2.690526482140037905e-03 1.412320000000000068e-02 9.252166184219140499e-01 -7.933507526952282606e-04 -3.794385056771404363e-01 2.286452300000000104e+00
-3.780251800376707716e-01 4.165639986446445855e-03 -9.257859421599518024e-01 -2.142098700000000022e+00 6.115575071727638416e-04 9.999907824994869188e-01 4.249813346404859513e-03 1.431649999999999937e-02 9.257951119199655521e-01 1.040365112438265639e-03 -3.780242431187856855e-01 2.263244400000000045e+00
-3.780281576636251861e-01 2.979751859915695609e-03 -9.257893027532231311e-01 -2.180311399999999900e+00 5.503613718252490551e-04 9.999953669338457196e-01 2.993862589300945627e-03 1.457050000000000012e-02 9.257939344777572632e-01 6.222456882470819416e-04 -3.780280461744839338e-01 2.247394299999999845e+00
-3.950943589987961913e-01 4.715084641977976450e-03 -9.186284425512581953e-01 -2.237450599999999845e+00 2.355901769631419881e-04 9.999873149088774893e-01 5.031353555643994918e-03 1.428839999999999971e-02 9.186405129236353551e-01 1.771439570619449348e-03 -3.950904580184755321e-01 2.223892699999999945e+00
-3.979622185605241613e-01 4.147121946675814269e-03 -9.173924318294462976e-01 -2.274097400000000047e+00 -4.412915183429986371e-05 9.999896947602109343e-01 4.539650426864591526e-03 1.454240000000000047e-02 9.174018043643711318e-01 1.847093105280101649e-03 -3.979579344554607934e-01 2.208343499999999793e+00
-3.991913832452218536e-01 4.987360461255850932e-03 -9.168540591492170266e-01 -2.307140400000000202e+00 -7.092682406870799532e-04 9.999832264860927244e-01 5.748363682523459015e-03 1.471760000000000082e-02 9.168673494466520468e-01 2.944992715322709495e-03 -3.991811500266232438e-01 2.194142799999999838e+00
-3.976025966915706644e-01 3.708073542228092385e-03 -9.175502303932603354e-01 -2.337207300000000210e+00 -1.362759902599182957e-03 9.999883448009818654e-01 4.631754272474090245e-03 1.511810000000000064e-02 9.175567110481877009e-01 3.091998188573553789e-03 -3.975929093402368331e-01 2.180517200000000155e+00
-3.977536841136242729e-01 4.587123395227455172e-03 -9.174807709554446689e-01 -2.366131999999999902e+00 -9.084559459871829716e-04 9.999850425328630221e-01 5.393460701850126722e-03 1.475279999999999994e-02 9.174917882367310540e-01 2.978759725986316297e-03 -3.977435675264421322e-01 2.168216699999999886e+00
-3.985864377388069757e-01 3.397641130220483557e-03 -9.171244777484884869e-01 -2.435170199999999952e+00 -5.838351097864433875e-05 9.999930417642819425e-01 3.730015333027037524e-03 1.510960000000000081e-02 9.171307694337013094e-01 1.540278471317790745e-03 -3.985834659142010183e-01 2.138791799999999910e+00
-3.996011160860473144e-01 3.139923337735652572e-03 -9.166837453038091388e-01 -2.474493499999999901e+00 -3.997554061555236120e-04 9.999934417100374562e-01 3.599546155992487066e-03 1.531680000000000021e-02 9.166890357249840582e-01 1.804831944257929022e-03 -3.995972401847295297e-01 2.122422199999999926e+00
