9.999999981877999433e-01 -9.800112851084740264e-06 -5.939998132596325050e-05 -1.110000000000000045e-05 9.799887131084947223e-06 9.999999999447599652e-01 -3.800291056542837598e-06 -4.199999999999999598e-06 5.940001856596322042e-05 3.799708936543367011e-06 9.999999982285999733e-01 -3.160000000000000238e-05
9.999523578550351122e-01 6.524812739607679414e-03 7.260085321049250008e-03 -6.642999999999999600e-03 -6.492600808329745433e-03 9.999690141668964305e-01 -4.451611037484585164e-03 3.628600000000000055e-03 -7.288906289666331230e-03 4.404262117362222305e-03 9.999637365026303737e-01 1.192359999999999948e-02
9.999522653814971740e-01 4.779934604869431024e-03 8.521689010116174218e-03 -8.795700000000000046e-03 -4.782751647765853993e-03 9.999885144576314833e-01 3.102249107434689791e-04 5.745000000000000323e-04 -8.520108279109841337e-03 -3.509672244305858126e-04 9.999636416274941819e-01 2.045309999999999837e-02
9.982838780571910986e-01 5.833640228295407064e-03 -5.826892355949202240e-02 -1.926869999999999972e-02 -6.002866066535174870e-03 9.999782571968875988e-01 -2.729602986260196585e-03 4.619400000000000069e-03 5.825173310797157611e-02 3.074699198649125543e-03 9.982971911283510247e-01 1.259425999999999879e-01
9.977217035204642981e-01 6.171474801517929862e-03 -6.718121183037015220e-02 -1.987039999999999987e-02 -6.295013776068484126e-03 9.999788620391432126e-01 -1.627352592191084026e-03 3.991599999999999662e-03 6.716974859102828321e-02 2.046551654474486944e-03 9.977394632370434335e-01 1.349088999999999983e-01
9.976122100180335739e-01 6.347691435214601260e-03 -6.877198002368438423e-02 -2.101350000000000093e-02 -6.474241625080760093e-03 9.999777338443370800e-01 -1.617408706572800786e-03 3.890799999999999814e-03 6.876018192467799051e-02 2.058793089975060990e-03 9.976310935173872130e-01 1.448831999999999898e-01
9.959412904663499377e-01 5.426866359292459308e-03 -8.984149968550188270e-02 -2.317369999999999847e-02 -5.662255633395976012e-03 9.999811717232168773e-01 -2.365387960664920922e-03 3.971800000000000157e-03 8.982697148052877500e-02 2.864493075705164433e-03 9.959532669126878179e-01 1.635484000000000104e-01
9.951743940753523532e-01 5.862985592364702674e-03 -9.794667312726323960e-02 -2.422940000000000163e-02 -6.180841948269327930e-03 9.999765703905181269e-01 -2.942084775744797150e-03 3.725899999999999872e-03 9.792712887431009872e-02 3.533280339978560249e-03 9.951873157152242300e-01 1.724547999999999914e-01
9.944787547476104939e-01 5.929721282130915629e-03 -1.047704383934626449e-01 -2.546280000000000071e-02 -6.151960495718598702e-03 9.999794597815102604e-01 -1.798164936286865412e-03 3.519099999999999832e-03 1.047576237688752909e-01 2.432780424785079346e-03 9.944948073477828387e-01 1.817194000000000031e-01
9.768970235146433589e-01 5.276868566260577154e-03 -2.136454074076124532e-01 -3.874099999999999766e-02 -5.290363657683270007e-03 9.999858766050041536e-01 5.085694552438819278e-04 1.661900000000000009e-03 2.136450736633067060e-01 6.334419119019568277e-04 9.769111429657992840e-01 2.372218000000000104e-01
9.657117852731712526e-01 3.847394296446881874e-03 -2.595880300430513654e-01 -4.524299999999999849e-02 -2.916259975775101817e-03 9.999878592894381191e-01 3.971989612344001448e-03 -7.584000000000000030e-04 2.596001602700934163e-01 -3.078770997418361216e-03 9.657112808478978128e-01 2.557696999999999887e-01
9.587904202365474804e-01 4.680291834222277680e-03 -2.840757380188797532e-01 -5.330540000000000278e-02 -3.194872194918868882e-03 9.999786963327254030e-01 5.692071008072168738e-03 -2.480000000000000000e-03 2.840963267173350904e-01 -4.549917477198207709e-03 9.587849474186940224e-01 2.769699999999999940e-01
9.495929546675260235e-01 5.565907738602016500e-03 -3.134361834837247618e-01 -6.240840000000000276e-02 -3.216419932174694948e-03 9.999627264680879257e-01 8.012510051659094135e-03 -4.666599999999999915e-03 3.134690975018394332e-01 -6.600480706236393734e-03 9.495754622808177947e-01 2.989158000000000093e-01
9.401873158060265467e-01 6.568782094437231912e-03 -3.405945717407351525e-01 -7.301409999999999845e-02 -3.819028123075408725e-03 9.999544848352218684e-01 8.743184895743487395e-03 -5.666000000000000029e-03 3.406365015990713285e-01 -6.919491290680170742e-03 9.401696093889783112e-01 3.222964999999999858e-01
9.201696039253363102e-01 8.676170650489171618e-03 -3.914238419855555762e-01 -8.592210000000000125e-02 -4.977540399443207593e-03 9.999328742330448883e-01 1.046284471898146703e-02 -7.086600000000000191e-03 3.914883447862292920e-01 -7.679263694209097733e-03 9.201510228248693801e-01 3.464940000000000242e-01
9.050451726792778651e-01 8.346151093554314906e-03 -4.252335560275786186e-01 -9.965409999999999546e-02 -4.700530862154921746e-03 9.999426620776739050e-01 9.621723682837866540e-03 -4.759000000000000209e-03 4.252894783786100863e-01 -6.709271118274776416e-03 9.050325106102605766e-01 3.793298999999999976e-01
8.774682080871901713e-01 7.952496397893204366e-03 -4.795688705465536161e-01 -1.152375999999999956e-01 -4.023183335677023992e-03 9.999493966434350734e-01 9.220528633312090674e-03 -4.186200000000000164e-03 4.796179289727430239e-01 -6.161327249196642784e-03 8.774557996015670547e-01 4.083430000000000115e-01
8.705891814163820852e-01 8.288496275852414927e-03 -4.919408277732585932e-01 -1.305362999999999940e-01 -4.346453145567528639e-03 9.999486388209845034e-01 9.155766768199850164e-03 -3.814899999999999975e-03 4.919914486510990614e-01 -5.832713737658248507e-03 8.705804924902966757e-01 4.364295000000000258e-01
8.189615000805113842e-01 7.919788579745307838e-03 -5.737938116908640751e-01 -1.692021999999999970e-01 -4.590743837494686876e-03 9.999631825105897986e-01 7.249737533966791811e-03 -1.987899999999999910e-03 5.738301024318062105e-01 -3.303115520995009852e-03 8.189677056947715084e-01 4.928420000000000023e-01
7.784603597048889156e-01 6.349632985490329985e-03 -6.276616529063128169e-01 -1.918875999999999915e-01 -2.577801510252052640e-03 9.999727413397858644e-01 6.918924538364127491e-03 -1.406700000000000094e-03 6.276884763220595964e-01 -3.768121328116729243e-03 7.784555080119530679e-01 5.218616000000000366e-01
7.594044534948409808e-01 8.680039877039103305e-03 -6.505609371303621158e-01 -2.179965000000000097e-01 -5.869010407418599751e-03 9.999617104456776095e-01 6.490944414532655825e-03 -5.611000000000000319e-04 6.505923690983775876e-01 -1.111103185105468717e-03 7.594263194811413653e-01 5.517800000000000482e-01
7.357181707204032417e-01 7.961932887882544954e-03 -6.772410065084012443e-01 -2.438407999999999964e-01 -4.869748383759161733e-03 9.999672389082998603e-01 6.465807048626851308e-03 -1.189000000000000034e-04 6.772702996754710325e-01 -1.459018437187122302e-03 7.357328403997591693e-01 5.804607000000000516e-01
7.224543620678438582e-01 9.183960022878464441e-03 -6.913576134009394858e-01 -2.711558000000000024e-01 -7.062368623793360140e-03 9.999576357557968809e-01 5.903358628663609928e-03 4.669000000000000190e-04 6.913825407678201307e-01 6.177151245745867748e-04 7.224886163459314226e-01 6.090345999999999815e-01
6.990499495627353621e-01 9.294279023911928769e-03 -7.150124365308360153e-01 -2.985423999999999856e-01 -7.520406612285464830e-03 9.999557839386632452e-01 5.645675513109791807e-03 1.018800000000000044e-03 7.150332939805831289e-01 1.430575072865869490e-03 6.990889370847159778e-01 6.359761999999999915e-01
6.168518909903523140e-01 9.475193319785388951e-03 -7.870222139769493808e-01 -3.617456000000000005e-01 -1.111044490016583480e-02 9.999327311392842699e-01 3.330346896651968473e-03 3.396500000000000213e-03 7.870008275699249545e-01 6.689836162743803029e-03 6.169156696797130079e-01 6.872382000000000213e-01
5.330290082343468461e-01 9.042795771410141667e-03 -8.460486417608300558e-01 -3.940765999999999991e-01 -1.008915407316811515e-02 9.999397228525607195e-01 4.331239041180027886e-03 4.184799999999999805e-03 8.460368108721963987e-01 6.227239049573553460e-03 5.330881129260180984e-01 7.089054999999999662e-01
4.264233371099698244e-01 1.022415283554620538e-02 -9.044659221146985617e-01 -4.262430999999999859e-01 -1.119317314229387184e-02 9.999191969361933552e-01 6.025983196517219545e-03 4.628600000000000075e-03 9.044544490702687289e-01 7.554223803506832785e-03 4.265033215107741915e-01 7.244313000000000002e-01
4.075813632815661336e-01 1.102179454652135043e-02 -9.131023778035595173e-01 -4.569030000000000036e-01 -1.324519079396519958e-02 9.998933214039812389e-01 6.157169199086514298e-03 4.930300000000000307e-03 9.130728323777744793e-01 9.584667792312488027e-03 4.076838688456284610e-01 7.381934999999999469e-01
3.730920753248527233e-01 1.153316734508150546e-02 -9.277226360183226106e-01 -4.877868000000000204e-01 -1.456377772966328463e-02 9.998723368551297730e-01 6.573155262342368979e-03 5.040499999999999842e-03 9.276800093286670101e-01 1.105875412748836932e-02 3.732124117029234078e-01 7.505593999999999877e-01
3.624608236771236225e-01 1.193946829842526709e-02 -9.319225291815042000e-01 -5.184031999999999529e-01 -1.539894562737939045e-02 9.998581659625858098e-01 6.820588794173021441e-03 5.407200000000000027e-03 9.318717850503178690e-01 1.187842812349695909e-02 3.625932696182443404e-01 7.625345000000000040e-01
3.406546183522196625e-01 1.082884481139584180e-02 -9.401261442569046611e-01 -5.336874000000000340e-01 -1.449884464544523403e-02 9.998752688190645221e-01 6.263410249277122019e-03 5.826200000000000129e-03 9.400767067102826502e-01 1.149708328465141698e-02 3.407691338379915669e-01 7.681042999999999621e-01
3.173114773131896493e-01 1.062642972478156783e-02 -9.482618337551214083e-01 -5.650361999999999885e-01 -1.496184686786590848e-02 9.998688544293773406e-01 6.198151368531379726e-03 6.024500000000000341e-03 9.482033376357750232e-01 1.222100377992638674e-02 3.174288543327266066e-01 7.786395999999999873e-01
2.580624704548922232e-01 1.073212022199332427e-02 -9.660686222718647409e-01 -5.961248999999999576e-01 -1.349148696470184663e-02 9.998808292111331930e-01 7.503809401750036190e-03 6.414800000000000016e-03 9.660340268966717270e-01 1.109725063235007109e-02 2.581765092067898060e-01 7.874056000000000388e-01
2.355884982711853315e-01 1.096196005023970799e-02 -9.717910757535203059e-01 -6.121199999999999974e-01 -1.513660026456813135e-02 9.998564827736566851e-01 7.609020168397441150e-03 6.727999999999999606e-03 9.717350167688504348e-01 1.291701541956777506e-02 2.357206140707517328e-01 7.911466000000000331e-01
2.223279662754303054e-01 1.057720555142702135e-02 -9.749145594022863293e-01 -6.282999999999999696e-01 -1.438090305784963524e-02 9.998679458444195145e-01 7.568388210293453336e-03 6.994499999999999849e-03 9.748658702811745513e-01 1.233748740967298245e-02 2.224507167112399486e-01 7.950369999999999937e-01
1.841722812293196121e-01 1.078058609270057984e-02 -9.828348537726399048e-01 -6.605594999999999661e-01 -1.431552693983942880e-02 9.998632045498382359e-01 8.284797870982549967e-03 7.144799999999999762e-03 9.827897214130920656e-01 1.254396870317270665e-02 1.843014170698388243e-01 8.013164000000000398e-01
1.807723074754232773e-01 1.189591214708549116e-02 -9.834530289364101785e-01 -6.937921999999999700e-01 -1.564012055009226382e-02 9.998351829018197190e-01 9.219200662930169404e-03 7.302499999999999963e-03 9.834006098631368209e-01 1.371474775100199606e-02 1.809285666083075839e-01 8.072285999999999628e-01
1.655980822286355625e-01 1.086916177060343568e-02 -9.861334273234035885e-01 -7.262298999999999838e-01 -1.448648078220299458e-02 9.998581859859926313e-01 8.587769870406932599e-03 7.868599999999999900e-03 9.860869216436981555e-01 1.286348472244821378e-02 1.657320540029912914e-01 8.129771000000000081e-01
1.312815414084640142e-01 1.080582623193786403e-02 -9.912862306139750279e-01 -7.595887000000000056e-01 -1.394665826516432693e-02 9.998617639828512038e-01 9.052273103250737391e-03 8.630399999999999877e-03 9.912470164437582332e-01 1.263673393509084919e-02 1.314140987367841129e-01 8.178798000000000457e-01
1.146472995977636244e-01 1.136948249944930329e-02 -9.933411959456003304e-01 -7.933103000000000238e-01 -1.601177894774353030e-02 9.998257576534425040e-01 9.595690055873146856e-03 8.533199999999999466e-03 9.932772118748468548e-01 1.480503969648517409e-02 1.148093688237866727e-01 8.213709999999999622e-01
9.919435215565571007e-02 1.197421037163514702e-02 -9.949960295329803861e-01 -8.258062999999999931e-01 -1.589182806641396134e-02 9.998191287531890126e-01 1.044794620591405626e-02 8.830199999999999855e-03 9.949411692663677753e-01 1.477592857284988626e-02 9.936670284196180702e-02 8.246126000000000289e-01
9.719510982308107727e-02 1.207020746834204170e-02 -9.951921526610578717e-01 -8.570318999999999576e-01 -1.595535145771204144e-02 9.998168550413534250e-01 1.056802418042997356e-02 9.202200000000000657e-03 9.951374464798015129e-01 1.485148029283432820e-02 9.736989343103674699e-02 8.277620999999999452e-01
8.181594023389425485e-02 1.168384572504690098e-02 -9.965789681067512840e-01 -8.892938000000000232e-01 -1.577539778678773916e-02 9.998211938915088082e-01 1.042674781639360559e-02 9.332599999999999923e-03 9.965225982125606174e-01 1.486835547165050661e-02 8.198562835800060622e-02 8.307561999999999447e-01
7.082091538785709184e-02 1.050441609541388072e-02 -9.974337347343531501e-01 -9.251673000000000258e-01 -1.501138518980760575e-02 9.998425337842693494e-01 9.463928916435779617e-03 1.009520000000000035e-02 9.973760856659381613e-01 1.430261788437816976e-02 7.096744932251863869e-02 8.335128000000000537e-01
6.292465695773412360e-02 1.044319674246496285e-02 -9.979636402136851103e-01 -9.645494000000000012e-01 -1.692095179847632330e-02 9.998126842353838306e-01 9.395628359523126166e-03 1.033060000000000055e-02 9.978748262868368801e-01 1.629527796126238257e-02 6.308957900620415504e-02 8.357373000000000163e-01
6.321763178002288985e-02 1.046646886928340528e-02 -9.979448802722189482e-01 -1.007265400000000088e+00 -1.777284450828081619e-02 9.997982375081869710e-01 9.360035983237646739e-03 1.050339999999999954e-02 9.978414989517171430e-01 1.714459987667698443e-02 6.339089575687295586e-02 8.380642999999999843e-01
6.448419123011416010e-02 1.091705964607186247e-02 -9.978590115292251816e-01 -1.054031399999999952e+00 -1.891484400415031214e-02 9.997738915182623476e-01 9.715683955773848218e-03 1.112669999999999979e-02 9.977394538443875582e-01 1.824783951907544763e-02 6.467610528772849143e-02 8.405502000000000251e-01
6.552447506693151458e-02 1.129604234960577755e-02 -9.977870226628720030e-01 -1.104049899999999917e+00 -1.949053308208190810e-02 9.997596455845689789e-01 1.003843517651794096e-02 1.157790000000000034e-02 9.976605947351930848e-01 1.878963777864796347e-02 6.572889185714192450e-02 8.440541999999999767e-01
6.628122798764467249e-02 1.270110863065206964e-02 -9.977201414504982546e-01 -1.156803800000000049e+00 -2.022207966854485187e-02 9.997307077698522892e-01 1.138329635340125032e-02 1.170189999999999945e-02 9.975960436521030816e-01 1.942147732647310152e-02 6.652022179855088257e-02 8.475055000000000227e-01
6.751035574587149757e-02 1.409433383504858812e-02 -9.976190162686414675e-01 -1.207660699999999920e+00 -2.202932803310538035e-02 9.996775103174491139e-01 1.263265894086892244e-02 1.176020000000000017e-02 9.974753433411150949e-01 2.112404126233147217e-02 6.779907305613852575e-02 8.510750999999999733e-01
6.983063313030818398e-02 1.508394002297549705e-02 -9.974448142278365959e-01 -1.258455300000000054e+00 -2.263037569544615671e-02 9.996523018110828884e-01 1.353298118253058908e-02 1.212859999999999980e-02 9.973021351488741137e-01 2.162753423733378838e-02 7.014770837532535719e-02 8.541339999999999488e-01
7.115754360839854353e-02 1.577549617017998812e-02 -9.973403319369988917e-01 -1.312042699999999895e+00 -2.361376664257538310e-02 9.996213401158120515e-01 1.412679758536986713e-02 1.238230000000000060e-02 9.971855364036166236e-01 2.254573364636099780e-02 7.150311798641018068e-02 8.580963000000000340e-01
7.320788024043926867e-02 1.574614403074829638e-02 -9.971923912760587427e-01 -1.367932200000000043e+00 -2.403091102366947118e-02 9.996129002946123610e-01 1.402015976962380298e-02 1.345189999999999927e-02 9.970271418502476557e-01 2.293705545086871869e-02 7.355793567773494246e-02 8.622790000000000177e-01
7.464944972949316693e-02 1.698179021159559529e-02 -9.970652327988841490e-01 -1.418879199999999896e+00 -2.502163128297543379e-02 9.995720889451888969e-01 1.515113757082764412e-02 1.395000000000000059e-02 9.968958710030965120e-01 2.381717453772961429e-02 7.504241849791770669e-02 8.660892000000000035e-01
7.571975481455676948e-02 1.869455780119980842e-02 -9.969538766860986945e-01 -1.466775099999999998e+00 -2.597647473233213877e-02 9.995218844878582809e-01 1.676977013321526155e-02 1.439750000000000058e-02 9.967907210098335691e-01 2.462754430425347779e-02 7.616917073355933265e-02 8.695030000000000259e-01
7.688797008349777806e-02 1.877599991768579002e-02 -9.968629303387351870e-01 -1.514891299999999941e+00 -2.437875026920295618e-02 9.995591499739452379e-01 1.694645209700091151e-02 1.508989999999999984e-02 9.967416498731006547e-01 2.299929412949825933e-02 7.731180943293103347e-02 8.732923000000000213e-01
7.705215714777685632e-02 1.989812785093981323e-02 -9.968284855414705214e-01 -1.564128600000000091e+00 -2.301873832863837038e-02 9.995698371324270859e-01 1.817356268899345678e-02 1.575400000000000064e-02 9.967613068155444234e-01 2.154542185896469314e-02 7.747704196913607344e-02 8.771293999999999480e-01
7.777140546808561372e-02 2.169717161884191642e-02 -9.967350908015937261e-01 -1.610377799999999970e+00 -2.292540839984918283e-02 9.995377175353370447e-01 1.996939843732829095e-02 1.621250000000000122e-02 9.967075971122216771e-01 2.129751084026407920e-02 7.823286963156905749e-02 8.808953000000000477e-01
6.026069951658773183e-02 2.154435646522192410e-02 -9.979501434431835571e-01 -1.674162499999999998e+00 -2.127406913535481031e-02 9.995676770656811705e-01 2.029465318605789062e-02 1.808059999999999876e-02 9.979559419514446583e-01 2.000749034780914884e-02 6.069298356306651598e-02 8.858639999999999848e-01
5.868876912230581999e-02 2.163371265832168475e-02 -9.980418883271013897e-01 -1.694267200000000084e+00 -2.075687241431993166e-02 9.995754589986720617e-01 2.044636924174274978e-02 1.854230000000000114e-02 9.980605095015455674e-01 1.951625589633452368e-02 5.911290154699277988e-02 8.872236999999999485e-01
5.837544451653920580e-02 2.208546476078677295e-02 -9.980503693320275094e-01 -1.732447499999999918e+00 -2.061193524841004737e-02 9.995687941855115888e-01 2.091348406740614965e-02 1.902130000000000140e-02 9.980818882250153123e-01 1.935091565849908837e-02 5.880549685502067803e-02 8.898219000000000545e-01
5.751104696146831091e-02 2.194158911788723562e-02 -9.981037251430221469e-01 -1.770112899999999989e+00 -2.128025919333150287e-02 9.995582506337423734e-01 2.074738920147050150e-02 1.998339999999999839e-02 9.981180441441083184e-01 2.004670189817958983e-02 5.795256419646244161e-02 8.927053000000000349e-01
5.861883344844646959e-02 2.250239326118109312e-02 -9.980267905535714634e-01 -1.809444999999999970e+00 -2.172513073410571594e-02 9.995378993311668792e-01 2.126044437974186629e-02 2.085330000000000170e-02 9.980440125864836753e-01 2.043600005278023435e-02 5.908061308173317983e-02 8.950354000000000365e-01
5.817653942704672371e-02 2.324663352661629837e-02 -9.980356127363254615e-01 -1.849096099999999909e+00 -2.165800105107282617e-02 9.995229377184038366e-01 2.201880935117863855e-02 2.194600000000000023e-02 9.980713507814784613e-01 2.033447821929597679e-02 5.865226120776567686e-02 8.985982000000000136e-01
5.797990960141492789e-02 2.163500111851182628e-02 -9.980832915189061794e-01 -1.892285100000000053e+00 -2.144397921045936711e-02 9.995614662559936248e-01 2.042133521074638788e-02 2.369889999999999844e-02 9.980874139263720135e-01 2.021885018417901234e-02 5.841842396878393906e-02 9.020787000000000111e-01
5.584520301587383301e-02 2.162464858546560634e-02 -9.982052333431590263e-01 -1.936918899999999999e+00 -2.075198018860011442e-02 9.995745988552690031e-01 2.049333163689866580e-02 2.451470000000000038e-02 9.982237567892118246e-01 1.957028096075995663e-02 5.627020068161414645e-02 9.065250999999999726e-01
5.529749943320651229e-02 2.054991190655381175e-02 -9.982584273008006104e-01 -2.005135300000000065e+00 -2.131509663516204314e-02 9.995846352477820718e-01 1.939648504219494349e-02 2.695919999999999914e-02 9.982423819954093780e-01 2.020539772415446203e-02 5.571255415918840992e-02 9.131367999999999707e-01
5.422103723258493019e-02 2.079176053256000939e-02 -9.983124670239168497e-01 -2.028854400000000169e+00 -2.100571642684960494e-02 9.995856940606437924e-01 1.967740091312887227e-02 2.736349999999999894e-02 9.983079880471844580e-01 1.990333950014178468e-02 5.463531896058337889e-02 9.151995000000000546e-01
5.428479706291602230e-02 1.994583344050998228e-02 -9.983262615679313612e-01 -2.077971900000000094e+00 -2.035173723312817470e-02 9.996148863141618435e-01 1.886493707169388870e-02 2.820069999999999869e-02 9.983180693543676210e-01 1.929359446782013751e-02 5.466982360571115418e-02 9.180042000000000479e-01
5.421478485754284427e-02 2.021936048860365279e-02 -9.983245637388085125e-01 -2.104142700000000143e+00 -2.022788587098869537e-02 9.996120383050375313e-01 1.914694515682564477e-02 2.874229999999999841e-02 9.983243910353190032e-01 1.915594782515672376e-02 5.460274651406538116e-02 9.194841000000000264e-01
5.373231974976989261e-02 2.195588839017464239e-02 -9.983139670360755558e-01 -2.156804999999999861e+00 -1.887140063897765896e-02 9.996020169324629778e-01 2.096849976691412404e-02 2.980570000000000094e-02 9.983770370217012191e-01 1.771289670127611932e-02 5.412527356252561095e-02 9.228277999999999759e-01
5.206061645821152828e-02 2.144545962004351311e-02 -9.984136339592304399e-01 -2.183785700000000052e+00 -1.851130287746044142e-02 9.996183430328275943e-01 2.050609514468637595e-02 3.123160000000000172e-02 9.984723450751002982e-01 1.741437722082212619e-02 5.243773055959788376e-02 9.253479000000000010e-01
5.186117751653709917e-02 2.148774144481266010e-02 -9.984231043171021280e-01 -2.233854800000000029e+00 -1.846929254926073585e-02 9.996181340188196041e-01 2.055410843269374691e-02 3.255630000000000329e-02 9.984835018663693607e-01 1.737420813545154444e-02 5.223823688006667965e-02 9.289821999999999802e-01
5.059504474041254946e-02 2.067767036158451449e-02 -9.985051704403606898e-01 -2.258558299999999797e+00 -1.801537485847144737e-02 9.996418694775488500e-01 1.978835658006774731e-02 3.299529999999999824e-02 9.985567523763607678e-01 1.698725215709724970e-02 5.094944109337007365e-02 9.306780999999999526e-01
4.992198958363531364e-02 1.899162518832085006e-02 -9.985725377401072356e-01 -2.310982500000000162e+00 -1.809274750866423503e-02 9.996723222795406150e-01 1.810802462495778031e-02 3.487029999999999991e-02 9.985892285838052773e-01 1.716293217771049096e-02 5.024924193919921844e-02 9.339115000000000055e-01
4.932774519711935479e-02 1.902814748829673858e-02 -9.986013735004232172e-01 -2.337939299999999943e+00 -1.759489186419904011e-02 9.996799103359063077e-01 1.817956685626680863e-02 3.530339999999999867e-02 9.986276550016303100e-01 1.667352614050066073e-02 4.964675409316132715e-02 9.355054000000000425e-01
4.953139738390404528e-02 1.861617715069386128e-02 -9.985990579914904020e-01 -2.365363400000000116e+00 -1.788611584351658054e-02 9.996824758382056864e-01 1.774920736336159030e-02 3.611339999999999689e-02 9.986124010511937543e-01 1.698191538929834724e-02 4.984864106954800533e-02 9.369975999999999861e-01
4.778867063004155896e-02 2.072475330447299743e-02 -9.986424422984844229e-01 -2.392496099999999792e+00 -1.594051899008227732e-02 9.996732297311168303e-01 1.998333338771663553e-02 3.641319999999999973e-02 9.987302652937578573e-01 1.496390187840523911e-02 4.810341803690498796e-02 9.387024000000000479e-01
4.865428778894866080e-02 1.973286400711201510e-02 -9.986207359943147788e-01 -2.418916900000000147e+00 -1.584666129174312765e-02 9.996942366870804619e-01 1.898200359657388828e-02 3.702670000000000267e-02 9.986899637052807366e-01 1.490124869641457420e-02 4.895211110496333617e-02 9.399781999999999860e-01
4.666304193777916220e-02 2.130221917310705371e-02 -9.986835214297941077e-01 -2.469402300000000050e+00 -1.311128442711333164e-02 9.996995235756651610e-01 2.071127188898253674e-02 3.811260000000000342e-02 9.988246366293657141e-01 1.212757275339682549e-02 4.692832024829640680e-02 9.440614999999999979e-01
4.651366036730301273e-02 2.109405503860808245e-02 -9.986949084887054573e-01 -2.493224600000000013e+00 -1.170526115782465591e-02 9.997198806787697123e-01 2.057053807885250718e-02 3.866880000000000317e-02 9.988490708112326422e-01 1.073317369907766244e-02 4.674754241543743749e-02 9.456023999999999541e-01
4.411528932854261870e-02 1.901638135342732100e-02 -9.988454427426094462e-01 -2.540744800000000136e+00 -1.083217962919949887e-02 9.997691510759625366e-01 1.855555014894124874e-02 4.064159999999999995e-02 9.989677197647275353e-01 1.000108979412443061e-02 4.431109422018519872e-02 9.495759999999999756e-01
4.262063450523426861e-02 1.805585146864781276e-02 -9.989281594499742623e-01 -2.587379700000000060e+00 -1.039232429332292117e-02 9.997906040191026911e-01 1.762803763610877941e-02 4.257350000000000023e-02 9.990372771374217420e-01 9.629867229603215201e-03 4.279935217951980064e-02 9.528124999999999512e-01
4.013201689577483577e-02 1.809073569775516976e-02 -9.990306033859981394e-01 -2.650901999999999870e+00 -6.883657717536429202e-03 9.998173639669315493e-01 1.782845945795855438e-02 4.383580000000000115e-02 9.991706743476338470e-01 6.161492686860667485e-03 4.024921777581169646e-02 9.570737999999999746e-01
3.921657273024723583e-02 1.828423978379532105e-02 -9.990634349223385113e-01 -2.689441200000000087e+00 -5.394815758649628215e-03 9.998218739848753200e-01 1.808635574963495321e-02 4.444660000000000277e-02 9.992161709991603802e-01 4.680478276928978082e-03 3.930822734334049606e-02 9.592945000000000499e-01
3.799896592466659589e-02 1.791469998619934015e-02 -9.991171813721655415e-01 -2.725807399999999880e+00 -5.312783884681863099e-03 9.998287775917806819e-01 1.772540060816875720e-02 4.505490000000000189e-02 9.992636553563083446e-01 4.634546766391936697e-03 3.808763657959668425e-02 9.612939000000000345e-01
2.818440447928441395e-02 1.791896128142003372e-02 -9.994421194700284783e-01 -2.759086400000000161e+00 -3.749736579403737703e-03 9.998341753810278121e-01 1.782024735308604044e-02 4.561189999999999689e-02 9.995957076837278521e-01 3.245391615053295868e-03 2.824692219573254892e-02 9.632604999999999640e-01
2.038272556598091922e-02 1.734788146759166233e-02 -9.996417335761289547e-01 -2.792713399999999790e+00 -2.451321888301314679e-03 9.998473134807757123e-01 1.730146659319540051e-02 4.626999999999999863e-02 9.997892455510319909e-01 2.097792616516547248e-03 2.042213864011910296e-02 9.642804000000000375e-01
1.928175129231562979e-02 1.811827265789438257e-02 -9.996499098499411762e-01 -2.824933500000000208e+00 -2.149884390662335290e-03 9.998342294311044487e-01 1.808014532619083015e-02 4.668669999999999765e-02 9.998117783184032881e-01 1.800514871804865732e-03 1.931750713700752797e-02 9.652783000000000335e-01
4.484601681110396768e-03 1.861993824347315044e-02 -9.998165763016592100e-01 -2.854971599999999832e+00 -1.357586329039914275e-03 9.998258224202634104e-01 1.861402108635024782e-02 4.659459999999999991e-02 9.999890225933089072e-01 1.273860845278550202e-03 4.509098737650374389e-03 9.666109999999999980e-01
-5.049800834385126218e-03 1.798467354306810401e-02 -9.998255102912121384e-01 -2.884701499999999807e+00 -1.166039085960411323e-03 9.998374729220639301e-01 1.799077801739584759e-02 4.738610000000000044e-02 9.999865698420071780e-01 1.256685469983346085e-03 -5.028009272711853050e-03 9.674857000000000040e-01
-3.807452475792312552e-02 1.752062442906861597e-02 -9.991212930791107949e-01 -2.913125500000000034e+00 -4.030242042347732812e-04 9.998459286544078006e-01 1.754869011338457130e-02 4.802050000000000068e-02 9.992748211257750368e-01 1.070828100268402319e-03 -3.806159732894265346e-02 9.670271999999999757e-01
-7.044860745054644380e-02 1.761670676815803999e-02 -9.973598374463067406e-01 -2.942086900000000060e+00 1.838887986854277970e-03 9.998446343401016234e-01 1.753070655393783664e-02 4.873430000000000123e-02 9.975137152938050589e-01 -5.990191593018591443e-04 -7.047005730660482747e-02 9.659898999999999569e-01
-8.614301848576631782e-02 1.665980943126307498e-02 -9.961434791815256817e-01 -2.972289599999999865e+00 1.272498592185821592e-03 9.998612023907492707e-01 1.661194452970782276e-02 4.963019999999999932e-02 9.962819686782921069e-01 1.634118698335702141e-04 -8.615226162479416860e-02 9.641724000000000405e-01
-1.023576185440817771e-01 1.636481882328267787e-02 -9.946130456769938233e-01 -3.003338100000000122e+00 2.019847276366948385e-03 9.998660274049934182e-01 1.624338198581517373e-02 5.032869999999999705e-02 9.947456147895122891e-01 -3.463325541798369794e-04 -1.023769598630351885e-01 9.629208999999999685e-01
-1.120831110593759478e-01 1.528475802895080775e-02 -9.935812761859231790e-01 -3.033049300000000059e+00 1.776647483514836798e-03 9.998831792350055814e-01 1.518128474856082419e-02 5.157359999999999722e-02 9.936972475251054648e-01 -6.367804950622741461e-05 -1.120971730514873643e-01 9.609725000000000072e-01
-1.440747813623888818e-01 1.469560859337629491e-02 -9.894576779546712109e-01 -3.061203200000000013e+00 2.411977888640308952e-03 9.998919694389289958e-01 1.449937289004001560e-02 5.237599999999999895e-02 9.895638633954072505e-01 -2.975560619477863461e-04 -1.440946623659095094e-01 9.574211000000000249e-01
-1.747851622901800128e-01 1.454441517141940449e-02 -9.844991655814222531e-01 -3.089040799999999809e+00 4.085960983636813953e-03 9.998929957115162415e-01 1.404642480810978228e-02 5.301970000000000294e-02 9.845981169827796586e-01 -1.567518539306411544e-03 -1.748258874411718899e-01 9.532327999999999912e-01
-1.898022413434766742e-01 1.395759640199119994e-02 -9.817231252668296992e-01 -3.116068400000000072e+00 3.406546557164932994e-03 9.999022907178993780e-01 1.355745026364594402e-02 5.381339999999999735e-02 9.818164312240582614e-01 -7.710510855242049336e-04 -1.898312431047034510e-01 9.488558000000000270e-01
-2.170546771896914306e-01 1.439317931108291017e-02 -9.760533302537306444e-01 -3.141583699999999979e+00 6.041339437503815898e-03 9.998919486793550471e-01 1.340123815186309783e-02 5.436019999999999741e-02 9.761407528260870325e-01 -2.987868056173978958e-03 -2.171181782269719918e-01 9.440674999999999484e-01
-3.434316295958375065e-01 1.579303780745707972e-02 -9.390448848430835715e-01 -3.176731600000000100e+00 1.243334536157307893e-02 9.998474369029148878e-01 1.226844903773585682e-02 5.492670000000000191e-02 9.390953773266418336e-01 -7.462095917629571473e-03 -3.435755948961578543e-01 9.349273000000000167e-01
-4.759307923936705875e-01 1.718504484621218020e-02 -8.793148213723944728e-01 -3.199618099999999909e+00 1.478220571080980650e-02 9.998241495086088726e-01 1.153934372961313778e-02 5.498150000000000259e-02 8.793584975684578531e-01 -7.506283569152998915e-03 -4.761011325980262221e-01 9.229136999999999480e-01
-6.007641751137799968e-01 1.791446868232043563e-02 -7.992255487105563994e-01 -3.218646800000000141e+00 1.629872367234791106e-02 9.998155543375132348e-01 1.015917867859753194e-02 5.509050000000000058e-02 7.992601313130238694e-01 -6.923085771632845123e-03 -6.009453497422928558e-01 9.089024999999999466e-01
-6.205453958359814504e-01 1.618924300872347580e-02 -7.840033929247817168e-01 -3.237535199999999946e+00 1.480368187293606454e-02 9.998505496675859083e-01 8.929128313064421327e-03 5.535759999999999986e-02 7.840307791852115793e-01 -6.065207352660131543e-03 -6.206923155235605227e-01 8.943524999999999947e-01
-6.307617597263625031e-01 1.597908020889407879e-02 -7.758120078102553885e-01 -3.264418800000000065e+00 1.506732417673404580e-02 9.998516716954608530e-01 8.343281725174527333e-03 5.572459999999999913e-02 7.758302508983877521e-01 -6.426787959016156196e-03 -6.309089618855275861e-01 8.735380000000000367e-01
-6.357429833241129424e-01 1.592602752828900167e-02 -7.717364969996728385e-01 -3.281479599999999941e+00 1.500388775897792785e-02 9.998532043063417252e-01 8.273644327437729845e-03 5.598840000000000067e-02 7.717549756925924376e-01 -6.319136452802012402e-03 -6.358886113213683133e-01 8.598407999999999607e-01
-6.437345867660768661e-01 1.596918723126415987e-02 -7.650821961464537857e-01 -3.297504200000000107e+00 1.535530630060191574e-02 9.998504984478393531e-01 7.949548542020422326e-03 5.630489999999999801e-02 7.650947629996709409e-01 -6.630672121291603278e-03 -6.438835592074836356e-01 8.465757000000000421e-01
-6.511412556047864175e-01 1.573683297150350879e-02 -7.587933956864993945e-01 -3.312943000000000193e+00 1.495816326375442457e-02 9.998569089798339249e-01 7.900311200644308599e-03 5.650750000000000217e-02 7.588091450432028484e-01 -6.205936941281178440e-03 -6.512834772550919471e-01 8.337210999999999927e-01
-6.582417043254024103e-01 1.578583671061208060e-02 -7.526411269962168804e-01 -3.327721400000000163e+00 1.529997629153497310e-02 9.998541416274755456e-01 7.589874561705977664e-03 5.658239999999999797e-02 7.526511605068234578e-01 -6.519419431962923152e-03 -6.583872171890962077e-01 8.209400999999999504e-01
-6.657891817994668893e-01 1.560972643484337223e-02 -7.459766094452472407e-01 -3.341903400000000079e+00 1.516015824708280384e-02 9.998577560561086042e-01 7.391701858610677869e-03 5.688920000000000088e-02 7.459858812341698675e-01 -6.387808315262233014e-03 -6.659311232433934302e-01 8.088378999999999985e-01
-6.889427079447892899e-01 1.603821748777814818e-02 -7.246383378965782773e-01 -3.368504300000000118e+00 1.571191417238810770e-02 9.998506981166971341e-01 7.191469153989178860e-03 5.686780000000000307e-02 7.246454863743653219e-01 -6.430945138002284490e-03 -6.890918385976514404e-01 7.843558000000000474e-01
-6.962742098039332861e-01 1.598574164151848193e-02 -7.175978545300139011e-01 -3.382824900000000135e+00 1.587743287114579821e-02 9.998503591817046177e-01 6.867777634611113916e-03 5.699479999999999824e-02 7.176002591187733426e-01 -6.611755318130563969e-03 -6.964238313012289794e-01 7.706423999999999497e-01
-7.116277576362510793e-01 1.654546239914677502e-02 -7.023618598953107472e-01 -3.396432200000000012e+00 1.669715542955435561e-02 9.998385735004947650e-01 6.635656791679939680e-03 5.711730000000000279e-02 7.023582700888222341e-01 -7.005327579355927377e-03 -7.117891442157174842e-01 7.569137000000000226e-01
-7.532512321260927957e-01 1.717838353557988446e-02 -6.575085432445934019e-01 -3.409749699999999883e+00 1.794045809701772659e-02 9.998235474052991067e-01 5.569022998055516566e-03 5.732219999999999677e-02 6.574881909690789561e-01 -7.601131033486930796e-03 -7.534265070617169879e-01 7.412678999999999796e-01
-8.000751434409224538e-01 1.722048828012968241e-02 -5.996525824436853558e-01 -3.422395900000000157e+00 1.805266290254250311e-02 9.998263355246400641e-01 4.626029993100655782e-03 5.706839999999999830e-02 5.996281065878368288e-01 -7.124154319202914698e-03 -8.002470744808265479e-01 7.242271000000000125e-01
-8.164462183002583195e-01 1.799127314203897987e-02 -5.771411324051812786e-01 -3.435872300000000212e+00 1.873190678659698849e-02 9.998136434885447343e-01 4.668400400507201689e-03 5.706189999999999873e-02 5.771175688638708889e-01 -6.999456042419371221e-03 -8.166310790826938337e-01 7.049104999999999954e-01
-8.267020928284730674e-01 1.750479735747342488e-02 -5.623675237622598466e-01 -3.449897299999999944e+00 1.828822770290792002e-02 9.998237784107653070e-01 4.237080587807100576e-03 5.721020000000000272e-02 5.623425917005653307e-01 -6.781901937861661497e-03 -8.268765417918179095e-01 6.844711999999999463e-01
-8.336159818599674365e-01 1.871830961744980551e-02 -5.520271910628196110e-01 -3.463957499999999801e+00 1.960890720427123715e-02 9.997985226966867867e-01 4.290078294977373377e-03 5.745209999999999900e-02 5.519962731268170941e-01 -7.248372133661640238e-03 -8.338150727562528841e-01 6.635259000000000018e-01
-8.363861198233311089e-01 1.838253558512691760e-02 -5.478324022475610233e-01 -3.477682600000000068e+00 1.938986852688241724e-02 9.998042135102571670e-01 3.945585589790725524e-03 5.769880000000000148e-02 5.477976739320661315e-01 -7.322365232470457765e-03 -8.365788016690476336e-01 6.429715000000000291e-01
-8.424095552696133637e-01 1.922561189887224756e-02 -5.384946768887937107e-01 -3.490432999999999897e+00 2.018352179829864881e-02 9.997878019190620247e-01 4.120264757048540394e-03 5.766360000000000235e-02 5.384596239629022563e-01 -7.397768647674432194e-03 -8.426188381354677848e-01 6.234901000000000471e-01
-8.549372012932677789e-01 1.975254535244994059e-02 -5.183553016965628535e-01 -3.502203499999999803e+00 2.062511567026547449e-02 9.997789537987197273e-01 4.080213808800936884e-03 5.762430000000000330e-02 5.183213158345153504e-01 -7.202811481412546915e-03 -8.551556192052651717e-01 6.048793000000000086e-01
-8.633998578736732377e-01 2.035380342466404716e-02 -5.041095199556062667e-01 -3.512789999999999857e+00 2.109925505334182480e-02 9.997684407033611276e-01 4.229232763053458397e-03 5.757059999999999955e-02 5.040788696820326376e-01 -6.984816369826006219e-03 -8.636293796996283856e-01 5.869752000000000303e-01
-8.682416389782963151e-01 1.949049000158141476e-02 -4.957585875643310547e-01 -3.522734900000000113e+00 2.023803008004155385e-02 9.997877292051798870e-01 3.862469317571906591e-03 5.767280000000000323e-02 4.957286339145254295e-01 -6.679620516773831021e-03 -8.684517857584211908e-01 5.693637000000000281e-01
-8.728375264389275356e-01 1.992170168818120299e-02 -4.876041204110372340e-01 -3.532329100000000111e+00 2.084075399691697264e-02 9.997765368035627098e-01 3.541105747418131413e-03 5.784729999999999733e-02 4.875657036880405859e-01 -7.071227539934396913e-03 -8.730576626593823386e-01 5.522158000000000344e-01
-8.772569601601200029e-01 2.049014247927070584e-02 -4.795835484165447138e-01 -3.541274299999999986e+00 2.129579790918226592e-02 9.997661465509254386e-01 3.760478975438108582e-03 5.766729999999999773e-02 4.795484488996251127e-01 -6.914207972908387873e-03 -8.774881645276308983e-01 5.357361000000000484e-01
-8.816715042797053092e-01 1.992258797910502824e-02 -4.714429435566689364e-01 -3.549854299999999796e+00 2.095799944185050903e-02 9.997756908201462789e-01 3.054554712986624725e-03 5.785930000000000240e-02 4.713980492116583987e-01 -7.187387099221447841e-03 -8.818912748554262881e-01 5.198007999999999518e-01
-8.999209959569086648e-01 2.022051370883830301e-02 -4.355838976147726194e-01 -3.558002000000000109e+00 2.169483769220953429e-02 9.997633767488296463e-01 1.588876737265402291e-03 5.802100000000000313e-02 4.355129562406090948e-01 -8.020058424239862038e-03 -9.001467344880152988e-01 5.025988000000000122e-01
-9.230023500336521636e-01 2.002236273037841935e-02 -3.842730368150344411e-01 -3.565881300000000032e+00 2.174436037669145311e-02 9.997635541215027510e-01 -1.365362578302610833e-04 5.795940000000000120e-02 3.841794432607817944e-01 -8.481794682393861001e-03 -9.232194834029455732e-01 4.821400000000000130e-01
-9.335258256891125761e-01 1.996410626674797670e-02 -3.579538618766821556e-01 -3.574797400000000014e+00 2.158991156058071362e-02 9.997667618341606888e-01 -5.455734990606211053e-04 5.799990000000000007e-02 3.578594814871713381e-01 -8.237499171870554804e-03 -9.337391151264503586e-01 4.594881000000000104e-01
-9.486570379516207074e-01 1.978889658525086886e-02 -3.156869080541609973e-01 -3.582077500000000025e+00 2.131816083945964335e-02 9.997717739849451002e-01 -1.391388306232094717e-03 5.797900000000000276e-02 3.155873260498288646e-01 -8.049814590040969831e-03 -9.488623926164350131e-01 4.361610000000000209e-01
-9.515810778069867526e-01 1.948382733045608481e-02 -3.067797790472029384e-01 -3.589871399999999824e+00 2.107754984339105589e-02 9.997760713464601823e-01 -1.882566237129688295e-03 5.796250000000000013e-02 3.066744026688452140e-01 -8.257580492782827172e-03 -9.517786628791971015e-01 4.119837000000000082e-01
