9.999999999998999689e-01 4.000000199999760199e-07 1.999999599999879874e-07 -2.110000000000000127e-05 -3.999999799999759807e-07 9.999999999998999689e-01 -2.000000399999880129e-07 -3.400000000000000058e-06 -2.000000399999880129e-07 1.999999599999879874e-07 9.999999999999600320e-01 -2.979999999999999929e-05
9.995061797880427923e-01 -2.468812110264548276e-03 -3.132573274924359275e-02 -7.112799999999999852e-03 2.539366329675642187e-03 9.999943277878637904e-01 2.212693097167030883e-03 -9.642000000000000180e-04 3.132009233952752492e-02 -2.291147935588638569e-03 9.995067795953066492e-01 2.611049999999999829e-02
9.989251162561868513e-01 -3.878080148504056603e-03 -4.619061167515869232e-02 -9.051200000000000565e-03 4.090156805718721082e-03 9.999815204496999010e-01 4.497707906376392437e-03 -2.545799999999999973e-03 4.617231562168135767e-02 -4.681800237966870018e-03 9.989225185251675576e-01 3.197440000000000004e-02
9.974011573232720584e-01 -3.812706347757372286e-03 -7.194716561827373125e-02 -1.023220000000000032e-02 4.128909393454730653e-03 9.999824585800795029e-01 4.246721012770259852e-03 -2.250199999999999943e-03 7.192971206266697559e-02 -4.532747780919848916e-03 9.973994038097959702e-01 3.984080000000000260e-02
9.910234624741985909e-01 -3.052611825474611622e-03 -1.336532019320658682e-01 -1.432570000000000024e-02 3.552104663061013586e-03 9.999875698914852951e-01 3.498944838723747064e-03 -2.207999999999999893e-03 1.336408596878711497e-01 -3.942286590894160565e-03 9.910219871417192961e-01 6.652600000000000180e-02
9.900520647176128675e-01 -3.343610333831211270e-03 -1.406617553506536999e-01 -1.581230000000000135e-02 3.914655577663914490e-03 9.999851813115279153e-01 3.783203544464391280e-03 -2.124899999999999879e-03 1.406470213694549776e-01 -4.296210805591395634e-03 9.900504825273376275e-01 7.585649999999999338e-02
9.820950620482422622e-01 -4.087160260459369622e-03 -1.883416688400749717e-01 -1.973209999999999895e-02 4.811122650007206188e-03 9.999826909278369813e-01 3.386878144924461605e-03 -2.094400000000000168e-03 1.883245661067767807e-01 -4.232371170786066242e-03 9.820977267232456898e-01 9.477320000000000189e-02
9.787508371833892884e-01 -2.839642923298345192e-03 -2.050334976068126924e-01 -2.213270000000000168e-02 3.574399702517672747e-03 9.999884490799771930e-01 3.213311903407207928e-03 -2.034499999999999850e-03 2.050220046228729831e-01 -3.877903388443103890e-03 9.787496817295670004e-01 1.046675999999999995e-01
9.765545781440421180e-01 -3.211893446054191800e-03 -2.152459979799932477e-01 -2.445750000000000007e-02 3.946565383705761577e-03 9.999877616563660476e-01 2.983481047874655696e-03 -2.009799999999999955e-03 2.152337811022800584e-01 -3.763014480717020733e-03 9.765553026810277482e-01 1.151816999999999980e-01
9.719820184662244511e-01 -3.908975038940596704e-03 -2.350227131416644799e-01 -2.713120000000000115e-02 4.750510905433150653e-03 9.999841723099750501e-01 3.014593782203081693e-03 -1.862200000000000053e-03 2.350072093031648490e-01 -4.046608911085445084e-03 9.719852038646777936e-01 1.258121000000000100e-01
9.691128902150571989e-01 -3.114898027330855086e-03 -2.465978577143317640e-01 -2.996429999999999927e-02 4.018957553607977254e-03 9.999869219117950569e-01 3.162907769103578959e-03 -1.923100000000000070e-03 2.465847805506267976e-01 -4.056281012564186793e-03 9.691127347141540449e-01 1.365654000000000035e-01
9.159645643460818665e-01 -4.553518590613306848e-03 -4.012333265454620657e-01 -5.901549999999999851e-02 6.236762617582154548e-03 9.999763773844361214e-01 2.889198011865646860e-03 -1.690700000000000059e-03 4.012106923479786813e-01 -5.148800010174954880e-03 9.159713260818325153e-01 2.176925000000000110e-01
9.042592327681843178e-01 -3.914116974051510059e-03 -4.269659467004460196e-01 -6.989049999999999430e-02 5.399020644108699571e-03 9.999828547924758393e-01 2.267310559820329662e-03 -1.412800000000000080e-03 4.269497517619364468e-01 -4.355434467837457184e-03 9.042648614543292718e-01 2.414031000000000093e-01
8.902322295869744551e-01 -4.132518866993708552e-03 -4.554881992899686427e-01 -8.162049999999999861e-02 6.070585564614791423e-03 9.999776756161565805e-01 2.792178398939379556e-03 -1.545099999999999989e-03 4.554664920666579020e-01 -5.250767288954462722e-03 8.902374425103508626e-01 2.641882999999999870e-01
8.600685150187231676e-01 -4.304752922380878505e-03 -5.101603851493818897e-01 -9.528469999999999995e-02 5.680458533695456960e-03 9.999832177731965421e-01 1.138667120320970526e-03 -1.177300000000000048e-03 5.101469218414782514e-01 -3.877276652650270446e-03 8.600785341243109006e-01 2.872374999999999790e-01
8.390948659730480541e-01 -3.553240584502437814e-03 -5.439735107328492747e-01 -1.083554999999999935e-01 5.901023848982289884e-03 9.999792846880826147e-01 2.570624874299968447e-03 -1.567699999999999996e-03 5.439531081032688009e-01 -5.366998794416882532e-03 8.390984516186014153e-01 3.104353999999999725e-01
8.002835510509360706e-01 -3.253754843213157045e-03 -5.996129176366400415e-01 -1.262524999999999897e-01 5.185246906012196816e-03 9.999854401378062141e-01 1.494231214296880966e-03 -1.524799999999999984e-03 5.995993254931391014e-01 -4.304949688248994009e-03 8.002887705549505126e-01 3.343585000000000029e-01
7.907145745608695764e-01 -2.715626376024828960e-03 -6.121789664390707708e-01 -1.444017999999999968e-01 4.956041358408067553e-03 9.999857871675125187e-01 1.965481372116720943e-03 -1.581900000000000016e-03 6.121649281289126554e-01 -4.588119043380125758e-03 7.907167950237095067e-01 3.586501000000000272e-01
7.645996225413208558e-01 -1.320832635140111377e-03 -6.445042068216619846e-01 -1.635849000000000053e-01 4.076795463380437565e-03 9.999878058228738320e-01 2.787103210177949673e-03 -1.742199999999999955e-03 6.444926663263279565e-01 -4.758529888985923127e-03 7.645956836425877867e-01 3.816861999999999755e-01
7.563377274550293627e-01 -9.782161270482886244e-04 -6.541806211753529166e-01 -1.831212999999999869e-01 3.630090141120073405e-03 9.999897617101257685e-01 2.701651438142954435e-03 -1.469299999999999990e-03 6.541712806855166651e-01 -4.418095532541107921e-03 7.563335348628515975e-01 4.046022000000000229e-01
7.100025237673190937e-01 -2.617679473266558247e-03 -7.041942658089548335e-01 -2.036743000000000026e-01 5.729416258739271524e-03 9.999814660084843654e-01 2.059472955995976517e-03 -1.470200000000000066e-03 7.041758232383243943e-01 -5.496853072224473259e-03 7.100043623619017863e-01 4.260263000000000244e-01
6.795322950072708590e-01 -6.706462439144782444e-04 -7.336452891389454445e-01 -2.264732999999999885e-01 3.883055657006118620e-03 9.999888629030886378e-01 2.682526524083416169e-03 -1.830599999999999936e-03 7.336353194339241268e-01 -4.671648895555153072e-03 6.795273311469383071e-01 4.470081000000000193e-01
6.260377390771952877e-01 -6.849537629206496961e-04 -7.797924596259291352e-01 -2.495818999999999954e-01 4.787837275703639255e-03 9.999841412787245920e-01 2.965435090037251732e-03 -1.624299999999999963e-03 7.797780619287355552e-01 -5.589993684656748528e-03 6.260310903663415250e-01 4.664892999999999956e-01
5.169659219194716604e-01 -1.959929627362527391e-03 -8.560037349508509141e-01 -2.743095999999999868e-01 7.134760111602134192e-03 9.999725083789066105e-01 2.019327746447363136e-03 -1.017399999999999902e-03 8.559762442802374416e-01 -7.151304933609506365e-03 5.169656933159548773e-01 4.827538000000000107e-01
4.654349357221130856e-01 3.013517353853696189e-04 -8.850820469292572934e-01 -2.979474999999999763e-01 3.709891789151383880e-03 9.999904930878227294e-01 2.291383181838118482e-03 -1.196900000000000091e-03 8.850743230442656984e-01 -4.350048402581707142e-03 4.654293928907261568e-01 4.954371000000000191e-01
4.355115594411995139e-01 4.187130182874468885e-04 -9.001830404270583230e-01 -3.215622000000000202e-01 3.563868047030804582e-03 9.999912527588915578e-01 2.189349274536198618e-03 -1.115799999999999908e-03 9.001760830180047801e-01 -4.161620490971750658e-03 4.355062576786368211e-01 5.069025000000000336e-01
4.204375867592812233e-01 1.092540099708332654e-03 -9.073208043443963255e-01 -3.450389999999999846e-01 1.252998573799939380e-03 9.999976223195377045e-01 1.784754841754612785e-03 -9.874000000000000398e-04 9.073205969416795469e-01 -1.887249692446794696e-03 4.204352181418588019e-01 5.177355000000000151e-01
3.913161142762197620e-01 1.443398126784221826e-03 -9.202551903192983662e-01 -3.691992000000000052e-01 2.397562004564137046e-03 9.999937770317745001e-01 2.587971050833790410e-03 -9.033999999999999496e-04 9.202531990730566935e-01 -3.219083654284112753e-03 3.913102184919682314e-01 5.284170999999999729e-01
3.676852776737323802e-01 1.211496601047776494e-03 -9.299494980147986478e-01 -3.936683000000000265e-01 2.426445966679971478e-03 9.999944975688810356e-01 2.262121113437856081e-03 -9.244000000000000264e-04 9.299471215837817883e-01 -3.088220838400082893e-03 3.676803148797772591e-01 5.383681999999999634e-01
3.094211831751955688e-01 8.320518532939893876e-04 -9.509247284050276194e-01 -4.184759000000000118e-01 3.763078953148498058e-03 9.999907157267254876e-01 2.099451629268971574e-03 -6.650000000000000095e-04 9.509176466126046945e-01 -4.228019638636908509e-03 3.094151793475570233e-01 5.466244999999999576e-01
2.736946888338698813e-01 1.579574824256067735e-03 -9.618153264777523637e-01 -4.438799999999999968e-01 3.098694824703630401e-03 9.999920136291464701e-01 2.524038095664787873e-03 -6.097000000000000206e-04 9.618116319708939210e-01 -3.671187995675051323e-03 2.736876083862510578e-01 5.543196000000000234e-01
2.362591625861245881e-01 1.655819839745417080e-03 -9.716886674006036673e-01 -4.695172000000000234e-01 3.420073919329736940e-03 9.999909368336973303e-01 2.535615280488346703e-03 -6.421999999999999974e-04 9.716840593467040987e-01 -3.922309411893830366e-03 2.362513583037945120e-01 5.607663999999999982e-01
2.327594443541738389e-01 2.537174581493046102e-03 -9.725310297409942573e-01 -4.962531000000000025e-01 2.257994403227334482e-03 9.999924918738990476e-01 3.149231192687027524e-03 -6.890000000000000508e-04 9.725317180047191590e-01 -2.928982924672746471e-03 2.327519678409094572e-01 5.671424999999999939e-01
2.179853895186457113e-01 1.466794023503711127e-03 -9.759509303605878872e-01 -5.222451999999999650e-01 2.418855534317730389e-03 9.999949872255798899e-01 2.043198868509690357e-03 -4.135000000000000221e-04 9.759490350906180334e-01 -2.806071810341386700e-03 2.179807488442196961e-01 5.730442999999999509e-01
2.078085089514100370e-01 1.835381574277347326e-03 -9.781678051243910543e-01 -5.359365000000000379e-01 3.417266556407325129e-03 9.999907750778606053e-01 2.602315980414065914e-03 -3.462000000000000125e-04 9.781635578453505842e-01 -3.883443530716212608e-03 2.078003199460229933e-01 5.761127000000000331e-01
1.695791161418980786e-01 2.088128484206986431e-03 -9.855143647293863607e-01 -5.631699999999999484e-01 2.779429058986383847e-03 9.999927649832615062e-01 2.597066660177268192e-03 -3.209999999999999963e-04 9.855126575253300159e-01 -3.179575532171814885e-03 1.695720854291663526e-01 5.806000000000000050e-01
1.668086423748890712e-01 2.505110214536167973e-03 -9.859861060135987065e-01 -5.773321999999999621e-01 2.688118246287574294e-03 9.999919005586695997e-01 2.995469471360504617e-03 -3.344999999999999992e-04 9.859856240581504894e-01 -3.150117437954261853e-03 1.668005572856000596e-01 5.830640999999999741e-01
1.512288082157687841e-01 2.764598717546640650e-03 -9.884949188334603010e-01 -6.048135999999999513e-01 3.458040288358458971e-03 9.999884904873737046e-01 3.325785643706716341e-03 -1.043000000000000009e-04 9.884927362014362950e-01 -3.921209853442610138e-03 1.512175075521448031e-01 5.874380000000000157e-01
1.495175772857963714e-01 3.016950293880908338e-03 -9.887544650182422679e-01 -6.306644999999999612e-01 2.872603268994164231e-03 9.999897992432468241e-01 3.485621882804347798e-03 -6.060000000000000255e-05 9.887548949224196360e-01 -3.361461047695240168e-03 1.495073855920835415e-01 5.913045000000000107e-01
1.341537533629228174e-01 2.968651307880471654e-03 -9.909560825627200531e-01 -6.574788000000000299e-01 3.009917992303993723e-03 9.999896792903136822e-01 3.403190640449889684e-03 -1.846999999999999901e-04 9.909559580790258115e-01 -3.439247340314534676e-03 1.341434334039965925e-01 5.951999999999999513e-01
1.222449387846225310e-01 2.245749229771488303e-03 -9.924974214333965872e-01 -6.875510000000000232e-01 4.891786286509653206e-03 9.999839303825317494e-01 2.865205687361171896e-03 2.680000000000000090e-05 9.924879069129615150e-01 -5.205342169420899140e-03 1.222319886299336744e-01 5.993522999999999490e-01
1.144127481971508459e-01 1.697923411273444174e-03 -9.934318497542068416e-01 -7.211505999999999750e-01 3.482560153555018957e-03 9.999917093412303837e-01 2.110218846736818758e-03 3.061000000000000136e-04 9.934271965397124537e-01 -3.701122112779038544e-03 1.144058865196807551e-01 6.030611000000000166e-01
1.130343137500209733e-01 1.980269590205391284e-03 -9.935891114778845346e-01 -7.584615000000000107e-01 3.062265593008418191e-03 9.999925701450056437e-01 2.341406462733036653e-03 2.357000000000000100e-04 9.935863658708787849e-01 -3.307293022391423996e-03 1.130274098100294555e-01 6.073011999999999855e-01
1.132636390612647009e-01 1.897463107749851417e-03 -9.935631573787114812e-01 -7.999851000000000045e-01 3.115654690352393560e-03 9.999925813928584040e-01 2.264918342424354376e-03 6.499999999999999702e-04 9.935600841229733637e-01 -3.352132605087905417e-03 1.132568869629916319e-01 6.117784000000000555e-01
1.134305192600010004e-01 2.064364639025398091e-03 -9.935437865031633287e-01 -8.445283000000000095e-01 2.329092177776133279e-03 9.999945412442010628e-01 2.343674769974611865e-03 7.826999999999999973e-04 9.935432011895777293e-01 -2.579899307557381987e-03 1.134250919749634212e-01 6.169234000000000107e-01
1.143332349784084712e-01 2.912184636270949076e-03 -9.934381865823441737e-01 -8.921295000000000197e-01 1.962422404345046285e-03 9.999930903054579101e-01 3.157251913818552320e-03 7.406999999999999522e-04 9.934405167284446891e-01 -2.310524179629752910e-03 1.143267300343029369e-01 6.221046000000000076e-01
1.147644754877617662e-01 3.881806891868923998e-03 -9.933851452187481001e-01 -9.382538000000000267e-01 1.895268280035211899e-04 9.999922614421635769e-01 3.929521010130354944e-03 9.026000000000000386e-04 9.933927114920868551e-01 -6.392425532048763744e-04 1.147628516696834744e-01 6.275138000000000105e-01
1.154608224534543204e-01 4.929307756943243288e-03 -9.932998038877332014e-01 -9.851868000000000292e-01 5.792849783027389544e-04 9.999871825366739575e-01 5.029830144128664624e-03 6.166000000000000257e-04 9.933118658846706861e-01 -1.156151980585493240e-03 1.154564870646599406e-01 6.325988000000000167e-01
1.156870225505286509e-01 5.831076917622962999e-03 -9.932685998033836672e-01 -1.034762299999999913e+00 1.840227746351119631e-04 9.999826255234619543e-01 5.891925561475858109e-03 3.376000000000000203e-04 9.932856985525422289e-01 -8.644033689902447422e-04 1.156839394981160618e-01 6.384912000000000365e-01
1.168977938227912794e-01 7.116997763966686694e-03 -9.931184492003920505e-01 -1.086451899999999915e+00 2.888670690446523172e-04 9.999740370123371136e-01 7.200128961734824674e-03 2.197000000000000005e-04 9.931439081800684798e-01 -1.128558406501073245e-03 1.168927029405280038e-01 6.442714999999999970e-01
1.176793191367641322e-01 8.027260939646110524e-03 -9.930192047132396782e-01 -1.134685299999999897e+00 -4.230478987767190280e-04 9.999676430693733575e-01 8.033296008342672573e-03 3.869000000000000260e-04 9.930515590229861411e-01 -5.252581166869888657e-04 1.176789073110721118e-01 6.496043000000000234e-01
1.185694835892098925e-01 7.665408713162457331e-03 -9.929161692059645938e-01 -1.180628900000000092e+00 -9.830183137038333088e-04 9.999706175379688977e-01 7.602482208345974837e-03 9.412000000000000010e-04 9.929452710176843722e-01 7.463238886238092104e-05 1.185735349630073765e-01 6.549660000000000482e-01
1.188160018758229880e-01 6.735541516506913032e-03 -9.928934435168377259e-01 -1.225964499999999902e+00 -3.740006929672779444e-04 9.999772238147518477e-01 6.738840792249587396e-03 1.347600000000000013e-03 9.929162189337659150e-01 -4.293392842948350052e-04 1.188158147977484980e-01 6.603541000000000549e-01
1.192278170848765639e-01 6.514784538982271167e-03 -9.928455495270074316e-01 -1.271849900000000089e+00 2.965355542659561632e-04 9.999781942908914090e-01 6.597197086122124146e-03 1.738799999999999981e-03 9.928668791433421514e-01 -1.080983412786527386e-03 1.192232853725353481e-01 6.657484000000000179e-01
1.199016581647608798e-01 7.776210115241590989e-03 -9.927553187596552808e-01 -1.314863099999999951e+00 1.259649340643420427e-04 9.999691965914279113e-01 7.847929735257766146e-03 1.632599999999999893e-03 9.927857656625503902e-01 -1.066032146687525151e-03 1.198969852552015380e-01 6.706921000000000133e-01
1.095497397155079794e-01 8.290824734747985134e-03 -9.939467373825836560e-01 -1.354479699999999953e+00 1.046369696855683953e-03 9.999636970384768730e-01 8.456341738519260534e-03 2.204600000000000136e-03 9.939807642196716309e-01 -1.966425782685883930e-03 1.095370874677578099e-01 6.754873000000000127e-01
1.006862971366106058e-01 7.254741513425677288e-03 -9.948917721513689250e-01 -1.391865600000000036e+00 7.380769174458023246e-04 9.999725946831534706e-01 7.366486618848453599e-03 2.763400000000000058e-03 9.949179487834068913e-01 -1.476010912939914894e-03 1.006781832394824105e-01 6.787461999999999662e-01
9.920929490940774698e-02 7.925841962471426652e-03 -9.950350229176678774e-01 -1.427107499999999973e+00 1.054160272711671554e-03 9.999668795147264033e-01 8.070230461406681377e-03 2.697499999999999811e-03 9.950660302460823115e-01 -1.849568264949132731e-03 9.919765394169210992e-02 6.825487000000000082e-01
9.839438000383676775e-02 5.870228793509024885e-03 -9.951301856528983469e-01 -1.461599899999999952e+00 1.135063561664437573e-03 9.999812891250464686e-01 6.011075654269714200e-03 3.411299999999999923e-03 9.951468522858176735e-01 -1.720992075004996753e-03 9.838587587609426421e-02 6.859304999999999986e-01
9.797131502414961612e-02 6.592229937641986420e-03 -9.951674049811357614e-01 -1.497367399999999904e+00 1.634819722130319546e-03 9.999756451096643017e-01 6.785024096259768128e-03 3.633200000000000058e-03 9.951878962270966911e-01 -2.291657033665522522e-03 9.795815183600131704e-02 6.897488000000000508e-01
9.755748019127438719e-02 7.183706882613492481e-03 -9.952039652323303454e-01 -1.532485499999999945e+00 2.716762430177991922e-03 9.999683008632553882e-01 7.484415177681006531e-03 3.773199999999999991e-03 9.952261839705718316e-01 -3.433893428547247096e-03 9.753487127840121396e-02 6.933804000000000078e-01
9.795758332345483321e-02 5.924740861783662181e-03 -9.951729544733161070e-01 -1.569372999999999907e+00 2.806340338566518620e-03 9.999766581501434715e-01 6.229575328644401840e-03 4.119499999999999898e-03 9.951866339151327345e-01 -3.403028150314311127e-03 9.793866997297662191e-02 6.968339999999999534e-01
9.705112396453167978e-02 5.674769952338639886e-03 -9.952632196174081569e-01 -1.607986300000000091e+00 3.055056010953190616e-03 9.999773357202170754e-01 5.999556539121102434e-03 4.606899999999999711e-03 9.952747087965166939e-01 -3.622848586983247292e-03 9.703158763065122816e-02 7.006885000000000474e-01
9.808282367439373484e-02 4.972974820420489155e-03 -9.951658300110053368e-01 -1.665547000000000111e+00 2.871887199623344815e-03 9.999819362795513422e-01 5.280092661289255244e-03 5.511000000000000273e-03 9.951741113815060213e-01 -3.375890406192841829e-03 9.806677011095521479e-02 7.059680999999999873e-01
9.650441190552030979e-02 5.408773192286284517e-03 -9.953178606130425043e-01 -1.684940799999999905e+00 4.092877214548361689e-03 9.999746240547831011e-01 5.830917818123909462e-03 5.444199999999999734e-03 9.953241415935193404e-01 -4.636423087843610617e-03 9.647982557029322059e-02 7.083352000000000537e-01
9.657020358527070025e-02 4.437992166273422093e-03 -9.953162813925188201e-01 -1.726868999999999987e+00 4.266206451571920300e-03 9.999790278703598601e-01 4.872709919811747843e-03 5.719199999999999805e-03 9.953170325388852602e-01 -4.716783329999525536e-03 9.654924491162997224e-02 7.123926999999999898e-01
9.614277704991877616e-02 4.688336647775672057e-03 -9.953565119697599384e-01 -1.749211999999999989e+00 4.842913355735413254e-03 9.999748675930782982e-01 5.177873350549173394e-03 5.919400000000000009e-03 9.953557718782558572e-01 -5.318240468671130670e-03 9.611765554235562892e-02 7.145679000000000336e-01
9.578905903134610211e-02 6.065853133994089652e-03 -9.953831732532181231e-01 -1.793811999999999962e+00 4.891915387880656566e-03 9.999664873672085008e-01 6.564549209522582696e-03 6.142599999999999796e-03 9.953896349338418048e-01 -5.498142253820030231e-03 9.575617524749857612e-02 7.188784999999999759e-01
9.675544981717269788e-02 6.353551291234011550e-03 -9.952879057421860631e-01 -1.815322199999999997e+00 4.032776508312763478e-03 9.999689143526627744e-01 6.775473562119197282e-03 6.569700000000000366e-03 9.953000148921485879e-01 -4.669337677512101076e-03 9.672681965899010414e-02 7.204264000000000223e-01
9.692616875147223865e-02 6.369956386672676052e-03 -9.952711899109675242e-01 -1.856414299999999962e+00 4.423140454125229493e-03 9.999668876914156179e-01 6.830764910805164382e-03 7.066300000000000185e-03 9.952817458587716049e-01 -5.064304135366890815e-03 9.689478409047769247e-02 7.242627999999999844e-01
9.710265131729031718e-02 4.846297363983409663e-03 -9.952625726455367472e-01 -1.897536399999999901e+00 4.142101686316742616e-03 9.999775169772648908e-01 5.273379713642650096e-03 7.420999999999999645e-03 9.952657525006939343e-01 -4.634537932080531886e-03 9.708039429968939871e-02 7.279632000000000325e-01
9.745773560696809057e-02 4.789287917846695927e-03 -9.952281409262915268e-01 -1.940882199999999891e+00 3.840232114168084989e-03 9.999791673516449375e-01 5.188205857545208875e-03 7.451400000000000384e-03 9.952322555000272519e-01 -4.327537862448109680e-03 9.743731332696659031e-02 7.318495999999999890e-01
9.779828295508984082e-02 6.930386458902925394e-03 -9.951821268464214887e-01 -1.985489400000000071e+00 3.413934164435999084e-03 9.999675328029444810e-01 7.299204991856387062e-03 7.553100000000000092e-03 9.952004023836392710e-01 -4.111335977817855147e-03 9.777144783586066978e-02 7.359293000000000085e-01
9.727679194780007588e-02 6.371493313805553366e-03 -9.952369716913137543e-01 -2.007501400000000213e+00 3.617600757582922506e-03 9.999706383978761437e-01 6.755390951136042328e-03 7.867199999999999541e-03 9.952507918676093412e-01 -4.257512782844742778e-03 9.725088622630007062e-02 7.382410000000000361e-01
9.630316494469264021e-02 7.327581158202934805e-03 -9.953250760309443335e-01 -2.048283099999999912e+00 6.788011185882736331e-03 9.999448128085800525e-01 8.018368995870925331e-03 8.232899999999999593e-03 9.953289020850221158e-01 -7.528472061684401972e-03 9.624811054062709648e-02 7.426331000000000460e-01
9.628372643417003329e-02 7.459825459461480804e-03 -9.953259742557030165e-01 -2.086389300000000002e+00 7.673637002841102867e-03 9.999366340457533919e-01 8.236697663365970951e-03 8.372700000000000281e-03 9.953243488024889896e-01 -8.430830170477930652e-03 9.622038133128563153e-02 7.457993000000000539e-01
9.689351620888217442e-02 7.257296710693180407e-03 -9.952682945623919641e-01 -2.158722899999999889e+00 8.547332268206288275e-03 9.999304742370681565e-01 8.123410806359070840e-03 9.448200000000000348e-03 9.952580517774153313e-01 -9.293994646273135568e-03 9.682474908688931681e-02 7.522187000000000179e-01
9.610392821646167316e-02 7.607374974669550011e-03 -9.953422340217258357e-01 -2.192912100000000031e+00 8.726382824845640984e-03 9.999259250017230594e-01 8.484972141537193771e-03 9.791700000000000403e-03 9.953330524121860590e-01 -9.501176529419645342e-03 9.603042445182352616e-02 7.558780999999999972e-01
9.698145606023611531e-02 8.433240529554082709e-03 -9.952504597510151152e-01 -2.251659200000000194e+00 8.597055606131526195e-03 9.999196990243236494e-01 9.310539082738105918e-03 9.672099999999999448e-03 9.952490581835992112e-01 -9.459173181457119703e-03 9.690116731691955643e-02 7.611360999999999821e-01
8.337962419789551882e-02 8.815797115613355911e-03 -9.964788607842284263e-01 -2.291783999999999821e+00 9.026577865396453321e-03 9.999131625398572920e-01 9.601472365266986581e-03 9.553100000000000133e-03 9.964769737232553881e-01 -9.795361185652832342e-03 8.329280724399290570e-02 7.642098999999999975e-01
8.223353918676093444e-02 8.707820295223097501e-03 -9.965750442884498961e-01 -2.331431400000000043e+00 8.711351071110498556e-03 9.999173462000903179e-01 9.455851663625470041e-03 1.019019999999999995e-02 9.965750134311693875e-01 -9.459103227829121843e-03 8.215088539261128364e-02 7.672257999999999578e-01
6.791382815007684925e-02 9.083749506440686600e-03 -9.976498370875956923e-01 -2.368021199999999826e+00 9.138989902188924402e-03 9.999109334240110503e-01 9.726463010293217096e-03 1.036950000000000024e-02 9.976493325861395256e-01 -9.778073124453093637e-03 6.782476300292783478e-02 7.697935999999999668e-01
1.876616091315744597e-02 8.962896755984781430e-03 -9.997837254558220588e-01 -2.413883900000000082e+00 1.027035436786771609e-02 9.999053322683434386e-01 9.156763756489950598e-03 1.043409999999999997e-02 9.997711493265543092e-01 -1.043997045375631878e-02 1.867233223742537085e-02 7.714142999999999972e-01
-2.635526466102400961e-02 9.862528404468200866e-03 -9.996039868658579408e-01 -2.462650500000000076e+00 1.167595401970872651e-02 9.998861569748190847e-01 9.557467648757377726e-03 1.051080000000000070e-02 9.995844497201709089e-01 -1.141944059919110591e-02 -2.646741872613422863e-02 7.707085999999999659e-01
-4.016447557883431191e-02 1.061037516660774845e-02 -9.991367448153939401e-01 -2.497937700000000039e+00 1.091877443760042206e-02 9.998885735413783893e-01 1.017943348956470984e-02 1.041240000000000047e-02 9.991334221545481453e-01 -1.050049714115963012e-02 -4.027585248670062512e-02 7.694872999999999852e-01
-1.018818930574601628e-01 1.131201180963278992e-02 -9.947321841861992420e-01 -2.542988999999999944e+00 1.293652692158274269e-02 9.998658589680545772e-01 1.004541394275945861e-02 1.043760000000000000e-02 9.947123836256565044e-01 -1.184493389145543051e-02 -1.020145646605015166e-01 7.654227999999999588e-01
-1.160608350344846662e-01 1.113819457208180611e-02 -9.931796530299907833e-01 -2.565244900000000161e+00 1.190958574644651602e-02 9.998808416968291146e-01 9.821617737847754617e-03 1.075760000000000084e-02 9.931707025171687686e-01 -1.068845308334255735e-02 -1.161796567056342377e-01 7.630550999999999862e-01
-1.425478845696159513e-01 1.198672367703590251e-02 -9.897153222317103261e-01 -2.585972299999999890e+00 1.338546311165268905e-02 9.998585714428700477e-01 1.018167419973683117e-02 1.091879999999999934e-02 9.896973931369195121e-01 -1.179642181822049100e-02 -1.426881720755879268e-01 7.601056000000000479e-01
-2.690864238118427232e-01 1.230474669009325867e-02 -9.630374290384805525e-01 -2.616264300000000098e+00 1.751057900479058294e-02 9.998156101956885422e-01 7.881956098595040844e-03 1.113470000000000085e-02 9.629568402286111661e-01 -1.474241560653583374e-02 -2.692522702578639127e-01 7.526677999999999980e-01
-4.051996707293794020e-01 1.333779354519554899e-02 -9.141309151889290829e-01 -2.635230799999999984e+00 1.910924265625267571e-02 9.997986872345843157e-01 6.117340035191014790e-03 1.112819999999999955e-02 9.140284807848756410e-01 -1.498960530992852688e-02 -4.053729739964735401e-01 7.441790999999999823e-01
-4.829897168260000040e-01 1.410779313236441151e-02 -8.755123663394336342e-01 -2.643345099999999892e+00 2.136857044335215700e-02 9.997623256122231128e-01 4.321629744280272405e-03 1.132279999999999918e-02 8.753652481321997358e-01 -1.662114494773337878e-02 -4.831763859120999927e-01 7.390468999999999511e-01
-5.504397923160175843e-01 1.235135193939417703e-02 -8.347834923741415114e-01 -2.659282199999999818e+00 1.816998247258804627e-02 9.998309566572491924e-01 2.812444985346637498e-03 1.133220000000000061e-02 8.346771152799417059e-01 -1.361991979120956084e-02 -5.505711679817930637e-01 7.277323999999999460e-01
-5.610008872235261457e-01 1.171769716020442526e-02 -8.277322635415863550e-01 -2.674548099999999984e+00 1.748787818577273237e-02 9.998444261351382423e-01 2.301660934108027551e-03 1.152590000000000038e-02 8.276304602000678079e-01 -1.318404716912686264e-02 -5.611185278078654193e-01 7.172703000000000273e-01
-5.643833801863481492e-01 1.106321052522135640e-02 -8.254386746102382322e-01 -2.689079500000000067e+00 1.671507347501266852e-02 9.998583483317887710e-01 1.972204338344773177e-03 1.154490000000000030e-02 8.253435687567676204e-01 -1.268418874433400317e-02 -5.644883567158327509e-01 7.072553000000000312e-01
-5.718456135436348342e-01 1.123069889601158861e-02 -8.202843809760187455e-01 -2.710202000000000222e+00 1.628861215208778773e-02 9.998646074337113054e-01 2.334077031557986633e-03 1.165710000000000010e-02 8.201995338849334960e-01 -1.202656242396440631e-02 -5.719511223970101810e-01 6.924086000000000407e-01
-5.797253064658727251e-01 1.101322620965326793e-02 -8.147375515412952351e-01 -2.723368900000000092e+00 1.606839492942571668e-02 9.998687267461457973e-01 2.082296672748002245e-03 1.163669999999999982e-02 8.146535310961596776e-01 -1.188436466523717060e-02 -5.798261689067351066e-01 6.829214000000000118e-01
-5.850642928378949614e-01 1.105838343315780799e-02 -8.109115151494264984e-01 -2.729788800000000126e+00 1.633744647944075992e-02 9.998648275351994519e-01 1.847836718245826799e-03 1.168929999999999969e-02 8.108223363281407137e-01 -1.216712019547558019e-02 -5.851658740028535810e-01 6.783118000000000203e-01
-5.926278560641025095e-01 1.085066219527301354e-02 -8.054033072608963728e-01 -2.742370800000000219e+00 1.659471956942746435e-02 9.998615044725537304e-01 1.259823913717371055e-03 1.172050000000000002e-02 8.053054324287636234e-01 -1.261883527927938446e-02 -5.927258434528707154e-01 6.689956999999999709e-01
-6.078333354316660664e-01 1.129701372628546911e-02 -7.939842654731159577e-01 -2.765509100000000053e+00 1.729580283464068891e-02 9.998499308838864064e-01 9.853505938263651051e-04 1.169459999999999944e-02 7.938762444753719727e-01 -1.313366637141497387e-02 -6.079375093423036169e-01 6.518536000000000330e-01
-6.249106472355775432e-01 1.080202740994670382e-02 -7.806215467020147791e-01 -2.777037899999999837e+00 1.676577840140339865e-02 9.998593586339402650e-01 4.142785543040303220e-04 1.175819999999999990e-02 7.805162340696099044e-01 -1.282884078786080372e-02 -6.250038633463261828e-01 6.423642999999999992e-01
-6.321606770827962185e-01 1.089254296356155678e-02 -7.747607571747598953e-01 -2.788897799999999982e+00 1.661312936671626925e-02 9.998618664618976748e-01 5.019242721503855073e-04 1.169279999999999972e-02 7.746592039618873660e-01 -1.255390389947245999e-02 -6.322543137172077499e-01 6.323798000000000474e-01
-6.489772085995607620e-01 1.112379140332935175e-02 -7.607265237804828883e-01 -2.800646799999999992e+00 1.743226410100674056e-02 9.998480150012682977e-01 -2.511301183311795068e-04 1.176770000000000073e-02 7.606081112416794854e-01 -1.342416339437200665e-02 -6.490724866688822869e-01 6.224505999999999650e-01
-6.947692691971307788e-01 1.212557828132112062e-02 -7.191304700335180433e-01 -2.812113300000000038e+00 1.839723069393711663e-02 9.998303375579116192e-01 -9.154242878192230676e-04 1.164929999999999959e-02 7.189973605529292877e-01 -1.386601781969952832e-02 -6.948744700071696201e-01 6.112891000000000297e-01
-7.452866138333512636e-01 1.113920057346064023e-02 -6.666511692417569357e-01 -2.823158499999999904e+00 1.672001092148681090e-02 9.998582396341761935e-01 -1.985414423145195548e-03 1.155789999999999942e-02 6.665345485986475804e-01 -1.262611762302590784e-02 -7.453672092855755382e-01 5.980687999999999560e-01
-7.637772752033104018e-01 1.178069808665876961e-02 -6.453723646357949484e-01 -2.834942100000000131e+00 1.746826889481590747e-02 9.998444849981761307e-01 -2.421858903904192638e-03 1.145649999999999967e-02 6.452434683627761292e-01 -1.312329879729206769e-02 -7.638642847809105074e-01 5.838615000000000332e-01
-7.751487998666578561e-01 1.191803272426217655e-02 -6.316662873394965905e-01 -2.847215199999999946e+00 1.725551247551982900e-02 9.998484433265203419e-01 -2.310339096553557479e-03 1.126689999999999983e-02 6.315430194012813248e-01 -1.269058207953048523e-02 -7.752369726554555474e-01 5.686986000000000541e-01
-7.826229247862821481e-01 1.231738900415830541e-02 -6.223741957432731287e-01 -2.859630300000000069e+00 1.760668814544759375e-02 9.998422233835910777e-01 -2.352205753395010882e-03 1.139219999999999990e-02 6.222470266152460017e-01 -1.279883852064668884e-02 -7.827163136162476054e-01 5.529752000000000001e-01
-7.852542713935056762e-01 1.175047441710457691e-02 -6.190619158123267241e-01 -2.871774700000000013e+00 1.707327515571028728e-02 9.998506533676607688e-01 -2.678476380186181963e-03 1.146409999999999964e-02 6.189379876318084062e-01 -1.267269944545282301e-02 -7.853376153954764183e-01 5.372190000000000021e-01
-7.918728537098010944e-01 1.264525116747789585e-02 -6.105550599089389907e-01 -2.883170600000000139e+00 1.769788430693610207e-02 9.998408577866417790e-01 -2.245883240645437338e-03 1.120529999999999964e-02 6.104294950676573128e-01 -1.258398678415175928e-02 -7.919706275033576715e-01 5.224267999999999690e-01
-8.059805727832444200e-01 1.319947990171397439e-02 -5.917948039872580335e-01 -2.893644999999999801e+00 1.817928215374679801e-02 9.998317207379087135e-01 -2.458435813032687316e-03 1.110839999999999918e-02 5.916627671202299155e-01 -1.273985622354457253e-02 -8.060849000366125949e-01 5.082069000000000170e-01
-8.152259066863724035e-01 1.330912873826540013e-02 -5.789901451316848968e-01 -2.903172000000000086e+00 1.821310293025654378e-02 9.998305855882185789e-01 -2.661391360109025862e-03 1.100399999999999989e-02 5.788566350565856888e-01 -1.271484229347971326e-02 -8.153301962005442549e-01 4.944658000000000109e-01
-8.209160734653193625e-01 1.257035568074740123e-02 -5.709104890298851709e-01 -2.912450799999999784e+00 1.727955327503691990e-02 9.998466875674778542e-01 -2.831677763680324166e-03 1.097500000000000038e-02 5.707873661573968915e-01 -1.218964800154878625e-02 -8.210074269558715887e-01 4.811426999999999787e-01
-8.262480051726892594e-01 1.295275894312589854e-02 -5.631575800643303653e-01 -2.921387199999999851e+00 1.788297777816863846e-02 9.998348340945907298e-01 -3.240931475313485466e-03 1.102599999999999934e-02 5.630225866285799574e-01 -1.274874765627679457e-02 -8.263431710731682367e-01 4.681060000000000221e-01
-8.310655236480545272e-01 1.330251005420602164e-02 -5.560154122232976448e-01 -2.929478399999999816e+00 1.796810688042795381e-02 9.998342502702574075e-01 -2.935834063052660328e-03 1.080839999999999926e-02 5.558841988568476999e-01 -1.243041482694806805e-02 -8.311667956845434357e-01 4.553883000000000236e-01
-8.360179822978588415e-01 1.289991070647595293e-02 -5.485503856332450967e-01 -2.937381300000000195e+00 1.772539141616057135e-02 9.998367604501255945e-01 -3.501849760076295760e-03 1.085370000000000085e-02 5.484156669659984162e-01 -1.265087966756432009e-02 -8.361101670652474338e-01 4.432960000000000234e-01
-8.573157705245020299e-01 1.307791596674259642e-02 -5.146247542860187263e-01 -2.945004200000000072e+00 1.811875842850834556e-02 9.998244345223619156e-01 -4.776057479618498781e-03 1.088609999999999925e-02 5.144719430668573956e-01 -1.341895100244729078e-02 -8.574022110719130563e-01 4.302166000000000046e-01
-8.849169947230107747e-01 1.257083695635782990e-02 -4.655790872758474030e-01 -2.952704699999999960e+00 1.750965241884148635e-02 9.998269436493485429e-01 -6.284490828520866712e-03 1.075210000000000055e-02 4.654195145485047203e-01 -1.371338072902056338e-02 -8.849839652029943826e-01 4.145009000000000055e-01
-8.976588888167640334e-01 1.349718781007448742e-02 -4.404842167995031144e-01 -2.961293200000000070e+00 1.819576754735393459e-02 9.998136706672481333e-01 -6.444997303824544568e-03 1.065289999999999987e-02 4.403151523302539783e-01 -1.380035753534019673e-02 -8.977372203269070594e-01 3.971122000000000263e-01
-9.165890706466641724e-01 1.308730040148971610e-02 -3.996163136550936468e-01 -2.968813899999999784e+00 1.714974314943179534e-02 9.998312032424060414e-01 -6.591762492018616096e-03 1.035559999999999953e-02 3.994625913411586904e-01 -1.289525459399050965e-02 -9.166587972238978699e-01 3.791797000000000084e-01
-9.278669678772520912e-01 1.399299220407749893e-02 -3.726487435795944880e-01 -2.980751999999999846e+00 1.815146051507732922e-02 9.998059595635057084e-01 -7.652953839349201787e-03 1.003040000000000008e-02 3.724693469313191119e-01 -1.386504202929970953e-02 -9.279409174112767111e-01 3.503489000000000186e-01
-9.354664219689626803e-01 1.322000983210610756e-02 -3.531682385331758045e-01 -2.992986199999999819e+00 1.723315642681745238e-02 9.998176991149995141e-01 -8.221122548480839717e-03 1.004350000000000034e-02 3.529951723298152544e-01 -1.377678759462152604e-02 -9.355237081097502738e-01 3.181244999999999767e-01
-9.465434422777010415e-01 1.202981683397709098e-02 -3.223519743820753569e-01 -3.000604399999999838e+00 1.593507173350531408e-02 9.998280987662155894e-01 -9.478734429377144027e-03 1.007779999999999961e-02 3.221825342409629367e-01 -1.410873575043423631e-02 -9.465724262863333127e-01 2.958390000000000186e-01
-9.602456091584486986e-01 1.299271001489472020e-02 -2.788540112287946626e-01 -3.011543000000000081e+00 1.633921835686389518e-02 9.998196478865600811e-01 -9.679960923569912862e-03 9.500200000000000311e-03 2.786779503932928503e-01 -1.385139655283802382e-02 -9.602847175593962614e-01 2.609653000000000111e-01
-9.720822877225357983e-01 1.316907655176673131e-02 -2.342703594544029155e-01 -3.020894300000000143e+00 1.628174172648539850e-02 9.998029373155021826e-01 -1.135743904434558665e-02 9.581400000000000333e-03 2.340746265242635571e-01 -1.485469481570419331e-02 -9.721051420805565391e-01 2.232347000000000081e-01
-9.780160747484347716e-01 1.320392234055213151e-02 -2.081110616197223429e-01 -3.029680499999999999e+00 1.589779053459977262e-02 9.998100260512076121e-01 -1.127705917345691450e-02 9.250599999999999448e-03 2.079226245260029360e-01 -1.433765121309369880e-02 -9.780401903643375361e-01 1.841682000000000041e-01
-9.851083335336779934e-01 1.285052008243427538e-02 -1.714538869087252893e-01 -3.037388599999999883e+00 1.512970542562154519e-02 9.998136106847613780e-01 -1.199316068575636413e-02 9.055000000000000548e-03 1.712678113839052052e-01 -1.440860933995392196e-02 -9.851191444493681004e-01 1.463027000000000077e-01
-9.877339165142153821e-01 1.179790843036892904e-02 -1.557000948110099092e-01 -3.043065499999999979e+00 1.385808992596702753e-02 9.998301162520266683e-01 -1.215285888433044470e-02 8.477300000000000113e-03 1.555302655790591071e-01 -1.416149681803685612e-02 -9.877296130504440441e-01 1.109915000000000068e-01
-9.877616625331345768e-01 1.190354962174631527e-02 -1.555159269534196198e-01 -3.051680999999999866e+00 1.426326501095492687e-02 9.997993280391059834e-01 -1.406637564475706446e-02 7.863500000000000698e-03 1.553172794669221146e-01 -1.611239147224175633e-02 -9.877332299462441290e-01 5.856259999999999938e-02
-9.875677115857529609e-01 1.216752532335445280e-02 -1.567225776995283537e-01 -3.058365799999999801e+00 1.461482469440670076e-02 9.997884535084805568e-01 -1.447256474411074550e-02 8.357899999999999704e-03 1.565133282900562639e-01 -1.658311064385223702e-02 -9.875366213507947855e-01 1.199249999999999969e-02
-9.875050200500797848e-01 1.071111302356850953e-02 -1.572231135478765474e-01 -3.065698100000000093e+00 1.330230233075659768e-02 9.997923377592782268e-01 -1.543794385721465080e-02 7.811499999999999867e-03 1.570251066823177832e-01 -1.733647644804748103e-02 -9.874424350086306035e-01 -3.497089999999999921e-02
-9.875614652113484659e-01 1.111432269238790335e-02 -1.568401232488152441e-01 -3.074521499999999907e+00 1.366503886646388763e-02 9.997911793271960779e-01 -1.519422430769855337e-02 6.974499999999999797e-03 1.566384982767394796e-01 -1.714845680007671958e-02 -9.875071196133136109e-01 -8.779739999999999767e-02
