1.000000000000000000e+00 0.000000000000000000e+00 0.000000000000000000e+00 -0.000000000000000000e+00 0.000000000000000000e+00 1.000000000000000000e+00 -0.000000000000000000e+00 -0.000000000000000000e+00 -0.000000000000000000e+00 0.000000000000000000e+00 1.000000000000000000e+00 -0.000000000000000000e+00
9.995545060812632832e-01 4.762522992108298662e-04 -2.984229475742879861e-02 -7.822000000000000394e-04 -5.032385108683255434e-04 9.999994712591409041e-01 -8.967900757235659380e-04 5.199000000000000062e-04 2.984185188025275520e-02 9.114083531730697270e-04 9.995542172444528140e-01 2.950499999999999998e-02
9.993024575282271060e-01 -2.750813260462853932e-04 -3.734330874882468843e-02 -1.050699999999999898e-03 2.812216331146391753e-04 9.999999477887004939e-01 1.591759701211677310e-04 -3.362999999999999887e-04 3.734326301274507043e-02 -1.695666843937712381e-04 9.993024827121669285e-01 3.828449999999999909e-02
9.968568602818125290e-01 -3.201107770938459466e-04 -7.922308778492123671e-02 -3.172400000000000133e-03 3.265804658020340229e-04 9.999999443122393750e-01 6.870747724415071081e-05 -2.463000000000000237e-04 7.922306137916096391e-02 -9.436423295456315761e-05 9.968569093110130064e-01 5.827480000000000160e-02
9.900188835394396758e-01 3.480423034757098525e-04 -1.409343432307270105e-01 -8.180200000000000318e-03 -4.575398669258780608e-04 9.999996181603377776e-01 -7.445377417880492564e-04 -3.830000000000000261e-05 1.409340302857743366e-01 8.015895045250530414e-04 9.900186647541927565e-01 9.097589999999999844e-02
9.890258398836729858e-01 8.778805285308393649e-05 -1.477426151645252206e-01 -1.009329999999999949e-02 -1.411811761697977328e-04 9.999999284663899646e-01 -3.509060991378722865e-04 -9.110000000000000530e-05 1.477425737905994352e-01 3.679136755994669812e-04 9.890257815291048082e-01 1.021709999999999979e-01
9.806302036425482704e-01 -9.779702294203268011e-04 -1.958658910535591713e-01 -1.474199999999999990e-02 9.354961658983852691e-04 9.999995145701382482e-01 -3.093645283856364748e-04 -1.410000000000000120e-04 1.958660985237055674e-01 1.201404103597120295e-04 9.806306425027641049e-01 1.249654999999999933e-01
9.771848726338326907e-01 2.141104833191370400e-04 -2.123903925612011245e-01 -1.773330000000000045e-02 -3.574015475336419904e-04 9.999997337142991771e-01 -6.362668187181748760e-04 -1.091999999999999980e-04 2.123901997732804969e-01 6.976589651929045307e-04 9.771846889468921438e-01 1.370850999999999875e-01
9.749799760086231837e-01 2.958529951771250461e-04 -2.222925074158590419e-01 -2.067439999999999903e-02 -4.561983020127526956e-04 9.999996715055712304e-01 -6.699789988057809230e-04 -1.004000000000000010e-04 2.222922361787152967e-01 7.546255726152139047e-04 9.749797907007670128e-01 1.499366000000000032e-01
9.702213873641146735e-01 -5.431906309429000669e-04 -2.422192487090793211e-01 -2.386349999999999930e-02 4.282951867157326967e-04 9.999997694175003504e-01 -5.269992212272562411e-04 -1.153999999999999996e-04 2.422194791185989515e-01 4.075645772069169366e-04 9.702213962939747471e-01 1.625351999999999908e-01
9.587612006972487944e-01 -2.839449918118956370e-04 -2.842127361903605265e-01 -3.522170000000000162e-02 2.651053934270302293e-04 9.999999593729400615e-01 -1.047532751758474860e-04 -1.860999999999999970e-04 2.842127543878005258e-01 2.508704663984655860e-05 9.587612370209488422e-01 2.029307999999999945e-01
9.276524924533933181e-01 -3.385215018146866129e-05 -3.734445770111530227e-01 -5.706010000000000248e-02 1.601409441764141579e-04 9.999999400072904221e-01 3.071486504812150965e-04 -4.013999999999999990e-04 3.734445442095586931e-01 -3.447309783327229542e-04 9.276524422221220645e-01 2.603004999999999902e-01
9.031482419344775137e-01 -1.348489780310769366e-04 -4.293288190960581341e-01 -7.046049999999999536e-02 8.053846559859976172e-05 9.999999862921399307e-01 -1.446695395382101095e-04 -1.435999999999999939e-04 4.293288327194182408e-01 9.608055596814949026e-05 9.031482404147774812e-01 2.891422000000000159e-01
8.970299782023546387e-01 4.683402604927207422e-04 -4.419694546726995465e-01 -8.374349999999999850e-02 -2.839134942040759954e-04 9.999998428442932186e-01 4.834299499981649958e-04 -3.960999999999999786e-04 4.419696116243863049e-01 -3.081700653016231843e-04 8.970299701970942952e-01 3.172382999999999731e-01
8.681381795323224182e-01 -4.791084085747924961e-04 -4.963223465586031335e-01 -9.893440000000000567e-02 8.990812671784591866e-04 9.999994114170658310e-01 6.073042047172296301e-04 -2.906000000000000163e-04 4.963217634671889811e-01 -9.734580909784356847e-04 8.681380993184004691e-01 3.446378999999999970e-01
8.490456381801678720e-01 1.020301767928549026e-04 -5.283194998077154203e-01 -1.164687999999999973e-01 -1.502729575050176705e-04 9.999999875388601023e-01 -4.837683181091836145e-05 -7.270000000000000529e-05 5.283194882883555099e-01 1.204662717817128119e-04 8.490456429324677590e-01 3.732586999999999988e-01
8.113515159132660415e-01 -1.364636404976194307e-03 -5.845569736071304368e-01 -1.361973999999999962e-01 1.781584437963850201e-03 9.999984034107020081e-01 1.383218606703033159e-04 -1.096999999999999966e-04 5.845558515506755759e-01 -1.153665258620502733e-03 8.113526517331014487e-01 4.018005000000000049e-01
7.929484825490953348e-01 1.076567453105747429e-03 -6.092877358240570418e-01 -1.586454999999999949e-01 -8.091256867786848685e-04 9.999994178294830949e-01 7.139021766931969489e-04 -3.605999999999999830e-04 6.092881496785490514e-01 -7.309729000289658324e-05 7.929488919962472959e-01 4.310738000000000070e-01
7.702057344182903220e-01 6.322068206391157552e-04 -6.377952077146065157e-01 -1.802893999999999886e-01 7.789713810581101348e-04 9.999978304288025255e-01 1.931926829734754254e-03 -9.058000000000000079e-04 6.377950453498126837e-01 -1.984805336523946806e-03 7.702035709310925959e-01 4.587535999999999836e-01
7.576410622013942664e-01 2.178142035634667625e-03 -6.526678148672689916e-01 -2.046599000000000057e-01 -7.857118907273864068e-04 9.999967505353418717e-01 2.425195988385053705e-03 -9.347999999999999539e-04 6.526709764675980852e-01 -1.324619201850338497e-03 7.576403116656361680e-01 4.868177000000000199e-01
7.345803074427789126e-01 2.161974076472005912e-03 -6.785183105748623378e-01 -2.288970999999999922e-01 -3.014565989336179469e-04 9.999958649275445532e-01 2.859939113187926624e-03 -8.228000000000000504e-04 6.785216879667087531e-01 -1.896311130813133463e-03 7.345779216413352852e-01 5.134992000000000445e-01
6.852461735060498826e-01 2.100562159697254815e-03 -7.283084987379524478e-01 -2.558949999999999836e-01 -8.236423619372572639e-04 9.999974364100006063e-01 2.109214708497907358e-03 -3.150000000000000131e-04 7.283110621901718318e-01 -8.454655759813645968e-04 6.852461469277909556e-01 5.391888999999999710e-01
5.716751766340331109e-01 1.181775909979126699e-03 -8.204791867111229653e-01 -3.138650000000000051e-01 2.077468251834313235e-03 9.999936722580536896e-01 2.887831282256932662e-03 2.505000000000000174e-04 8.204774076999985510e-01 -3.355420920056713559e-03 5.716691041191044320e-01 5.868896999999999586e-01
4.677164326437988073e-01 2.263334496805066796e-03 -8.838756790136915731e-01 -3.443690999999999836e-01 1.177440325813373760e-03 9.999942387029011615e-01 3.183739198529740057e-03 4.107000000000000082e-04 8.838777926100632731e-01 -2.529798007880955206e-03 4.677110730491650381e-01 6.034437999999999747e-01
4.491244674103023193e-01 3.710062556345091172e-03 -8.934614978885436765e-01 -3.733207000000000053e-01 -1.188828913052868402e-03 9.999929749076647001e-01 3.554830675862468130e-03 6.884999999999999844e-04 8.934684098832076371e-01 -5.343885726411105354e-04 4.491257228990849226e-01 6.182288999999999701e-01
4.147079212261933212e-01 3.170120613227390104e-03 -9.099490592376843212e-01 -4.021963000000000066e-01 -1.141064814896833616e-03 9.999949569534783977e-01 2.963787897149740627e-03 6.583999999999999575e-04 9.099538658873521646e-01 -1.907954629377229920e-04 4.147094471479444433e-01 6.317220000000000057e-01
4.042149193047249733e-01 3.762649931193237391e-03 -9.146562969099212292e-01 -4.312432999999999961e-01 -1.779675361001607174e-03 9.999928811956924068e-01 3.327208070911622829e-03 7.958000000000000447e-04 9.146623047699540265e-01 2.828841335019852479e-04 4.042187380731908641e-01 6.447502000000000510e-01
3.825211755683788906e-01 3.376678978399842625e-03 -9.239405545168273282e-01 -4.459327000000000152e-01 -6.587008944968328512e-04 9.999940643516977978e-01 3.381918760719596941e-03 9.610999999999999968e-04 9.239464899846294710e-01 -6.850550703050813702e-04 3.825211292786760975e-01 6.509873000000000465e-01
3.593639364520234691e-01 2.660890470859076512e-03 -9.331936995284568770e-01 -4.761711000000000138e-01 -1.011441127064042740e-03 9.999964580746280030e-01 2.461874295157885292e-03 1.261699999999999931e-03 9.331969450038679614e-01 5.916164946213821503e-05 3.593653549458359908e-01 6.625940000000000163e-01
3.004997633442254013e-01 3.012450083975934563e-03 -9.537771319205320397e-01 -5.062237000000000542e-01 9.361854226345412647e-04 9.999935988433025225e-01 3.453379399154360516e-03 1.355899999999999944e-03 9.537814297767172045e-01 -1.930651939529892062e-03 3.004950195862976514e-01 6.727330999999999728e-01
2.784165033809184453e-01 3.244844245467830290e-03 -9.604549555450092591e-01 -5.217427000000000037e-01 -6.615335804862317384e-04 9.999947037656693460e-01 3.186661879346068538e-03 1.522799999999999935e-03 9.604602089719620484e-01 -2.518460522673638454e-04 2.784171753953068595e-01 6.770448999999999495e-01
2.646718871484619595e-01 3.042881046182639194e-03 -9.643337249252514898e-01 -5.370432000000000539e-01 6.992850470018709391e-04 9.999941531700953234e-01 3.347331182749660287e-03 1.619699999999999959e-03 9.643382721606017505e-01 -1.560288615209089354e-03 2.646682118157418495e-01 6.815717999999999499e-01
2.410032669145453776e-01 3.210427649503918603e-03 -9.705189943998127067e-01 -5.524894000000000194e-01 1.579853824763337473e-03 9.999919061162855227e-01 3.700238345064116828e-03 1.379299999999999971e-03 9.705230184794222392e-01 -2.425047674830935543e-03 2.409962442557269657e-01 6.854554000000000480e-01
2.271050304978425305e-01 3.099723215038764548e-03 -9.738653381441215728e-01 -5.685369000000000117e-01 4.446676091199165508e-04 9.999945002956841522e-01 3.286586238409210537e-03 1.615300000000000069e-03 9.738701696803797603e-01 -1.179446639425019237e-03 2.271024031408152011e-01 6.891133999999999871e-01
2.233831762983867486e-01 3.678536061843001685e-03 -9.747237685207462699e-01 -6.010147000000000128e-01 -1.769611142043471530e-05 9.999928939548990980e-01 3.769844367291021875e-03 1.715399999999999954e-03 9.747307095981389002e-01 -8.248709885041612382e-04 2.233816540232451686e-01 6.966459999999999875e-01
2.081460840119811195e-01 2.730782404229497706e-03 -9.780939374814354714e-01 -6.331731999999999916e-01 9.245231109811089714e-04 9.999951065273841033e-01 2.988675007921065378e-03 2.081899999999999810e-03 9.780973126266603312e-01 -1.526351449195345643e-03 2.081425407833751295e-01 7.038155000000000383e-01
1.739974327397207643e-01 2.998140458602813543e-03 -9.847415420067222591e-01 -6.658471999999999724e-01 2.485735667329640533e-03 9.999908421494720923e-01 3.483781764375009065e-03 2.455800000000000170e-03 9.847429687579285496e-01 -3.053976257294005025e-03 1.739883867125658901e-01 7.100912000000000335e-01
1.576877805370223706e-01 4.054467186877756292e-03 -9.874806960974672476e-01 -6.989910999999999763e-01 4.436345887509707611e-04 9.999911792429974078e-01 4.176676256434315448e-03 2.100299999999999823e-03 9.874889199670341400e-01 -1.096691401411528481e-03 1.576845909095448972e-01 7.149168999999999663e-01
1.418155146332565064e-01 4.371310019232107005e-03 -9.898834534721854261e-01 -7.322144999999999904e-01 7.000886606917582165e-04 9.999895566872550878e-01 4.516236518852970866e-03 2.322600000000000185e-03 9.898928576796439671e-01 -1.333478587308915614e-03 1.418109733049083276e-01 7.198388000000000009e-01
1.395050635313070109e-01 4.154560692457073302e-03 -9.902126422514403448e-01 -7.635507000000000266e-01 1.194169336322439432e-03 9.999897654600413688e-01 4.363821120022840991e-03 2.648999999999999879e-03 9.902206376402797883e-01 -1.791256716403537372e-03 1.394986745121750138e-01 7.244996999999999687e-01
1.243195281503921140e-01 3.742334596011696532e-03 -9.922351787012166913e-01 -7.960566000000000031e-01 1.558103365804711310e-03 9.999909183454916972e-01 3.966804815185286451e-03 2.708599999999999810e-03 9.922410126750280668e-01 -2.039156274492742640e-03 1.243125681792588422e-01 7.289141000000000092e-01
1.134367291263864430e-01 2.339025689563312485e-03 -9.935424688678035077e-01 -8.324559999999999738e-01 2.300226743690933322e-03 9.999939305342077089e-01 2.616840016857073081e-03 3.276499999999999899e-03 9.935425594518004777e-01 -2.582218730041742610e-03 1.134306603365941024e-01 7.331634000000000206e-01
1.051895063801918523e-01 3.230331527086573087e-03 -9.944469481604921723e-01 -8.723862000000000005e-01 9.360079915974651478e-04 9.999939595225252331e-01 3.347358287039134146e-03 2.906000000000000163e-03 9.944517543031089479e-01 -1.282917256589221396e-03 1.051858473692230955e-01 7.372495000000000021e-01
1.043295793213961375e-01 3.496194558757048654e-03 -9.945366335647106704e-01 -9.170601000000000447e-01 6.311894489217217269e-04 9.999933868820655158e-01 3.581590710159043497e-03 2.763600000000000171e-03 9.945425785146152498e-01 -1.001406881764486771e-03 1.043266826164671590e-01 7.418225999999999987e-01
1.048315666822374481e-01 3.311198445830693116e-03 -9.944844788088952336e-01 -9.672427000000000108e-01 3.617028631299069440e-04 9.999942639624067597e-01 3.367671795640831030e-03 3.525200000000000035e-03 9.944899254381546205e-01 -7.127461937320427737e-04 1.048297676944717205e-01 7.466336999999999557e-01
1.050212191888979241e-01 3.848630557216373756e-03 -9.944625340166977079e-01 -1.020503600000000066e+00 -1.777273466059699734e-04 9.999925680653383164e-01 3.851263049953636448e-03 3.779799999999999827e-03 9.944699653247792703e-01 -2.277211534534473881e-04 1.050211226849557811e-01 7.523689999999999545e-01
1.062060985188660461e-01 4.691288580337532425e-03 -9.943330711833217039e-01 -1.076584500000000055e+00 -1.710848164619254699e-03 9.999882522665554108e-01 4.535231795358839364e-03 3.860900000000000009e-03 9.943426661045769999e-01 1.219483634990438858e-03 1.062128769203878331e-01 7.581693999999999933e-01
1.074168623517122723e-01 5.246974613322904352e-03 -9.942002247736219100e-01 -1.132203000000000070e+00 -3.180579221394341446e-03 9.999827703636741116e-01 4.933851599713919532e-03 4.206500000000000170e-03 9.942089828594034007e-01 2.632153718670320226e-03 1.074317000166690184e-01 7.636053999999999897e-01
1.076936358803383120e-01 6.009998411738512111e-03 -9.941659623573743110e-01 -1.188032999999999895e+00 -3.015756451944919935e-03 9.999791020144650489e-01 5.718456729456477226e-03 4.290900000000000269e-03 9.941795542073351699e-01 2.382321018463725952e-03 1.077095099917798615e-01 7.697583999999999538e-01
1.085120644413080371e-01 6.845894935459811113e-03 -9.940715595937841265e-01 -1.247584500000000096e+00 -3.869596374034355891e-03 9.999716202536319543e-01 6.464124939076462337e-03 4.022699999999999713e-03 9.940876008152339516e-01 3.145220160589051392e-03 1.085354757466605591e-01 7.762350999999999557e-01
1.080691614408708784e-01 7.812097051441218958e-03 -9.941126834947463520e-01 -1.308657399999999971e+00 -3.196289884937512753e-03 9.999666864996917814e-01 7.510633914566699348e-03 4.109400000000000032e-03 9.941382399226167399e-01 2.365804405705756747e-03 1.080905310056136104e-01 7.830076000000000258e-01
1.092224709558798634e-01 8.036434869029052130e-03 -9.939848427178795687e-01 -1.365934500000000051e+00 -3.706317575845712899e-03 9.999636588564152495e-01 7.677511088748537743e-03 4.536199999999999781e-03 9.940104199898102122e-01 2.845466760785230875e-03 1.092482872661824089e-01 7.888945000000000540e-01
1.088732783833483569e-01 8.602682372520398593e-03 -9.940184118566717242e-01 -1.418887299999999962e+00 -3.165011968031761647e-03 9.999604837149452807e-01 8.307448935442929977e-03 4.701699999999999630e-03 9.940505982862766210e-01 2.241620969366359042e-03 1.088962037085111634e-01 7.947893999999999792e-01
1.081096856179235566e-01 7.873723461065112311e-03 -9.941077911144506896e-01 -1.471262499999999918e+00 -1.917097207656228569e-03 9.999684270455720947e-01 7.711656780538981432e-03 5.226399999999999969e-03 9.941371236473819373e-01 1.072096480317417163e-03 1.081213669690074264e-01 8.005786000000000291e-01
1.081815188037935083e-01 8.291115594975227016e-03 -9.940965830297855410e-01 -1.523973900000000103e+00 -2.363486419113955059e-04 9.999654073193843251e-01 8.314343263128052414e-03 5.388800000000000014e-03 9.941311297452787299e-01 -6.645049047334337933e-04 1.081797361089757992e-01 8.063822000000000489e-01
1.087292378386613134e-01 9.032704184160736047e-03 -9.940303632657031541e-01 -1.574179199999999890e+00 -4.987245324810270219e-04 9.999590860476930132e-01 9.032026600000951991e-03 5.494699999999999931e-03 9.940712771792900027e-01 -4.862980401649872469e-04 1.087292941269812907e-01 8.117297999999999458e-01
9.838772967840568595e-02 9.857169675840198736e-03 -9.950993371793142028e-01 -1.620263599999999915e+00 7.989770956847276964e-04 9.999498372948282254e-01 9.984214022507256411e-03 5.972899999999999737e-03 9.951478363963464080e-01 -1.777385728635116902e-03 9.837491863093006383e-02 8.166330000000000533e-01
8.809576587323575403e-02 9.110204093920198226e-03 -9.960703490299140928e-01 -1.664376999999999995e+00 1.229834605027424824e-03 9.999564197584515091e-01 9.254517313390768496e-03 6.451700000000000317e-03 9.961112505850198140e-01 -2.040285574789013449e-03 8.808072259422605743e-02 8.206617000000000495e-01
8.770650195059465082e-02 9.064222152335977417e-03 -9.961051196497102689e-01 -1.705942899999999929e+00 9.457306504741117351e-04 9.999573922988654884e-01 9.182547598013139981e-03 6.898999999999999751e-03 9.961459105518263302e-01 -1.747416271563480370e-03 8.769419266545985803e-02 8.243380999999999625e-01
8.731868608359481809e-02 7.823770235368184001e-03 -9.961497054559315112e-01 -1.745537799999999917e+00 5.386936042475988159e-04 9.999686416386202037e-01 7.900984028174783472e-03 7.468200000000000359e-03 9.961802833171492511e-01 -1.226523019309931021e-03 8.731173329769448266e-02 8.277896000000000143e-01
8.786089091282385521e-02 7.504377902182233009e-03 -9.961044865677025628e-01 -1.766646500000000009e+00 3.145331311923660854e-04 9.999713638499926338e-01 7.561253129951804076e-03 7.785600000000000159e-03 9.961327044711033585e-01 -9.776462995698476446e-04 8.785601453969271724e-02 8.295757999999999743e-01
8.774757451518717943e-02 7.681285777381819876e-03 -9.961131266153999686e-01 -1.808449299999999926e+00 -7.474469083811764031e-04 9.999704957736813560e-01 7.645188372905401680e-03 8.246299999999999811e-03 9.961424619449874562e-01 7.369494045242862279e-05 8.775072694419649988e-02 8.333485000000000475e-01
8.651940044944778085e-02 7.476338771704624589e-03 -9.962221126357511114e-01 -1.849557600000000024e+00 1.715231506706363721e-04 9.999717143917025153e-01 7.519374729852817615e-03 8.614600000000000035e-03 9.962501512801276160e-01 -8.214469489086369779e-04 8.651567083039490846e-02 8.374745999999999579e-01
8.668667324037354627e-02 7.129233758366904442e-03 -9.962101157429263942e-01 -1.870789400000000047e+00 5.928126648105853415e-04 9.999738480942393926e-01 7.207752822033801701e-03 8.640099999999999517e-03 9.962354487046025664e-01 -1.215382087105849537e-03 8.668017991860188509e-02 8.394239000000000006e-01
8.615403759663232963e-02 6.539467079562709048e-03 -9.962603661574185310e-01 -1.915829800000000027e+00 1.148071687033713414e-03 9.999771419448886256e-01 6.663146338899157001e-03 9.182299999999999143e-03 9.962811670091931138e-01 -1.717835279492554556e-03 8.614456050589058833e-02 8.434939000000000187e-01
8.619369165950163669e-02 7.759095292307550268e-03 -9.962481839172163678e-01 -1.959279999999999911e+00 8.910710100892321912e-04 9.999686720907816628e-01 7.865165570646676096e-03 9.497000000000000233e-03 9.962780001137041541e-01 -1.565655531589924855e-03 8.618407748647460842e-02 8.470471000000000528e-01
8.561640480894026906e-02 6.434290797947703200e-03 -9.963073979096608301e-01 -2.004782899999999923e+00 1.725580492732763441e-03 9.999766894918427074e-01 6.606273147389190442e-03 1.010010000000000074e-02 9.963266801604555578e-01 -2.284813966663554446e-03 8.560330616035205509e-02 8.513642999999999628e-01
8.565200403369262194e-02 6.033676558656886346e-03 -9.963068447783534065e-01 -2.052614499999999786e+00 2.104676755680885691e-03 9.999783357887481738e-01 6.236849278259118910e-03 1.019180000000000086e-02 9.963228917076865088e-01 -2.631102497269746827e-03 8.563744951177876263e-02 8.554009000000000196e-01
8.549107490600650616e-02 5.924970890503557935e-03 -9.963213190689850229e-01 -2.078426599999999791e+00 1.957951668809121675e-03 9.999793880368854637e-01 6.114730299754615739e-03 1.042590000000000010e-02 9.963370125297354996e-01 -2.473503855427574422e-03 8.547771196048126185e-02 8.575015999999999750e-01
8.553111868618190616e-02 6.684761591655135476e-03 -9.963130741382212330e-01 -2.129600299999999891e+00 1.747856239106447204e-03 9.999749466367978679e-01 6.859380241737491127e-03 1.100010000000000050e-02 9.963339664664944140e-01 -2.328102488305513942e-03 8.551729184174550191e-02 8.618479999999999475e-01
8.498318758923172067e-02 7.407670798911874036e-03 -9.963548485557283119e-01 -2.154530499999999904e+00 2.070465235288147538e-03 9.999688913857168737e-01 7.611138845781984311e-03 1.122319999999999915e-02 9.963802341480298974e-01 -2.709736916244201519e-03 8.496520655516481835e-02 8.639719000000000149e-01
8.612700727207195373e-02 7.579873060076260799e-03 -9.962553307976572681e-01 -2.202126699999999992e+00 1.771467107216698287e-03 9.999683118141911020e-01 7.761267407106350880e-03 1.170870000000000070e-02 9.962825906953530763e-01 -2.433288283309683903e-03 8.611085056765954704e-02 8.677736999999999812e-01
8.500331932595987794e-02 7.297793255146697508e-03 -9.963539420894432785e-01 -2.225368700000000199e+00 1.831492585070019444e-03 9.999703431814647159e-01 7.480534235894227384e-03 1.158370000000000059e-02 9.963789847936775912e-01 -2.460685097424590746e-03 8.498743254370955125e-02 8.700706000000000273e-01
8.473736382444757576e-02 6.405283146297439771e-03 -9.963827334513072342e-01 -2.275072799999999784e+00 2.179827522003264899e-03 9.999757529421016145e-01 6.613764423643248361e-03 1.220360000000000021e-02 9.964009371352765543e-01 -2.732375467041448045e-03 8.472134678019227483e-02 8.743094999999999617e-01
8.522258534812889030e-02 6.602361491464738864e-03 -9.963400623127210975e-01 -2.300680900000000140e+00 1.533563600044476720e-03 9.999759910233155802e-01 6.757629734053541282e-03 1.202570000000000028e-02 9.963607575217249268e-01 -2.103853529590266318e-03 8.521041409980667503e-02 8.762815999999999939e-01
8.472838087729762935e-02 6.635840220789939771e-03 -9.963819885457962933e-01 -2.327053999999999956e+00 2.234246797505878672e-03 9.999740441648256040e-01 6.849754586199238021e-03 1.230840000000000059e-02 9.964015804961166012e-01 -2.806531882496488776e-03 8.471135557664688509e-02 8.788046000000000468e-01
8.363618429484991068e-02 8.237968677396765443e-03 -9.964623046300689069e-01 -2.352934799999999882e+00 2.568152224339624763e-03 9.999607255986522336e-01 8.482443891320764692e-03 1.230520000000000051e-02 9.964930472766735381e-01 -3.268506124671527891e-03 8.361174317619779472e-02 8.808409000000000377e-01
8.458700678369990289e-02 7.902469067220694796e-03 -9.963847596516198779e-01 -2.378047500000000092e+00 1.993916178541533645e-03 9.999652054304569715e-01 8.100137449265607664e-03 1.252879999999999966e-02 9.964141019584414893e-01 -2.671874073691514560e-03 8.456830675428639310e-02 8.828620000000000356e-01
8.422437307285893238e-02 8.681462359305794352e-03 -9.964089959408173325e-01 -2.402584099999999889e+00 3.286963671175430722e-03 9.999541851193305408e-01 8.990190885624886261e-03 1.278630000000000044e-02 9.964413935853468907e-01 -4.032353362436940508e-03 8.419197869186945127e-02 8.849759999999999849e-01
8.363950489929695975e-02 8.850012435765801030e-03 -9.964567780391115903e-01 -2.426555399999999807e+00 4.230448260195666596e-03 9.999483974218779103e-01 9.236113952080841905e-03 1.312759999999999969e-02 9.964870980237117148e-01 -4.987962841161269409e-03 8.359774936549968505e-02 8.872217999999999494e-01
8.283098209937715672e-02 8.335007032929770202e-03 -9.965287532541214910e-01 -2.471116299999999821e+00 4.773177867663682197e-03 9.999502351187731231e-01 8.760368653991209426e-03 1.354909999999999969e-02 9.965521788534187353e-01 -5.482238928685746748e-03 8.278707555429465348e-02 8.917207000000000328e-01
8.343497770236593669e-02 8.161928335523396111e-03 -9.964797977990579314e-01 -2.515048699999999915e+00 4.440713010077997243e-03 9.999534833164920311e-01 8.562200136429828218e-03 1.389300000000000083e-02 9.965033289275896378e-01 -5.139467779832386160e-03 8.339485180256778207e-02 8.949814999999999854e-01
8.296939419729963683e-02 8.481492732593083617e-03 -9.965160028356594424e-01 -2.557051700000000150e+00 4.921205443209768042e-03 9.999481023898845189e-01 8.920440788144178360e-03 1.413080000000000065e-02 9.965399446903866476e-01 -5.644183545565692114e-03 8.292334911582588397e-02 8.983771000000000395e-01
8.324284570369165637e-02 8.572190071839654382e-03 -9.964924215449525446e-01 -2.595925300000000213e+00 4.532504171409192095e-03 9.999494017398985468e-01 8.980554880140666912e-03 1.446270000000000021e-02 9.965189837856011090e-01 -5.264173001651228229e-03 8.319978027327445957e-02 9.015455999999999470e-01
8.250395724769685191e-02 8.987677893149656136e-03 -9.965502088126614311e-01 -2.648117800000000077e+00 5.284561742272615020e-03 9.999413292057619529e-01 9.455768261022975615e-03 1.451530000000000008e-02 9.965767258197746337e-01 -6.046469408096744394e-03 8.245162073625134092e-02 9.058399999999999785e-01
8.257788523445112883e-02 8.791309659236364038e-03 -9.965458372521962538e-01 -2.680578500000000197e+00 4.849396002277120074e-03 9.999457070177200091e-01 9.223143457899186937e-03 1.489240000000000008e-02 9.965728153168831316e-01 -5.594273081223983569e-03 8.253076929287506136e-02 9.083715999999999458e-01
6.820154628137653496e-02 8.474969407244105357e-03 -9.976355667168126384e-01 -2.711711199999999877e+00 5.664006158793626761e-03 9.999445148494052749e-01 8.881793558771985952e-03 1.511440000000000006e-02 9.976554856858468323e-01 -6.256366048575818031e-03 6.814975982939208698e-02 9.107340999999999909e-01
6.701275563587007211e-02 8.168835237925733961e-03 -9.977186781417609618e-01 -2.742648400000000208e+00 5.836822939536767153e-03 9.999461637462906394e-01 8.579108756105886455e-03 1.545999999999999978e-02 9.977350460317907510e-01 -6.398416986428607720e-03 6.696146787524992483e-02 9.127380000000000493e-01
5.931360650911440130e-02 8.387520480515669660e-03 -9.982041602713701556e-01 -2.772109700000000121e+00 5.479109705196675596e-03 9.999469015940702921e-01 8.727734485953566462e-03 1.558430000000000058e-02 9.982243612734166271e-01 -5.986943511326440169e-03 5.926450090629153955e-02 9.142246000000000539e-01
5.209730409570469817e-02 9.822475485926317196e-03 -9.985937061093905776e-01 -2.798538399999999982e+00 6.359174198796572509e-03 9.999280902281435512e-01 1.016736328686124007e-02 1.528389999999999957e-02 9.986217661404486190e-01 -6.879923547978597856e-03 5.203109495777447080e-02 9.159068999999999683e-01
2.482693723270736064e-02 9.908365110025836239e-03 -9.996426598982707246e-01 -2.824732800000000044e+00 7.364684365865330033e-03 9.999219328314428168e-01 1.009404115419960599e-02 1.541870000000000046e-02 9.996646360714348534e-01 -7.612656794964505445e-03 2.475202708239654381e-02 9.166043000000000385e-01
3.454078063281623180e-03 8.904417229584703219e-03 -9.999543893090994118e-01 -2.851738500000000176e+00 7.104191081841809523e-03 9.999349015305200039e-01 8.928783244197264005e-03 1.570190000000000127e-02 9.999687994201644781e-01 -7.134707769113854750e-03 3.390594526614831850e-03 9.165853999999999946e-01
-3.068386427784297599e-02 8.944117194933366016e-03 -9.994891211216769822e-01 -2.879251200000000122e+00 7.471341385045387334e-03 9.999340792107415110e-01 8.718732182754417373e-03 1.588730000000000003e-02 9.995012153723912274e-01 -7.200000039568529679e-03 -3.074866612624349571e-02 9.157391999999999754e-01
-4.110849989006281485e-02 9.419946256769447940e-03 -9.991102821257062949e-01 -2.907440699999999989e+00 8.100244060340489050e-03 9.999258366705106038e-01 9.094350166025243209e-03 1.605320000000000011e-02 9.991218530704608636e-01 -7.719182035613620339e-03 -4.118175501055576504e-02 9.145199999999999996e-01
-4.738332385616796094e-02 9.360148400924802464e-03 -9.988329230868665531e-01 -2.934890699999999963e+00 6.994390121884633098e-03 9.999346883569930622e-01 9.038668443197832303e-03 1.653380000000000127e-02 9.988522909455453958e-01 -6.557944976579364697e-03 -4.744569770295059552e-02 9.135208000000000217e-01
-7.481544673519001376e-02 9.561024333658392146e-03 -9.971515610695823595e-01 -2.961004299999999922e+00 8.560441679940298740e-03 9.999233471208466284e-01 8.945318378193713171e-03 1.653840000000000171e-02 9.971606529381603634e-01 -7.866809793944520152e-03 -7.489155850700135453e-02 9.115784999999999583e-01
-9.613655437348478383e-02 9.051347975475439525e-03 -9.953269995398601466e-01 -2.987630600000000136e+00 7.798840504784168050e-03 9.999348093105152602e-01 8.339976973858227380e-03 1.674840000000000009e-02 9.953376015201951255e-01 -6.960619869695821790e-03 -9.620087718443448566e-02 9.089918999999999638e-01
-1.285277276445564443e-01 9.338353351217916487e-03 -9.916619476329694427e-01 -3.013346199999999975e+00 8.119850273402614421e-03 9.999320548728989344e-01 8.363831012126182393e-03 1.711740000000000136e-02 9.916726734452573355e-01 -6.977162342218884601e-03 -1.285948208427776240e-01 9.056836000000000331e-01
-1.377066797126012543e-01 9.502746829954271390e-03 -9.904274673923462169e-01 -3.038048299999999813e+00 7.879387968358651795e-03 9.999328438332161229e-01 8.498415667705675955e-03 1.728170000000000053e-02 9.904417123727046190e-01 -6.633673665685886275e-03 -1.377723076888894838e-01 9.021818999999999811e-01
-1.864991531109663481e-01 9.749139906153506813e-03 -9.824067488367446144e-01 -3.061786699999999861e+00 9.659346291621778019e-03 9.999206276091208156e-01 8.089221903276780368e-03 1.741969999999999977e-02 9.824076358203405190e-01 -7.980773951952617462e-03 -1.865785205456860218e-01 8.975634999999999586e-01
-2.823374155918326744e-01 1.044133420435923443e-02 -9.592583397067536710e-01 -3.083855400000000024e+00 1.208063368474001503e-02 9.999001741267271592e-01 7.328033236533481459e-03 1.727089999999999875e-02 9.592390953493815653e-01 -9.519470645655274399e-03 -2.824353689464664807e-01 8.910605999999999804e-01
-4.182977688080577461e-01 1.178402820604458612e-02 -9.082335125337754889e-01 -3.105203599999999842e+00 1.434223177871282381e-02 9.998768695467595835e-01 6.367584548177428715e-03 1.723610000000000073e-02 9.081967171256490889e-01 -1.036254913675460285e-02 -4.184152728780128339e-01 8.813185000000000047e-01
-5.468888778107044990e-01 1.122565367220642978e-02 -8.371299421395582696e-01 -3.123634800000000045e+00 1.336675486610091647e-02 9.998997275349171820e-01 4.675974759119626810e-03 1.758109999999999881e-02 8.370984919298912752e-01 -8.632472138966607728e-03 -5.469840904756482214e-01 8.687458999999999598e-01
-5.721707907703318385e-01 9.367520983229342402e-03 -8.200809934024091419e-01 -3.149972899999999854e+00 1.084799246065568795e-02 9.999337344784532400e-01 3.853272835859076866e-03 1.788029999999999828e-02 8.200627459218148285e-01 -6.691502268009034450e-03 -5.722344943714687826e-01 8.495129999999999626e-01
-5.760101735548481816e-01 8.738632863782234625e-03 -8.173958137016518188e-01 -3.174945600000000034e+00 1.031061509652066686e-02 9.999409805765850923e-01 3.424409419017082536e-03 1.814730000000000162e-02 8.173774961287133545e-01 -6.455358952814158752e-03 -5.760662784464520847e-01 8.319503999999999788e-01
-5.833040436050804800e-01 8.869132522716701578e-03 -8.122054735116337465e-01 -3.190709800000000040e+00 1.030137768751312674e-02 9.999407403489510848e-01 3.520995332405598126e-03 1.811039999999999872e-02 8.121885706729083942e-01 -6.313024527601978145e-03 -5.833608414948781018e-01 8.203131999999999646e-01
-5.911065981583313311e-01 8.198433034200746164e-03 -8.065517809226311341e-01 -3.205740000000000034e+00 9.951066740877560421e-03 9.999463645152404379e-01 2.871299962136198737e-03 1.827890000000000070e-02 8.065320612873382311e-01 -6.328806249024285756e-03 -5.911564770236884536e-01 8.091097000000000428e-01
-5.989158850417718449e-01 8.309356085440221251e-03 -8.007688288426794143e-01 -3.220267300000000166e+00 1.029306150813296891e-02 9.999434398397663015e-01 2.677686726510919001e-03 1.824989999999999946e-02 8.007457870819058021e-01 -6.638653693400409575e-03 -5.989675389766278002e-01 7.982451000000000407e-01
-6.066024242678557110e-01 8.118931154713664861e-03 -7.949638871227203696e-01 -3.234103699999999915e+00 1.064142546839324383e-02 9.999411893476071178e-01 2.092345596103670560e-03 1.846899999999999931e-02 7.949341223877365303e-01 -7.190327043877949714e-03 -6.066531465843073567e-01 7.877534999999999954e-01
-6.134195844430838651e-01 8.562676893389579297e-03 -7.897107660315217936e-01 -3.247288000000000174e+00 1.100411761611606518e-02 9.999368203272014366e-01 2.294504176674867172e-03 1.839330000000000132e-02 7.896805194616137724e-01 -7.282576353565165667e-03 -6.134750534980941694e-01 7.772951999999999639e-01
-6.298788229193726940e-01 8.733708375728625045e-03 -7.766443141977623643e-01 -3.260141599999999862e+00 1.138292008883212345e-02 9.999331865608308556e-01 2.012844890664341937e-03 1.828770000000000048e-02 7.766100035204002161e-01 -7.572631795508029048e-03 -6.299361536534737738e-01 7.668452000000000046e-01
-6.425354420978174330e-01 8.541034855011047505e-03 -7.662083635485634758e-01 -3.280157800000000012e+00 1.126495137601700447e-02 9.999351037824185662e-01 1.699733549662141470e-03 1.832639999999999963e-02 7.661731570073817554e-01 -7.539160911491471322e-03 -6.425899583203058540e-01 7.496777999999999498e-01
-6.587271829840548598e-01 8.714535292710937769e-03 -7.523314131900400437e-01 -3.293488299999999924e+00 1.167440614977056576e-02 9.999309260056143955e-01 1.360683139041509327e-03 1.844579999999999831e-02 7.522913043754666518e-01 -7.886703505696672153e-03 -6.587834190907293497e-01 7.378116000000000119e-01
-7.037691672844299529e-01 9.791521421544636949e-03 -7.103612357723575466e-01 -3.306442999999999799e+00 1.244809933420049780e-02 9.999214677916777871e-01 1.450197332235258693e-03 1.818200000000000024e-02 7.103196491740498830e-01 -7.822043057154419096e-03 -7.038357845688624215e-01 7.248248999999999942e-01
-7.538812867005141305e-01 9.340697315001405404e-03 -6.569442570998296205e-01 -3.318989999999999885e+00 1.204667655045224550e-02 9.999273588838952787e-01 3.931152075877819042e-04 1.814009999999999928e-02 6.569002079059393928e-01 -7.617632778440972321e-03 -7.539390482817472927e-01 7.095137999999999723e-01
-7.721598986448203750e-01 9.851320347166542257e-03 -6.353519043901879604e-01 -3.332501399999999947e+00 1.288973286814845687e-02 9.999169109450529724e-01 -1.612224879654969301e-04 1.827689999999999870e-02 6.352975253465172889e-01 -8.314005864825623621e-03 -7.722227214962475994e-01 6.929423999999999584e-01
-7.831900058128440367e-01 9.751576685116327900e-03 -6.217059767663750680e-01 -3.346459199999999967e+00 1.281954154114193188e-02 9.999177179782102742e-01 -4.654330491705056805e-04 1.822810000000000055e-02 6.216502828355772170e-01 -8.334508108018102296e-03 -7.832505740981267062e-01 6.751662000000000496e-01
-7.907986108435386408e-01 1.057828239528499532e-02 -6.119850137294990944e-01 -3.360672200000000220e+00 1.354321220871028929e-02 9.999082630056560506e-01 -2.167396628657385083e-04 1.831150000000000139e-02 6.119265793303960699e-01 -8.459640333798009240e-03 -7.908693292791315610e-01 6.568600999999999468e-01
-7.934967812397004661e-01 1.023412592529531102e-02 -6.084883900525803746e-01 -3.374420900000000056e+00 1.308622269948793264e-02 9.999143410805338972e-01 -2.475417969596549472e-04 1.846669999999999909e-02 6.084337342206589394e-01 -8.159238201390719286e-03 -7.935627372138126523e-01 6.386089999999999822e-01
-8.000634444174848925e-01 1.073844851626660699e-02 -5.998192816426398677e-01 -3.387281699999999951e+00 1.349583992698573376e-02 9.999089219920908045e-01 -1.001263203127622861e-04 1.823719999999999855e-02 5.997635760960265960e-01 -8.175172418874918773e-03 -8.001355006150061566e-01 6.213866999999999585e-01
-8.137827008445360777e-01 1.147678541699617347e-02 -5.810559346591900320e-01 -3.399249100000000023e+00 1.408349050241766362e-02 9.999008224075064399e-01 2.537834620308394157e-05 1.810569999999999888e-02 5.809985981923201370e-01 -8.162643278030009414e-03 -8.138636250338719957e-01 6.048464999999999536e-01
-8.230061015376376465e-01 1.197422252439338773e-02 -5.679063081413661118e-01 -3.410149800000000120e+00 1.438533835058788436e-02 9.998964979255119401e-01 2.355352113314313454e-04 1.793840000000000018e-02 5.678503490113914198e-01 -7.975677477994047582e-03 -8.230931719413108194e-01 5.890130000000000088e-01
-8.284658962396739268e-01 1.086165639956793508e-02 -5.599341775495146889e-01 -3.420450900000000072e+00 1.334698967417403612e-02 9.999108631715283302e-01 -3.515369206665980295e-04 1.800919999999999951e-02 5.598804485195308933e-01 -7.764672036011891626e-03 -8.285370198329956581e-01 5.734968000000000288e-01
-8.335416012179042156e-01 1.117925681782005499e-02 -5.523435735627719723e-01 -3.430418500000000037e+00 1.391740347362227688e-02 9.999028555799952533e-01 -7.650382497847792347e-04 1.821700000000000055e-02 5.522813639076049608e-01 -8.324879577054012519e-03 -8.336162135301729004e-01 5.582179999999999920e-01
-8.387450047611537673e-01 1.156116437716535848e-02 -5.444016499483221860e-01 -3.439791899999999902e+00 1.416096493152271645e-02 9.998995584945773452e-01 -5.830905224696010872e-04 1.800229999999999886e-02 5.443402282216698307e-01 -8.198316936626249413e-03 -8.388244771935224886e-01 5.440490999999999522e-01
-8.433941694387728782e-01 1.124781377569943237e-02 -5.371775885514489257e-01 -3.448567399999999950e+00 1.380674776302205815e-02 9.999044081025560970e-01 -7.405223056285558519e-04 1.801840000000000039e-02 5.371179094695044398e-01 -8.041227663984781837e-03 -8.434688435175096144e-01 5.298289000000000470e-01
-8.642475971444402161e-01 1.164610455109100010e-02 -5.029318632566905922e-01 -3.457029299999999861e+00 1.460826654098631647e-02 9.998913936679045822e-01 -1.949209461004256828e-03 1.808389999999999997e-02 5.028545409745535100e-01 -9.031562303412756648e-03 -8.643238637823386084e-01 5.147443000000000435e-01
-8.911297184146150796e-01 1.080659015528093181e-02 -4.536199318454881557e-01 -3.465518700000000063e+00 1.375692339939129857e-02 9.999002336749673869e-01 -3.204645897595046356e-03 1.790639999999999940e-02 4.535400445571182160e-01 -9.096169851177905372e-03 -8.911894791104563174e-01 4.966752999999999862e-01
-9.038093896384300496e-01 1.181780701225532831e-02 -4.277720498569651530e-01 -3.475520400000000176e+00 1.446428847824906758e-02 9.998910727576886259e-01 -2.937171819367964676e-03 1.775670000000000026e-02 4.276907428975132985e-01 -8.842061801389243178e-03 -9.038818763438472015e-01 4.766157999999999784e-01
-9.219606856180462273e-01 1.116594637408736997e-02 -3.871224816724971873e-01 -3.483706000000000191e+00 1.368952496200837900e-02 9.998992167803323339e-01 -3.762072353445855902e-03 1.782500000000000057e-02 3.870414591242344882e-01 -8.768005682537920870e-03 -9.220206239533551562e-01 4.554542999999999786e-01
-9.256837154595651818e-01 1.095626375516340831e-02 -3.781396821513215434e-01 -3.492580400000000029e+00 1.366301617334638591e-02 9.998966389914841768e-01 -4.475859982232724410e-03 1.783150000000000013e-02 3.780515585499180098e-01 -9.309759291247537288e-03 -9.257377314660547585e-01 4.336290999999999896e-01
