1.000000000000000000e+00 -0.000000000000000000e+00 0.000000000000000000e+00 -0.000000000000000000e+00 0.000000000000000000e+00 1.000000000000000000e+00 0.000000000000000000e+00 -0.000000000000000000e+00 -0.000000000000000000e+00 0.000000000000000000e+00 1.000000000000000000e+00 0.000000000000000000e+00
9.999948875179894836e-01 2.404169837883379703e-03 2.108294399300945747e-03 -4.278200000000000232e-03 -2.399420932385099448e-03 9.999945853284158970e-01 -2.252130777420012237e-03 2.350800000000000112e-03 -2.113697488465213041e-03 2.247060577728614023e-03 9.999952414895219022e-01 4.094559999999999866e-02
9.999937268903029697e-01 2.495667955886262095e-03 2.513527699470110514e-03 -6.949699999999999628e-03 -2.494724200259637679e-03 9.999968165258101838e-01 -3.785358764390232920e-04 8.488999999999999801e-04 -2.514464397576536472e-03 3.722629434620551656e-04 9.999967694393288031e-01 6.407119999999999482e-02
9.999617681807030367e-01 2.549802156384918788e-03 -8.364250467626342320e-03 -8.823700000000000293e-03 -2.549348805957841590e-03 9.999967483014795544e-01 6.486241464818615142e-05 1.003699999999999948e-03 8.364388655930211566e-03 -4.353654289769463213e-05 9.999650169415837953e-01 1.536501000000000117e-01
9.998714547486121651e-01 2.385438904954700727e-03 -1.585508310052940323e-02 -9.439599999999999380e-03 -2.388007479548644001e-03 9.999971384711096034e-01 -1.430729539623643454e-04 1.196999999999999930e-03 1.585469643896042502e-02 1.809166196464599436e-04 9.998742900335046979e-01 1.818250999999999895e-01
9.994012959172978716e-01 2.113543402102884688e-03 -3.453379001953071903e-02 -1.105270000000000037e-02 -2.112224012269647323e-03 9.999977664632037078e-01 7.468819074149186975e-05 1.366199999999999923e-03 3.453387074377274601e-02 -1.700374102834607956e-06 9.994035279948541017e-01 2.085583000000000020e-01
9.969054773149459425e-01 3.143764337382469898e-03 -7.854671250441257191e-02 -2.014379999999999990e-02 -3.120983736276835858e-03 9.999950445218714901e-01 4.127859230262662452e-04 9.575999999999999660e-04 7.854762096956045825e-02 -1.663655353591065439e-04 9.969103488090245158e-01 3.320233000000000212e-01
9.963170665882501442e-01 2.812153931783813263e-03 -8.569944349439120868e-02 -2.411469999999999933e-02 -2.803867719998940061e-03 9.999960455985054120e-01 2.170556627767420321e-04 5.021999999999999555e-04 8.569971499831927075e-02 2.403364201170465496e-05 9.963210116581858733e-01 3.754553999999999947e-01
9.940422288665207162e-01 3.732575549343095447e-03 -1.089316992883519603e-01 -2.981779999999999847e-02 -3.796984174972061789e-03 9.999927177558005642e-01 -3.838574511997397691e-04 7.148999999999999756e-04 1.089294732441799113e-01 7.951824547082987551e-04 9.940491625385583507e-01 4.183638000000000079e-01
9.912557719189493133e-01 2.800559516739962659e-03 -1.319247948786016478e-01 -3.587959999999999761e-02 -2.833084107676580796e-03 9.999959850779768233e-01 -5.884186791056165793e-05 1.198700000000000026e-03 1.319241004206841428e-01 4.320813809758957541e-04 9.912597263249796065e-01 4.617707999999999813e-01
9.759242195640703832e-01 3.371386162492756751e-03 -2.180838174271613195e-01 -5.848310000000000314e-02 -3.502065206402879549e-03 9.999938451316062737e-01 -2.126927248147844748e-04 7.952999999999999783e-04 2.180817580806569400e-01 9.713157305630038029e-04 9.759300196931137705e-01 5.524514999999999842e-01
9.577256192794083578e-01 3.517152669778630079e-03 -2.876617246228133085e-01 -8.857639999999999958e-02 -3.573500142246788421e-03 9.999935608422928501e-01 3.291970305528788975e-04 -2.699999999999999984e-06 2.876610301598170882e-01 7.126787839073819419e-04 9.577320208786713751e-01 6.510251999999999706e-01
9.483882630969442395e-01 2.484474162059119133e-03 -3.171017656969122300e-01 -1.071515999999999996e-01 -2.391368779099752213e-03 9.999969075578512001e-01 6.828104399102597529e-04 1.043000000000000009e-04 3.171024815029420130e-01 1.107378551540488852e-04 9.483912715550495420e-01 7.065972000000000364e-01
9.416526826321355292e-01 3.207272154145664710e-03 -3.365708524174841898e-01 -1.285937000000000052e-01 -3.259877044850299256e-03 9.999946030363897620e-01 4.087783576389421108e-04 -3.759999999999999915e-05 3.365703470202850989e-01 7.122523586887861621e-04 9.416580558797457146e-01 7.641474999999999795e-01
9.203341346072763107e-01 1.520177032289359931e-03 -3.911301186797895846e-01 -1.534341999999999928e-01 -1.174104060564780437e-03 9.999986791178352430e-01 1.123940496527581125e-03 -6.156999999999999496e-04 3.911313106315202348e-01 -5.751733436706584499e-04 9.203347038003587555e-01 8.231384000000000478e-01
9.065883364235883812e-01 3.380283786627708269e-03 -4.220025615351552517e-01 -1.842341999999999869e-01 -3.320724278867826559e-03 9.999941025657891336e-01 8.761414873436942485e-04 5.322000000000000342e-04 4.220030344096762365e-01 6.070544983515959846e-04 9.065942148689576374e-01 8.880780000000000340e-01
8.792861084174626862e-01 2.780813813060184752e-03 -4.762858454947102582e-01 -2.173161000000000120e-01 -2.233061054597881932e-03 9.999960343951534991e-01 1.715993092439193528e-03 4.941000000000000296e-04 4.762887285905476609e-01 -4.452735158916442271e-04 8.792888312432357578e-01 9.507242999999999666e-01
8.659423617778382321e-01 3.877298801428043663e-03 -5.001287760493531298e-01 -2.534526999999999752e-01 -3.769185643725494767e-03 9.999921445288383337e-01 1.226425781690712331e-03 8.362999999999999991e-04 5.001296025213890495e-01 8.230641647567377454e-04 8.659501736515664572e-01 1.012543600000000099e+00
8.159435164604874613e-01 3.319897814568669933e-03 -5.781220945653218202e-01 -3.376074000000000019e-01 -3.625802097781998662e-03 9.999932313367775327e-01 6.251717985560169884e-04 2.188499999999999907e-03 5.781202569580501383e-01 1.586051427543342740e-03 8.159500309060765399e-01 1.134386200000000011e+00
7.934143673087644677e-01 3.827301510201956605e-03 -6.086698559245257156e-01 -3.838453000000000004e-01 -3.664937342294301899e-03 9.999921431280767159e-01 1.510601334979683619e-03 1.747800000000000091e-03 6.086708552101948166e-01 1.032204081658006419e-03 7.934221603739234352e-01 1.196131800000000078e+00
7.511340504559483877e-01 4.355021779824019314e-03 -6.601353437219811271e-01 -4.422844000000000220e-01 -5.227844816842431956e-03 9.999861243964676127e-01 6.485777544108480355e-04 2.463299999999999865e-03 6.601290085159202681e-01 2.963916299385212401e-03 7.511463953957033812e-01 1.260414499999999993e+00
7.417802178102622657e-01 4.614582890654453720e-03 -6.706271796535725471e-01 -5.026724000000000192e-01 -5.903491115808505441e-03 9.999825126329069391e-01 3.510285225029026804e-04 3.382700000000000203e-03 6.706170720001134455e-01 3.698655583224762233e-03 7.417944881763892662e-01 1.325316399999999950e+00
7.137764740555093690e-01 6.112077876833823913e-03 -7.003469051755080166e-01 -5.635571000000000330e-01 -7.449536830523126492e-03 9.999716081605647400e-01 1.134580884973782891e-03 3.382700000000000203e-03 7.003339556853538372e-01 4.407422920640469491e-03 7.138017407777199619e-01 1.386634099999999981e+00
7.048977948799837190e-01 6.535801063495447552e-03 -7.092787759955846427e-01 -6.251617999999999897e-01 -8.202347429368664344e-03 9.999657954822143147e-01 1.062714576101941952e-03 3.904400000000000145e-03 7.092614611481328213e-01 5.068645783712060621e-03 7.049272931018737420e-01 1.448706599999999955e+00
6.553239894000535415e-01 4.416750852113978006e-03 -7.553349993404970819e-01 -6.893485999999999780e-01 -6.544018445273992561e-03 9.999785732773958102e-01 1.697312337785327786e-04 4.857600000000000112e-03 7.553195646475644454e-01 4.831697218799691287e-03 6.553388512537612343e-01 1.505966499999999986e+00
6.236904280644873788e-01 5.993485099675755282e-03 -7.816484683520440457e-01 -7.613531000000000049e-01 -9.209290015456781872e-03 9.999575426502556041e-01 3.191774952216444236e-04 4.904399999999999732e-03 7.816171946152078442e-01 6.999359486568226818e-03 6.237191435643372195e-01 1.561834299999999898e+00
5.675926265316093566e-01 5.976347600469544656e-03 -8.232878558416293346e-01 -8.340815999999999786e-01 -9.259317081130247901e-03 9.999567485715176174e-01 8.752333801819345456e-04 6.174500000000000301e-03 8.232574781647233886e-01 7.126307293195893039e-03 5.676234142371354707e-01 1.613272899999999899e+00
4.541506041571400920e-01 5.596366463967559005e-03 -8.909073517634175099e-01 -9.091358000000000494e-01 -8.252279332599336478e-03 9.999637970492573080e-01 2.074723270333388159e-03 7.601100000000000391e-03 8.908867092001774290e-01 6.409779499537270053e-03 4.541803453444962502e-01 1.654517199999999910e+00
3.911403398767110406e-01 7.198349797181872317e-03 -9.203028948565403766e-01 -1.013647799999999988e+00 -1.156578876748370899e-02 9.999288926097786856e-01 2.905555776041427937e-03 7.174700000000000001e-03 9.202583697263051477e-01 9.507548810242929388e-03 3.911957815011608552e-01 1.699326799999999915e+00
3.573260975403730333e-01 8.268822036569324282e-03 -9.339430853101784447e-01 -1.082643199999999917e+00 -1.444811013953745289e-02 9.998900926826490565e-01 3.324856159190816077e-03 7.141400000000000005e-03 9.338679307749910841e-01 1.230565468437415551e-02 3.574062936390814960e-01 1.725237300000000085e+00
3.264557925600643506e-01 8.325113259998812715e-03 -9.451758079813448177e-01 -1.186945799999999940e+00 -1.631869933621879140e-02 9.998618146142460583e-01 3.170446069770736439e-03 8.354300000000000267e-03 9.450715928203290428e-01 1.438902934583928712e-02 3.265465361606677552e-01 1.761401299999999948e+00
2.806738889960937455e-01 7.276384792944045818e-03 -9.597756103695034291e-01 -1.294080700000000084e+00 -1.629883892559440273e-02 9.998632054981365647e-01 2.813919094176277683e-03 9.794699999999999934e-03 9.596647935010877983e-01 1.485343446264377788e-02 2.807540909749632885e-01 1.794145799999999902e+00
2.212297451103390489e-01 8.250727088024774336e-03 -9.751868156312067937e-01 -1.364107299999999912e+00 -1.635968100923208476e-02 9.998548976775918362e-01 4.748097240841841864e-03 9.365000000000000061e-03 9.750844890139985788e-01 1.490332488578481954e-02 2.213326234237921186e-01 1.810249999999999915e+00
1.846810969263273372e-01 7.286784590195223565e-03 -9.827714867701567991e-01 -1.436595899999999926e+00 -1.499864251915477772e-02 9.998769553708272140e-01 4.595088785578752000e-03 1.056250000000000071e-02 9.826840454391588819e-01 1.389161217068928325e-02 1.847676647864232580e-01 1.824156899999999970e+00
1.674223456452367254e-01 7.684869653526975146e-03 -9.858553144133551660e-01 -1.507832199999999956e+00 -1.692270466599905474e-02 9.998446956284285925e-01 4.920029520475813732e-03 1.079590000000000063e-02 9.857400165588462437e-01 1.585961544626098008e-02 1.675263930026026360e-01 1.835742800000000008e+00
1.578732307085743414e-01 8.506697457564774828e-03 -9.874227459016744479e-01 -1.580558700000000094e+00 -1.759664809143348524e-02 9.998283433996331127e-01 5.800147471519447907e-03 1.118629999999999972e-02 9.873025883697374994e-01 1.645964255719376684e-02 1.579958200880829944e-01 1.847534299999999963e+00
1.420141596802473871e-01 7.913601087085985267e-03 -9.898329926649991339e-01 -1.654105299999999890e+00 -1.758233350692552099e-02 9.998304507968486243e-01 5.470942132918470840e-03 1.170460000000000077e-02 9.897084621234502055e-01 1.662662254352849367e-02 1.421292208661912859e-01 1.858557699999999979e+00
1.034048045122914622e-01 8.026514614323018021e-03 -9.946069683382080528e-01 -1.728072599999999959e+00 -1.839720182028965409e-02 9.998118065685074329e-01 6.155843679060814776e-03 1.210080000000000010e-02 9.944691998091034213e-01 1.766144131614294163e-02 1.035330098165706536e-01 1.865856799999999982e+00
9.115586279070998776e-02 8.372398772849880960e-03 -9.958014418636225162e-01 -1.803216600000000058e+00 -1.815068621410816443e-02 9.998125138696722924e-01 6.744605219231782772e-03 1.285709999999999978e-02 9.956712114291736970e-01 1.745966919488128877e-02 9.129073711372404087e-02 1.872900199999999904e+00
8.391959874044309375e-02 8.997624905914481525e-03 -9.964319061999650229e-01 -1.873091300000000015e+00 -1.916086345713302608e-02 9.997889231364617268e-01 7.414208333413645907e-03 1.347510000000000027e-02 9.962882927440331882e-01 1.847029831071018632e-02 8.407428751701229164e-02 1.878944900000000029e+00
6.903452107994442755e-02 8.093326515658468695e-03 -9.975814417706325710e-01 -1.977364200000000016e+00 -1.930403348730275886e-02 9.997907023927857795e-01 6.775374532910794292e-03 1.381119999999999917e-02 9.974274856802294309e-01 1.878961082223530588e-02 6.917630616594916404e-02 1.886693399999999965e+00
5.805455028073077534e-02 7.082186815359830731e-03 -9.982882909368487878e-01 -2.056177400000000155e+00 -1.874705395249053747e-02 9.998062387823001274e-01 6.002737716471076221e-03 1.467259999999999918e-02 9.981373738918929428e-01 1.836647821174976214e-02 5.817607169870453454e-02 1.891496099999999903e+00
5.057352124370106256e-02 6.863804167499788604e-03 -9.986967543460644192e-01 -2.141925599999999985e+00 -2.099205016426383338e-02 9.997627717439508954e-01 5.808103369750273158e-03 1.545539999999999935e-02 9.984997009408235202e-01 2.067095612696438073e-02 5.070560909685595252e-02 1.895027800000000040e+00
4.968721863280674278e-02 7.428330212212010467e-03 -9.987372027789862550e-01 -2.237508500000000122e+00 -2.087194920563757716e-02 9.997616880229621694e-01 6.397569681895235241e-03 1.532640000000000044e-02 9.985467150018034754e-01 2.052771472268061226e-02 4.983042130437287387e-02 1.899865700000000102e+00
5.075463569324764612e-02 7.414434473130940804e-03 -9.986836301437453933e-01 -2.344130999999999965e+00 -2.183629725117710446e-02 9.997416306339339531e-01 6.312535129484426848e-03 1.719009999999999982e-02 9.984724047654014445e-01 2.148716218690563395e-02 5.090342604530329051e-02 1.904140699999999908e+00
5.146839107512076600e-02 7.883143335511029123e-03 -9.986435103535646896e-01 -2.456966400000000217e+00 -2.362967842302188259e-02 9.996985049784617994e-01 6.673637797562317897e-03 1.806409999999999960e-02 9.983950335502291829e-01 2.325414360883381465e-02 5.163914975342576152e-02 1.909771399999999897e+00
5.301873508758039866e-02 8.749270807607087072e-03 -9.985551882545342650e-01 -2.576100299999999788e+00 -2.540892087090495383e-02 9.996496797168349380e-01 7.409762628140727225e-03 1.895590000000000122e-02 9.982702041380826508e-01 2.497935352174781437e-02 5.322247107892008611e-02 1.915177300000000082e+00
5.469611992002974821e-02 8.793553691561576194e-03 -9.984643247904089192e-01 -2.693322400000000005e+00 -2.719650521585931929e-02 9.996033508881501106e-01 7.313753976277877211e-03 2.011220000000000022e-02 9.981325986910442039e-01 2.675470625245972289e-02 5.491357868148027954e-02 1.920411499999999938e+00
5.545524379506380774e-02 9.851494535703742353e-03 -9.984125720317444941e-01 -2.809652300000000213e+00 -2.789468661771270924e-02 9.995762954023287294e-01 8.313611023859341850e-03 2.047879999999999839e-02 9.980714415281752849e-01 2.738937248586457290e-02 5.570655150609238326e-02 1.927020100000000014e+00
5.639062070399711996e-02 1.185380748543054912e-02 -9.983384121352419927e-01 -2.931228400000000178e+00 -2.840178846098481008e-02 9.995438917705954385e-01 1.026386069223990220e-02 1.965089999999999892e-02 9.980047275984395005e-01 2.777581091868584762e-02 5.670156981049123690e-02 1.933482900000000004e+00
5.676249009597631595e-02 1.161683773844864390e-02 -9.983201234068473928e-01 -3.059327399999999919e+00 -2.832831767365661876e-02 9.995484466561284087e-01 1.002043936668121742e-02 2.161920000000000161e-02 9.979857344350594461e-01 2.771194450556466876e-02 5.706594427358513411e-02 1.941529800000000083e+00
5.769449203615493321e-02 1.331038446429434578e-02 -9.982455505806687723e-01 -3.178415799999999791e+00 -2.928407508217736183e-02 9.995034155498080386e-01 1.163465731549975096e-02 2.210900000000000018e-02 9.979046991247567666e-01 2.856144200982129594e-02 5.805562414657305936e-02 1.948256999999999906e+00
5.878612740110934765e-02 1.344154372739324657e-02 -9.981801020494273091e-01 -3.289656200000000030e+00 -2.931925967795052587e-02 9.995012388675592607e-01 1.173262605520051030e-02 2.363530000000000145e-02 9.978399532175074027e-01 2.857618596731972480e-02 5.915090327665095682e-02 1.954413399999999967e+00
5.848865375632316538e-02 1.367406666883700522e-02 -9.981944185791208346e-01 -3.400464500000000001e+00 -2.771831951793567173e-02 9.995429197834141410e-01 1.206839980896553741e-02 2.433990000000000112e-02 9.979031877616558743e-01 2.696240737737663415e-02 5.884094189883282144e-02 1.961743500000000084e+00
5.828035257926159757e-02 1.486339014218676299e-02 -9.981896012966263720e-01 -3.512497199999999875e+00 -2.572576342967052357e-02 9.995794643598508999e-01 1.338205985766144183e-02 2.520270000000000149e-02 9.979687297702254378e-01 2.489927837417286322e-02 5.863821567244231758e-02 1.969043700000000063e+00
5.912714684508021262e-02 1.569180838711110859e-02 -9.981271199879816480e-01 -3.619483199999999901e+00 -2.670516504413465025e-02 9.995434545697617912e-01 1.413211189851547658e-02 2.609250000000000111e-02 9.978931880045710523e-01 2.581955801885120125e-02 5.951920494920381888e-02 1.975457100000000077e+00
4.839964330452628527e-02 1.693379702201645853e-02 -9.986844952468282299e-01 -3.717368399999999795e+00 -2.502840408441781017e-02 9.995628873670774350e-01 1.573572964238660263e-02 2.793860000000000093e-02 9.985144232894095362e-01 2.423387539805247834e-02 4.880231312355942652e-02 1.981716899999999892e+00
3.806950337743080642e-02 1.633853770746323750e-02 -9.991415140500254921e-01 -3.810830099999999998e+00 -2.405857358124820558e-02 9.995914787996272866e-01 1.542921088097967165e-02 2.987880000000000050e-02 9.989854343031390194e-01 2.345053723810773538e-02 3.844703308985841783e-02 1.985956999999999972e+00
3.739279613106764183e-02 1.642677392791339064e-02 -9.991656218544661128e-01 -3.899856999999999907e+00 -2.407183218842101624e-02 9.995895540526040790e-01 1.553287880621612160e-02 3.131550000000000306e-02 9.990106734627980378e-01 2.347092940719060911e-02 3.777287095482373402e-02 1.990220199999999995e+00
3.645834452279027305e-02 1.473430539519111557e-02 -9.992265455637069360e-01 -3.985615300000000083e+00 -2.464214568033208999e-02 9.996005198725271823e-01 1.384071265660499414e-02 3.372850000000000154e-02 9.990313077030804623e-01 2.411847663296040264e-02 3.680686503871966053e-02 1.994566999999999979e+00
3.624446883893622795e-02 1.491160809209186693e-02 -9.992316960658781388e-01 -4.075274499999999911e+00 -2.385422041782010727e-02 9.996166837914282066e-01 1.405210496993459374e-02 3.555889999999999745e-02 9.990582138428379944e-01 2.332658204572343047e-02 3.658628053277213077e-02 1.998695399999999900e+00
3.683492745019105452e-02 1.579593088789440006e-02 -9.991965155499311635e-01 -4.165296099999999946e+00 -2.356568171393240083e-02 9.996107452514387814e-01 1.493374109929598501e-02 3.660209999999999853e-02 9.990434659038096576e-01 2.299666378516748363e-02 3.719283115944760354e-02 2.002941400000000094e+00
3.611787429328992133e-02 1.376553952440612988e-02 -9.992527253293513878e-01 -4.306938599999999617e+00 -2.246296146301815511e-02 9.996636796613808107e-01 1.295927961652297913e-02 4.010210000000000163e-02 9.990950477901715532e-01 2.197811382876791245e-02 3.641494190143179654e-02 2.010980800000000013e+00
3.483752372560827010e-02 1.528306520654695161e-02 -9.992761254320852160e-01 -4.405442700000000045e+00 -2.152829610081276324e-02 9.996625261841706189e-01 1.453843905231729829e-02 4.070279999999999732e-02 9.991610878170065213e-01 2.100622909935642713e-02 3.515478532663707245e-02 2.016718599999999917e+00
3.337311424792640396e-02 1.285470768917435121e-02 -9.993602912541705852e-01 -4.562273000000000245e+00 -2.075309475052992958e-02 9.997106047472147372e-01 1.216617500423919015e-02 4.583040000000000030e-02 9.992274737534343476e-01 2.033379566593824725e-02 3.363023119375618819e-02 2.025641199999999920e+00
3.246082429245248507e-02 1.359758040688381284e-02 -9.993805084617835011e-01 -4.615035100000000057e+00 -2.005151330291870052e-02 9.997150656814287606e-01 1.295084027541595906e-02 4.542260000000000048e-02 9.992718507495932379e-01 1.961869660947921506e-02 3.272422715401857030e-02 2.027766699999999922e+00
3.129742211160851245e-02 1.306861687932021898e-02 -9.994246758120540752e-01 -4.729341999999999935e+00 -1.941459670806212207e-02 9.997338171339827939e-01 1.246468264254486404e-02 4.729900000000000077e-02 9.993215422494560185e-01 1.901331458682579273e-02 3.154281320033602842e-02 2.033043600000000062e+00
3.094510032957173418e-02 1.444919608568358965e-02 -9.994166405949375109e-01 -4.846182800000000235e+00 -1.889986933656302021e-02 9.997251926562921165e-01 1.386845728264236507e-02 4.893619999999999914e-02 9.993423816213610200e-01 1.845968311800333037e-02 3.120968430678716654e-02 2.037572599999999845e+00
3.061904356301853314e-02 1.471679537828831513e-02 -9.994227784601866782e-01 -4.903385600000000011e+00 -1.828418027681225771e-02 9.997325389677543805e-01 1.416118924005402464e-02 5.011399999999999882e-02 9.993638791365689888e-01 1.784002418387329453e-02 3.087993870181438005e-02 2.040042399999999922e+00
3.069614278458039289e-02 1.444397542881070695e-02 -9.994243935345787921e-01 -5.012961899999999638e+00 -1.806691905339955634e-02 9.997402429198309903e-01 1.389363604372165217e-02 5.242249999999999688e-02 9.993654653098968943e-01 1.763003858218710473e-02 3.094912737903987576e-02 2.044271199999999844e+00
2.964088790644857710e-02 1.294328545222313796e-02 -9.994768076978173266e-01 -5.123950999999999922e+00 -1.685828783889996990e-02 9.997804078032638264e-01 1.244726089869568030e-02 5.460020000000000151e-02 9.994184388409381725e-01 1.648051984743411497e-02 2.985258063049456290e-02 2.048993799999999865e+00
2.848562990390073740e-02 1.166582674725014784e-02 -9.995261264095509635e-01 -5.182016800000000423e+00 -1.689502332534948553e-02 9.997946782996740556e-01 1.118746756362542540e-02 5.643719999999999987e-02 9.994514130640941296e-01 1.656833515940624862e-02 2.867687560093834520e-02 2.051785000000000192e+00
2.928402129405026713e-02 1.195833531075328818e-02 -9.994995969551189186e-01 -5.240548099999999820e+00 -1.785407005617979659e-02 9.997751708141356941e-01 1.143853163631022504e-02 5.647080000000000155e-02 9.994116660712334399e-01 1.751016962114979036e-02 2.949094234777738244e-02 2.052931800000000084e+00
2.931723066011412276e-02 1.180727789671175837e-02 -9.995004192971065349e-01 -5.299902000000000335e+00 -1.710917570310329511e-02 9.997896708842219926e-01 1.130885051538909128e-02 5.749989999999999962e-02 9.994237219984235532e-01 1.676908411001919522e-02 2.951307718502249600e-02 2.055501500000000092e+00
2.751283489960912668e-02 1.392279933663958906e-02 -9.995244867307745418e-01 -5.358773199999999903e+00 -1.546926954294016755e-02 9.997891944417163224e-01 1.350068062698179736e-02 5.797499999999999876e-02 9.995017486806087037e-01 1.509047170288477582e-02 2.772241057681890108e-02 2.057723000000000191e+00
2.785336328906075354e-02 1.399867480764940657e-02 -9.995139955283856015e-01 -5.415988399999999814e+00 -1.611370804743584781e-02 9.997783031548842514e-01 1.355333736399385799e-02 5.840889999999999971e-02 9.994821351912448471e-01 1.572837068389197970e-02 2.807275884519511155e-02 2.059670199999999785e+00
2.746383292110951904e-02 1.539041012470826128e-02 -9.995043137262963340e-01 -5.470831900000000303e+00 -1.445079395943472955e-02 9.997830992732602562e-01 1.499763186294061391e-02 5.879369999999999735e-02 9.995183402195396694e-01 1.403173844352880763e-02 2.768027964145325370e-02 2.061898699999999973e+00
2.614181857106174373e-02 1.521265666434817344e-02 -9.995424855397645469e-01 -5.525059699999999907e+00 -1.317360256537597647e-02 9.998026192922916389e-01 1.487207624115235820e-02 5.995960000000000178e-02 9.995714389263266053e-01 1.277879233283771808e-02 2.633706417327108529e-02 2.065061800000000058e+00
2.474489519294375411e-02 1.462855395568162832e-02 -9.995867624028721421e-01 -5.626044799999999846e+00 -1.222688632015590977e-02 9.998225710813429812e-01 1.432932682322834994e-02 6.244029999999999719e-02 9.996190241350974004e-01 1.186725602060638776e-02 2.491936639919178909e-02 2.070704899999999959e+00
2.438419993821860920e-02 1.384263523266428958e-02 -9.996068188258760978e-01 -5.677465899999999621e+00 -1.250511350904030816e-02 9.998301216256019197e-01 1.354068042086533329e-02 6.368769999999999987e-02 9.996244459443249797e-01 1.217001807514637469e-02 2.455316131482077058e-02 2.072554600000000136e+00
2.374254635905450814e-02 1.404885058429219784e-02 -9.996193882121577889e-01 -5.775700600000000406e+00 -1.258598195435911039e-02 9.998262113950606711e-01 1.375282027963706244e-02 6.574810000000000376e-02 9.996388770704314197e-01 1.225466460820867978e-02 2.391523875497847396e-02 2.075660500000000130e+00
2.381879386823775382e-02 1.353485586495986777e-02 -9.996246659298564374e-01 -5.823380499999999849e+00 -1.193874457222549208e-02 9.998408954145303618e-01 1.325331033022582143e-02 6.676650000000000640e-02 9.996450027068115585e-01 1.161858568780536026e-02 2.397659337590662965e-02 2.076917599999999808e+00
2.350675765992437868e-02 1.373902313000854337e-02 -9.996292670724234997e-01 -5.913399700000000259e+00 -1.138387447019916475e-02 9.998444134475376055e-01 1.347428290471183038e-02 6.831470000000000597e-02 9.996588616855072162e-01 1.106291739020734410e-02 2.365950363919566701e-02 2.079713100000000203e+00
2.215168486411394147e-02 1.404553212789946999e-02 -9.996559537585544275e-01 -5.996173899999999612e+00 -1.053425886302467203e-02 9.998490787675592406e-01 1.381481371100326365e-02 6.926499999999999324e-02 9.996991208598152712e-01 1.022461319107384990e-02 2.229630097583779058e-02 2.082802099999999879e+00
2.111034805188802266e-02 1.480866041322659657e-02 -9.996674731038784900e-01 -6.071933699999999767e+00 -1.006067979068633531e-02 9.998428164864633372e-01 1.459880277850711568e-02 6.947939999999999672e-02 9.997265305708743499e-01 9.749148536267513918e-03 2.125601504375573825e-02 2.086257900000000109e+00
1.282995969833745920e-02 1.407154053528112715e-02 -9.998186755012646865e-01 -6.145427200000000312e+00 -9.967785556346130463e-03 9.998530916569393634e-01 1.394411543134808397e-02 7.086570000000000369e-02 9.998680089818064998e-01 9.787075713613460973e-03 1.296833696871979580e-02 2.087480300000000177e+00
5.294829824107645001e-03 1.343374068452131941e-02 -9.998957442595476364e-01 -6.218217400000000339e+00 -9.242673804104388838e-03 9.998677063835591516e-01 1.338442050414154899e-02 7.222979999999999678e-02 9.999432672697409208e-01 9.170841973439456535e-03 5.418293035037713423e-03 2.088357900000000100e+00
4.304544243682922357e-03 1.393713437326061719e-02 -9.998936079325217996e-01 -6.288082600000000078e+00 -8.710508676780508858e-03 9.998654599870452353e-01 1.389924327026520641e-02 7.310609999999999331e-02 9.999527978547015916e-01 8.649752040143033130e-03 4.425364640132323224e-03 2.089279700000000073e+00
-9.450552122172491826e-03 1.490385698575324817e-02 -9.998442689296843655e-01 -6.353325400000000123e+00 -8.629399327748107570e-03 9.998504727282414573e-01 1.498551475106082997e-02 7.239879999999999927e-02 9.999181069126755750e-01 8.769676850387094630e-03 -9.320527673443379513e-03 2.090518499999999946e+00
-1.864894259737015850e-02 1.368917342690835134e-02 -9.997323759241207863e-01 -6.419236200000000281e+00 -8.764020784806050846e-03 9.998656136139223438e-01 1.385448130165626776e-02 7.432619999999999505e-02 9.997876819003537197e-01 9.020046748353462845e-03 -1.852646423293013989e-02 2.090988900000000150e+00
-6.213451562704292580e-02 1.327110577809133274e-02 -9.979795487479788951e-01 -6.512569000000000052e+00 -7.413196199557700594e-03 9.998778749311536540e-01 1.375789755984222970e-02 7.578010000000000301e-02 9.980402529406816603e-01 8.253058498942096588e-03 -6.202854613412611684e-02 2.088601099999999988e+00
-9.650435032393031576e-02 1.302862582677882623e-02 -9.952472885055365648e-01 -6.577389700000000339e+00 -6.338322004101887633e-03 9.998860072553110712e-01 1.370394721254762985e-02 7.687070000000000014e-02 9.953123811360577999e-01 7.630688310877719455e-03 -9.641076990240138311e-02 2.083059299999999947e+00
-1.077014530970313161e-01 1.299340271710273595e-02 -9.940983696227547739e-01 -6.643983799999999995e+00 -6.145485902271458079e-03 9.998867867993743719e-01 1.373486756570930362e-02 7.831330000000000235e-02 9.941642872301403866e-01 7.588482710909859319e-03 -1.076094090975936446e-01 2.077778100000000183e+00
-1.149307921106478003e-01 1.243306113672391910e-02 -9.932956921358255808e-01 -6.708638699999999844e+00 -6.494587734376555677e-03 9.998908965161409368e-01 1.326707934356052138e-02 8.026949999999999363e-02 9.933522705238957418e-01 7.975841956704636526e-03 -1.148375051544665570e-01 2.072601600000000044e+00
-1.428395351748852349e-01 1.251446303353615473e-02 -9.896667395674189072e-01 -6.769247100000000295e+00 -5.204978963367535780e-03 9.998967349199131549e-01 1.339506216812508081e-02 8.098349999999999993e-02 9.897321735626330996e-01 7.064539013926627101e-03 -1.427596473220184015e-01 2.065338399999999908e+00
-1.642262738494900121e-01 1.170298080774622579e-02 -9.863532689750288407e-01 -6.830222599999999922e+00 -5.588216807067579450e-03 9.999025357633702926e-01 1.279417081717280219e-02 8.227260000000000129e-02 9.864068647421454505e-01 7.613094915690482578e-03 -1.641448688670321676e-01 2.055828299999999942e+00
-1.970858874564830887e-01 1.187367903336910592e-02 -9.803143213845766368e-01 -6.889641799999999705e+00 -4.959618725859848629e-03 9.999017861204145818e-01 1.310802408065313111e-02 8.365340000000000276e-02 9.803736813825556506e-01 7.445391824304007852e-03 -1.970076419659856359e-01 2.045349100000000142e+00
-2.068228790750987478e-01 1.195268691045420217e-02 -9.783053868637888728e-01 -6.946872700000000123e+00 -3.786964877242053606e-03 9.999081011775843297e-01 1.301722307008312297e-02 8.497999999999999998e-02 9.783710725425734944e-01 6.397067692187256502e-03 -2.067586078905445657e-01 2.034717300000000062e+00
-2.558965452265951068e-01 1.216809538551233763e-02 -9.666275888861141086e-01 -7.002656499999999618e+00 -1.246428301220590083e-03 9.999157938969682746e-01 1.291710230220284236e-02 8.609719999999999873e-02 9.667033694766887786e-01 4.510273837000477147e-03 -2.558598305172818943e-01 2.021049000000000095e+00
-3.507265632094279662e-01 1.361379653208488229e-02 -9.363789523495742451e-01 -7.054198699999999711e+00 1.887440662896922028e-03 9.999025740683556984e-01 1.383039909837723014e-02 8.516949999999999521e-02 9.364760089970523005e-01 3.083328633043210497e-03 -3.507180885804059844e-01 2.003465700000000016e+00
-4.832416807911655843e-01 1.523929753201065836e-02 -8.753543521093960500e-01 -7.103550000000000253e+00 5.542237184127168578e-03 9.998817076543782267e-01 1.434762367639372607e-02 8.521620000000000583e-02 8.754694520959167559e-01 2.081948341191383438e-03 -4.832689768006844799e-01 1.977765400000000007e+00
-6.075355891655027651e-01 1.527523652943260125e-02 -7.941455628827093216e-01 -7.145323300000000266e+00 6.244745039132594197e-03 9.998760192216458176e-01 1.445508024437052938e-02 8.569309999999999428e-02 7.942679088674812204e-01 3.822739128537307879e-03 -6.075556563878188321e-01 1.946358000000000033e+00
-6.266772726545581929e-01 1.376517042223755760e-02 -7.791573114727803340e-01 -7.186318400000000217e+00 4.609946104173422675e-03 9.998919687882328322e-01 1.395704659691005337e-02 8.616050000000000098e-02 7.792652592892621577e-01 5.154690683101995075e-03 -6.266730286431676511e-01 1.913757600000000059e+00
-6.354544067632775795e-01 1.301590812485476159e-02 -7.720286802061278042e-01 -7.225087199999999932e+00 4.340982456181028022e-03 9.999023320372846246e-01 1.328466249909868863e-02 8.706479999999999775e-02 7.721261896843321093e-01 5.090434370971729482e-03 -6.354488450547918221e-01 1.881926299999999941e+00
-6.362180899648565147e-01 1.317400648282628615e-02 -7.713967769926580731e-01 -7.262268500000000238e+00 3.819672291428833841e-03 9.998957325757895642e-01 1.392602169721211640e-02 8.750030000000000308e-02 7.714998069377959622e-01 5.913504030233074707e-03 -6.362020735309094066e-01 1.851813600000000060e+00
-6.436741210849540318e-01 1.360048855881352235e-02 -7.651788369763458109e-01 -7.297297999999999618e+00 4.374666792790598072e-03 9.998911284215799000e-01 1.409232394857930053e-02 8.791939999999999478e-02 7.652871932392203425e-01 5.723461782979681958e-03 -6.436635408730672081e-01 1.823008500000000032e+00
-6.509507506091858353e-01 1.322704020855912030e-02 -7.590047204653329604e-01 -7.331012199999999979e+00 4.134805691604649495e-03 9.998951352168352624e-01 1.387883106026571028e-02 8.850020000000000109e-02 7.591087034563823721e-01 5.896098458123193685e-03 -6.509371800410097553e-01 1.793973400000000051e+00
-6.587582084058252185e-01 1.322405423321844353e-02 -7.522384909372717976e-01 -7.364289799999999886e+00 4.951835879069540168e-03 9.999000676924625353e-01 1.324137266432301105e-02 8.915349999999999664e-02 7.523384226392891838e-01 4.997901384142987291e-03 -6.587578605241688479e-01 1.765975499999999920e+00
-6.657864321497141136e-01 1.288485293971204301e-02 -7.460311034602213898e-01 -7.395278000000000240e+00 4.695783294563145825e-03 9.999034421452362986e-01 1.307883807372391474e-02 8.989769999999999706e-02 7.461275872024863975e-01 5.204512544915470933e-03 -6.657826497172820712e-01 1.738195099999999993e+00
-6.881960370664705895e-01 1.353037657291726245e-02 -7.253986100591870434e-01 -7.454682400000000264e+00 5.996798919206271228e-03 9.998980178807366226e-01 1.296118207945083298e-02 9.040719999999999312e-02 7.255000020459875243e-01 4.569764541978352419e-03 -6.882069923237508213e-01 1.684897899999999948e+00
-6.984311202522580642e-01 1.324376275433527053e-02 -7.155547309684161528e-01 -7.483955899999999772e+00 6.172982914567225372e-03 9.999030506302797328e-01 1.248133094651914833e-02 9.073839999999999684e-02 7.156506581741625128e-01 4.300242826510767072e-03 -6.984451613165637562e-01 1.656397200000000014e+00
-7.050464392683463144e-01 1.387496172854684080e-02 -7.090253901744686393e-01 -7.514164899999999925e+00 6.562310048771191964e-03 9.998934220947383045e-01 1.304149295507439632e-02 9.130249999999999477e-02 7.091307739492412887e-01 4.542013727942595218e-03 -7.050623486965144071e-01 1.626665900000000109e+00
-7.331826633118000425e-01 1.438501398846853303e-02 -6.798795875679511935e-01 -7.543787499999999646e+00 7.623633160134630701e-03 9.998872835986729601e-01 1.293446230450350128e-02 9.166649999999999798e-02 6.799890164086884736e-01 4.300170952240270003e-03 -7.332096876701276189e-01 1.594603200000000109e+00
-7.864700870192746773e-01 1.466273439635394985e-02 -6.174542950242682959e-01 -7.571773999999999560e+00 9.488802328942180092e-03 9.998870178752530258e-01 1.165822091468724647e-02 9.237710000000000365e-02 6.175554751228884420e-01 3.309940264622379495e-03 -7.865203617460820862e-01 1.558271200000000078e+00
-8.093530005429531160e-01 1.428916741413017479e-02 -5.871486525631557374e-01 -7.600288899999999792e+00 9.008319651600362951e-03 9.998884192939611060e-01 1.191633915589376293e-02 9.224050000000000304e-02 5.872534126671151711e-01 4.355302106014749194e-03 -8.093914137513396057e-01 1.518868200000000002e+00
-8.253969649424984789e-01 1.429748855434770545e-02 -5.643717144619760928e-01 -7.629487000000000130e+00 8.904321659155891092e-03 9.998846074937561834e-01 1.230791423626422312e-02 9.246580000000000077e-02 5.644825624583121870e-01 5.133567774486341717e-03 -8.254290297550738176e-01 1.476125799999999932e+00
-8.331746162345102791e-01 1.506414612267428094e-02 -5.528047850408595032e-01 -7.660916300000000234e+00 9.725343479800439839e-03 9.998734577607036877e-01 1.258912863759837839e-02 9.296740000000000559e-02 5.529244763588208045e-01 5.112726009558306133e-03 -8.332156884481201065e-01 1.430552000000000046e+00
-8.395772671711796420e-01 1.572389861992436882e-02 -5.430126807557670299e-01 -7.691356700000000046e+00 1.062875438865598134e-02 9.998651397472547719e-01 1.251926109434356449e-02 9.361070000000000502e-02 5.431363015206401856e-01 4.739338602912732817e-03 -8.396311670251931369e-01 1.384417699999999973e+00
-8.437853608320776688e-01 1.610955341096440008e-02 -5.364389500533872646e-01 -7.719829100000000111e+00 1.060422356233374323e-02 9.998547015856978915e-01 1.334639125812611855e-02 9.366149999999999476e-02 5.365760107273911395e-01 5.572971009634325804e-03 -8.438335894629966916e-01 1.340651800000000060e+00
-8.497701843550875545e-01 1.600610389384158477e-02 -5.269102754921949350e-01 -7.746325999999999823e+00 1.069061220385365829e-02 9.998566239101149833e-01 1.313173384491344783e-02 9.458120000000000416e-02 5.270449170534025063e-01 5.525962468781286940e-03 -8.498194626783774908e-01 1.298494700000000002e+00
-8.628411980653996061e-01 1.650485650244069499e-02 -5.052055587905780465e-01 -7.770876900000000198e+00 1.159740395011181133e-02 9.998500816339868091e-01 1.285746779609829235e-02 9.542989999999999806e-02 5.053420298596628113e-01 5.234879974136446429e-03 -8.629032558108542528e-01 1.257583899999999977e+00
-8.682121674468211703e-01 1.579941756359102764e-02 -4.959415396011360166e-01 -7.793225299999999578e+00 1.137960511794812793e-02 9.998640619449044031e-01 1.193156395431643584e-02 9.643609999999999682e-02 4.960626340339024387e-01 4.715510119559269617e-03 -8.682739355063352482e-01 1.218432500000000029e+00
-8.731146106257405837e-01 1.586490718209884743e-02 -4.872567920839739330e-01 -7.814429800000000093e+00 1.170745470410983029e-02 9.998644490199344315e-01 1.157666145372516706e-02 9.690799999999999415e-02 4.873744066077053128e-01 4.403215434922281603e-03 -8.731819967667799887e-01 1.180499200000000082e+00
-8.777801276601351343e-01 1.593208240028878495e-02 -4.787987220485731554e-01 -7.834679099999999785e+00 1.175597679037993296e-02 9.998622293074048706e-01 1.171833666227607706e-02 9.729680000000000273e-02 4.789194551223206475e-01 4.657376387710541153e-03 -8.778464924749214138e-01 1.143340800000000046e+00
-8.820885520558050530e-01 1.630698315780888460e-02 -4.708013048329235395e-01 -7.854362499999999692e+00 1.228045905002713052e-02 9.998570360041548755e-01 1.162316129573891937e-02 9.783379999999999854e-02 4.709235358926256443e-01 4.471001372969365083e-03 -8.821627023906127851e-01 1.107185700000000050e+00
-8.919172640600202540e-01 1.677346078939019255e-02 -4.518874252342454656e-01 -7.872044100000000100e+00 1.317394856709804170e-02 9.998514859323687221e-01 1.111094766371052700e-02 9.798030000000000628e-02 4.520066826395827131e-01 3.956904343176451469e-03 -8.920057745088758594e-01 1.072018600000000044e+00
-9.177212649265573674e-01 1.734044366810917268e-02 -3.968463038948358279e-01 -7.888435799999999887e+00 1.474862851084130996e-02 9.998453184430510232e-01 9.582126306991942122e-03 9.859640000000000071e-02 3.969510774121270402e-01 2.940782363093316989e-03 -9.178350581343274195e-01 1.031015900000000096e+00
-9.293061654868295385e-01 1.636141390314793664e-02 -3.689476316813207202e-01 -7.907150699999999865e+00 1.371668578481516181e-02 9.998579916788493671e-01 9.790250610616656537e-03 9.865530000000000133e-02 3.690554203900089369e-01 4.037401519282864462e-03 -9.293986206519385673e-01 9.829573999999999812e-01
-9.456306240342132741e-01 1.739812160982492570e-02 -3.247768899615761651e-01 -7.924568700000000021e+00 1.493380809801530748e-02 9.998376842366286654e-01 1.007901562789294617e-02 9.906700000000000228e-02 3.248995294923581190e-01 4.680870088498584498e-03 -9.457369534869928263e-01 9.329667999999999850e-01
-9.515522415707162729e-01 1.633698953056421377e-02 -3.070528201056346718e-01 -7.941469200000000228e+00 1.424080814729809276e-02 9.998574919540388350e-01 9.066155011413355724e-03 9.960370000000000335e-02 3.071571762877384759e-01 4.254239821326785166e-03 -9.516492896537491752e-01 8.807572999999999652e-01
-9.595480807390570632e-01 1.765870630175839229e-02 -2.809904817636009744e-01 -7.957562900000000106e+00 1.586051071059535467e-02 9.998366023648916912e-01 8.672529701795252122e-03 9.997209999999999430e-02 2.810977142382901084e-01 3.865056684923157647e-03 -9.596713689523259649e-01 8.252781999999999618e-01
