1.000000000000000000e+00 0.000000000000000000e+00 -0.000000000000000000e+00 0.000000000000000000e+00 0.000000000000000000e+00 1.000000000000000000e+00 0.000000000000000000e+00 -0.000000000000000000e+00 0.000000000000000000e+00 -0.000000000000000000e+00 1.000000000000000000e+00 -0.000000000000000000e+00
9.999673449640349432e-01 -7.573985589180765900e-04 -8.045828298049600286e-03 -1.073000000000000061e-04 7.593890899517637735e-04 9.999996818113218167e-01 2.443470179156404984e-04 -8.272000000000000490e-04 8.045640669878884738e-03 -2.504489529841465232e-04 9.999676019459496912e-01 2.381760000000000127e-02
9.996421250668011682e-01 -1.340849769043254069e-03 -2.671748329889369125e-02 -1.400900000000000062e-03 1.359708320242631512e-03 9.999988391331813276e-01 6.876958438621799978e-04 -9.894000000000000884e-04 2.671653018664043797e-02 -7.237777190954459419e-04 9.996427877800148076e-01 4.609610000000000096e-02
9.992965409494097839e-01 -8.238907125229898024e-04 -3.749325873591666247e-02 -2.328300000000000161e-03 8.466154734803839127e-04 9.999994674353412938e-01 5.902298482815434818e-04 -1.428800000000000035e-03 3.749275248344187406e-02 -6.215570187498720015e-04 9.992967062780142573e-01 6.904059999999999364e-02
9.980450947724187616e-01 -9.409795633499235586e-04 -6.249082619212973505e-02 -6.107300000000000402e-03 9.656879433043159648e-04 9.999994670412230002e-01 3.651904517787614738e-04 -1.080400000000000024e-03 6.249044925034357573e-02 -4.248231764763816393e-04 9.980454715481448247e-01 1.341111000000000109e-01
9.968374860772661883e-01 -1.331425917358159067e-03 -7.945598565358455434e-02 -1.044029999999999958e-02 1.340459254070779397e-03 9.999990997629170097e-01 6.035183149894760891e-05 -7.403999999999999991e-04 7.945583377036719019e-02 -1.666684792522322165e-04 9.968383734093876347e-01 1.933799999999999963e-01
9.954942212934442258e-01 -1.115912442605309762e-03 -9.481566384717041163e-02 -1.278920000000000057e-02 1.089998517642745083e-03 9.999993531066659891e-01 -3.250991866375684903e-04 -3.996000000000000094e-04 9.481596529377694926e-02 2.202854286021697558e-04 9.954947936577765999e-01 2.119262000000000090e-01
9.946809410695259812e-01 -7.472635570565293404e-04 -1.030012964492122429e-01 -1.494009999999999956e-02 6.736430836542667017e-04 9.999994921998140995e-01 -7.495365967536139458e-04 -7.295000000000000052e-04 1.030018042465181971e-01 6.761636564644998631e-04 9.946809393592860316e-01 2.306128000000000067e-01
9.883782278686339406e-01 -1.405999412335619866e-03 -1.520082295170597786e-01 -2.346909999999999968e-02 1.275774563796037986e-03 9.999987309275775171e-01 -9.542235045876469764e-04 -2.693999999999999889e-04 1.520093782452944242e-01 7.492055037494008835e-04 9.883787672833690419e-01 2.868808999999999942e-01
9.754325884799250890e-01 -7.019093273869969792e-04 -2.202970100901262274e-01 -4.201470000000000204e-02 4.513414679078742446e-04 9.999991927818862036e-01 -1.187740062183868361e-03 -3.030000000000000128e-05 2.202976659482174526e-01 1.059131187387524816e-03 9.754321178938570869e-01 3.684761999999999760e-01
9.634578028345662792e-01 -2.197838347872746803e-03 -2.678511371336447788e-01 -5.358679999999999694e-02 1.991358018164457282e-03 9.999974738069719038e-01 -1.042531974511583595e-03 -6.030999999999999686e-04 2.678527518067220226e-01 4.710480559421613379e-04 9.634597456371986057e-01 4.108261000000000274e-01
9.587259468184422539e-01 -1.180005476716260247e-03 -2.843293275132843245e-01 -6.093930000000000180e-02 7.521431145784433434e-04 9.999984146584144362e-01 -1.613989279090022495e-03 -2.290000000000000098e-04 2.843307812703661508e-01 1.333517053788560620e-03 9.587253144433239838e-01 4.339660000000000184e-01
9.494783882678817788e-01 -2.163614058220614863e-03 -3.138249655244664260e-01 -7.610119999999999385e-02 1.813579389246252260e-03 9.999973651786928652e-01 -1.407325644882069255e-03 -2.167000000000000089e-04 3.138271835613102856e-01 7.670787957645966090e-04 9.494798104478560097e-01 4.813725999999999838e-01
9.214193563957127076e-01 -2.958295216102504489e-03 -3.885583844787356411e-01 -1.146657999999999983e-01 2.434140533612047345e-03 9.999953424436078819e-01 -1.841209101118582159e-03 -2.519999999999999996e-04 3.885620215862239379e-01 7.507199916081080775e-04 9.214222657393953408e-01 5.814572999999999547e-01
9.073714491508018121e-01 -1.928750198577726654e-03 -4.203252706995444510e-01 -1.393716000000000121e-01 1.331424709339346264e-03 9.999976438912868693e-01 -1.714502877937315855e-03 -3.591000000000000008e-04 4.203275872152780201e-01 9.960595095580798523e-04 9.073718792706969571e-01 6.354288999999999632e-01
8.798568754114023394e-01 -2.642404482876935592e-03 -4.752314136184948024e-01 -1.669924000000000130e-01 2.137613175839906884e-03 9.999964311502492764e-01 -1.602590613698376062e-03 -2.701000000000000059e-04 4.752339522816046435e-01 3.941894386083759404e-04 8.798593837730503964e-01 6.896632999999999791e-01
8.663427931194492837e-01 -1.616580641463880334e-03 -4.994472459399697528e-01 -1.967445999999999917e-01 8.556262075539537975e-04 9.999980982143437114e-01 -1.752561407978445434e-03 -5.580000000000000107e-04 4.994491292552065143e-01 1.090978792384518069e-03 8.663425287099154604e-01 7.418905000000000083e-01
8.496993520171659542e-01 -1.837025987421381798e-03 -5.272642947489710741e-01 -2.274007000000000112e-01 1.413104730163692408e-03 9.999982733689587455e-01 -1.206811552270482292e-03 -8.078000000000000111e-04 5.272656013022561927e-01 2.803473250148648659e-04 8.497004808100013795e-01 7.924873999999999530e-01
8.153364401567555486e-01 -1.721029642501877011e-03 -5.789849112105419637e-01 -2.635314000000000267e-01 6.954387585126430406e-04 9.999977718376915625e-01 -1.993159448046686981e-03 -4.983000000000000233e-04 5.789870514246778788e-01 1.222446981185377384e-03 8.153358203255487435e-01 8.430813999999999808e-01
7.919493420338895584e-01 -2.078838597363213102e-03 -6.105832605649909040e-01 -3.014293000000000111e-01 1.090998357256901937e-03 9.999974255994695804e-01 -1.989602226052283700e-03 -9.380000000000000317e-05 6.105858247410219652e-01 9.095188395863002245e-04 7.919495712485780103e-01 8.958171000000000328e-01
7.485673324173298671e-01 -1.451244006780861868e-03 -6.630571941608323083e-01 -3.455053000000000152e-01 3.234447691081178931e-04 9.999982850136635015e-01 -1.823555102892571340e-03 -5.410000000000000312e-04 6.630587034502180011e-01 1.150591397817474562e-03 7.485665180318654688e-01 9.456200000000000161e-01
7.384397633394660376e-01 -9.869581309257559332e-04 -6.743187242193422470e-01 -3.926002000000000103e-01 -2.213376038653579441e-04 9.999985202517986949e-01 -1.706019893818778565e-03 -5.462000000000000492e-04 6.743194101676286412e-01 1.409045017304213880e-03 7.384384521836065973e-01 9.981153999999999860e-01
7.096699556559437072e-01 3.504458098352868935e-04 -7.045341945051531996e-01 -4.415143999999999735e-01 -1.266077158864792416e-03 9.999988959657395426e-01 -7.778919781777395015e-04 -1.370499999999999973e-03 7.045331440662806477e-01 1.444041216960690373e-03 7.096696158474343763e-01 1.047886799999999896e+00
7.006385559440365673e-01 7.669311020837004268e-04 -7.135159603970607778e-01 -4.913864000000000010e-01 -1.552772798908310823e-03 9.999986932477797907e-01 -4.498881727367186052e-04 -1.255000000000000039e-03 7.135146829752631037e-01 1.423137174574051061e-03 7.006388312528017970e-01 1.097559299999999904e+00
6.501197742818268788e-01 -9.653303489986111811e-04 -7.598311307291004679e-01 -5.431352000000000402e-01 6.892799628730927799e-04 9.999995307717239879e-01 -6.806977777575097272e-04 -1.546999999999999981e-03 7.598314312930724013e-01 -8.120128794892130962e-05 6.501201346101131984e-01 1.143433300000000097e+00
5.598697248036000884e-01 -2.555847993932047865e-05 -8.285806482142248353e-01 -6.562923999999999980e-01 3.432404439104372448e-04 9.999999208763012959e-01 2.010805530103165957e-04 -1.279799999999999991e-03 8.285805775145460572e-01 -3.969813033858900588e-04 5.598696892773405986e-01 1.228274000000000088e+00
4.446143689733887405e-01 -3.455927057561600365e-04 -8.957220235475272796e-01 -7.158250999999999920e-01 2.095960173457098955e-03 9.999975892493936369e-01 6.545581350948417431e-04 -8.463000000000000253e-04 8.957196379745989701e-01 -2.168423640035610500e-03 4.446140214675766700e-01 1.260984499999999953e+00
3.909714496736355072e-01 1.298469096794948371e-03 -9.204018902186701379e-01 -7.738840999999999637e-01 -1.282797194175962219e-03 9.999988023663932690e-01 8.658505284807021651e-04 -9.933999999999999688e-04 9.204019121945883342e-01 8.421661259659781948e-04 3.909726471056022001e-01 1.286069600000000035e+00
3.595205848047007269e-01 1.163381901716253322e-03 -9.331364292772181823e-01 -8.304373000000000449e-01 -1.006968011708420053e-03 9.999991242592336516e-01 8.587759831292461881e-04 -9.654999999999999954e-04 9.331366111760428517e-01 6.308908911711167723e-04 3.595214414462286623e-01 1.308229300000000039e+00
3.438067371311228082e-01 1.682994437457636244e-03 -9.390389209361740264e-01 -8.872615000000000363e-01 -2.772222503002492490e-03 9.999958553149804752e-01 7.772613811250656543e-04 -9.319999999999999942e-04 9.390363370422065703e-01 2.335997128471802020e-03 3.438099777955417879e-01 1.328917700000000091e+00
3.133482322681460652e-01 1.583312393440518577e-03 -9.496369719299544432e-01 -9.449535999999999492e-01 -1.866203843524440924e-03 9.999977058197049296e-01 1.051493481331804624e-03 -6.863999999999999876e-04 9.496364581341865119e-01 1.442732543351792117e-03 3.133504681744802012e-01 1.348852299999999893e+00
2.894066249754713160e-01 9.132608222149211962e-04 -9.572058145325788026e-01 -1.003281099999999926e+00 -2.599414210555139274e-03 9.999966073771263675e-01 1.681665821826716211e-04 -3.396000000000000147e-04 9.572027206741886562e-01 2.439505873738844963e-03 2.894080170710948696e-01 1.366802599999999979e+00
2.297554169698408366e-01 9.330094027327244998e-04 -9.732479529217972214e-01 -1.061242800000000042e+00 -1.090388964707658887e-03 9.999991596529019811e-01 7.012456028151528012e-04 1.364000000000000087e-04 9.732477893244453337e-01 9.001038519171840118e-04 2.297562412386996433e-01 1.381261800000000095e+00
1.926340432235169042e-01 9.878999114965225561e-04 -9.812701714844516143e-01 -1.121318800000000060e+00 -1.942077115330862001e-04 9.999995120188471809e-01 9.686306996209766585e-04 1.168000000000000066e-04 9.812706495532845796e-01 3.978986341261780448e-06 1.926341410795154863e-01 1.394489400000000101e+00
1.689433256392762206e-01 1.577003472509564026e-03 -9.856245054694964258e-01 -1.151031600000000044e+00 1.440309703653721955e-03 9.999972572679651783e-01 1.846879667049571017e-03 -5.220999999999999513e-04 9.856247147012392462e-01 -1.731622532393530239e-03 1.689405908996007843e-01 1.399618699999999993e+00
1.517211898561247607e-01 1.836606598238431191e-03 -9.884216243207375463e-01 -1.213255500000000042e+00 -7.859951382335584420e-04 9.999981817062940648e-01 1.737468200712914863e-03 -1.130999999999999980e-04 9.884230181254807235e-01 5.132838484916724424e-04 1.517223575462972596e-01 1.409088499999999966e+00
1.504896722314325308e-01 2.268139869417584546e-03 -9.886089793711207996e-01 -1.244556699999999960e+00 -9.109740259923141455e-04 9.999972617625415561e-01 2.155595913649005577e-03 -1.039000000000000047e-04 9.886111615180157575e-01 5.762021795614080026e-04 1.504913263714833249e-01 1.414282400000000051e+00
1.352093865005270512e-01 1.414263648239236400e-03 -9.908160382535623478e-01 -1.306097700000000028e+00 -5.973019564844158193e-04 9.999989159428410712e-01 1.345861625691127227e-03 2.012999999999999870e-04 9.908168675555156790e-01 4.098432334406907273e-04 1.352100846682677826e-01 1.423247200000000046e+00
1.009685896430349977e-01 2.095412946019149358e-03 -9.948874072728439710e-01 -1.370555399999999979e+00 7.017424990518476889e-04 9.999973832539955643e-01 2.177393539652522445e-03 9.539000000000000387e-04 9.948893664438076545e-01 -9.180031302514292434e-04 1.009668549935641702e-01 1.430874299999999932e+00
8.302199491916467666e-02 2.143185348739939846e-03 -9.965454104636695121e-01 -1.435109600000000096e+00 -6.410678899920688048e-04 9.999975953840651854e-01 2.097202433679494060e-03 7.793999999999999713e-04 9.965475088482249610e-01 4.647393337738253477e-04 8.302316921046215548e-02 1.436358999999999941e+00
6.695686867095752837e-02 3.057278622239254992e-03 -9.977511868122262984e-01 -1.499852399999999975e+00 -1.564033228958986582e-05 9.999953085593291657e-01 3.063105403349493557e-03 5.867000000000000036e-04 9.977558706883965511e-01 -1.894907861132966945e-04 6.695660236363421003e-02 1.441231699999999893e+00
6.500133252480123913e-02 2.539237017026169281e-03 -9.978819464472599154e-01 -1.559952299999999958e+00 -3.717859592854361531e-04 9.999967546729009449e-01 2.520400536915444294e-03 9.495000000000000401e-04 9.978851078882784442e-01 2.071691033177834682e-04 6.500206562688559675e-02 1.445333500000000049e+00
4.993323735442468242e-02 2.399004154793886196e-03 -9.987496766389321046e-01 -1.622671799999999998e+00 -4.435323934384952788e-04 9.999970698501083888e-01 2.379825668705032229e-03 7.181000000000000534e-04 9.987524593643422044e-01 3.241454345479888137e-04 4.993415507860932134e-02 1.448640499999999998e+00
3.835156558843341723e-02 1.260463958318151908e-03 -9.992635131172987739e-01 -1.692728800000000033e+00 1.630243939745928830e-03 9.999977947166446279e-01 1.323958664207704108e-03 1.200200000000000008e-03 9.992629782602840960e-01 -1.679819174015439141e-03 3.834942614863490196e-02 1.452077999999999980e+00
3.019575281121529911e-02 1.184578767922525632e-03 -9.995433023562843022e-01 -1.770740900000000062e+00 -1.133154897426764344e-04 9.999992953768754855e-01 1.181695964485549987e-03 1.117799999999999957e-03 9.995439978669091730e-01 7.758153958389824804e-05 3.019586576571287040e-02 1.453983100000000084e+00
2.946465051514279149e-02 1.146668156656955196e-03 -9.995651652204367021e-01 -1.857053999999999983e+00 5.199053508716180863e-04 9.999991891555846113e-01 1.162491548107934345e-03 1.135900000000000017e-03 9.995656877206453572e-01 -5.539316851347855135e-04 2.946403046498513589e-02 1.456557199999999996e+00
3.021109694770050466e-02 1.312092988959409753e-03 -9.995426794455579689e-01 -1.954246200000000044e+00 -2.065781137307420683e-04 9.999991252587061563e-01 1.306448355482577820e-03 2.232200000000000156e-03 9.995435192860289142e-01 1.670144033885866911e-04 3.021134157050120450e-02 1.458062299999999922e+00
2.944921996272943307e-02 1.339810076531007966e-03 -9.995653797288829301e-01 -2.055933700000000197e+00 -4.317003357389993497e-04 9.999990254597137529e-01 1.327672566097582883e-03 2.352499999999999990e-03 9.995661844412341290e-01 3.924137885845495875e-04 2.944976965973800098e-02 1.461479500000000042e+00
3.050235627299792071e-02 2.682493973129893277e-03 -9.995310953081346650e-01 -2.165108200000000149e+00 -1.572969964458118420e-03 9.999952893143628785e-01 2.635737956375707770e-03 1.668599999999999901e-03 9.995334571825427172e-01 1.491836173273985077e-03 3.050643206843595134e-02 1.464128099999999932e+00
3.033152100711077742e-02 3.864425726389499223e-03 -9.995324232095725847e-01 -2.269158099999999845e+00 -2.386605014274996960e-03 9.999899556569765702e-01 3.793771430114664407e-03 1.761100000000000035e-03 9.995370443109654612e-01 2.270418235333705823e-03 3.034043920472528910e-02 1.468152399999999913e+00
3.126520314358827851e-02 3.944490934572940886e-03 -9.995033406965968537e-01 -2.378902699999999815e+00 -2.739642927200864730e-03 9.999887945797052424e-01 3.860708699127491598e-03 1.950799999999999930e-03 9.995073693720429864e-01 2.617576416296627743e-03 3.127565930053677334e-02 1.470599500000000059e+00
3.287947037707765474e-02 4.471315277886814266e-03 -9.994493222607182537e-01 -2.493411299999999997e+00 -3.703616617608851067e-03 9.999836721107325799e-01 4.351865793496174917e-03 1.357899999999999992e-03 9.994524619268657650e-01 3.558490075940423311e-03 3.289549356229193311e-02 1.473658799999999935e+00
3.386544386584315613e-02 5.253399916687099235e-03 -9.994125942277715113e-01 -2.612514299999999956e+00 -3.223373436195623755e-03 9.999815581052629021e-01 5.147165536623518611e-03 1.435499999999999927e-03 9.994212032849111305e-01 3.047168962484430102e-03 3.388175299263329610e-02 1.477359899999999948e+00
3.426519674495590723e-02 6.574777513389223893e-03 -9.993911489465366893e-01 -2.723345999999999822e+00 -4.069330026903817191e-03 9.999709890392752820e-01 6.439070813833320910e-03 1.434299999999999898e-03 9.994044911071598980e-01 3.846216382739345817e-03 3.429095761823430788e-02 1.481155400000000011e+00
3.501138542007545262e-02 5.488777763845465417e-03 -9.993718408128311470e-01 -2.829008799999999990e+00 -4.620794065630712787e-03 9.999751182574989627e-01 5.330209011271866935e-03 2.672599999999999802e-03 9.993762310327229947e-01 4.431273469323169199e-03 3.503587678751751699e-02 1.484399599999999930e+00
3.427228396403245170e-02 5.758126739576410226e-03 -9.993959448228412201e-01 -2.930020600000000197e+00 -3.192918487077645896e-03 9.999789299131095488e-01 5.651990920659426265e-03 2.311899999999999979e-03 9.994074323434979368e-01 2.997283150340308237e-03 3.428994707334909187e-02 1.488007800000000103e+00
3.447665825832621489e-02 7.291424624676857459e-03 -9.993789047014558502e-01 -3.033375500000000002e+00 -2.627080182797184894e-03 9.999705919707121415e-01 7.205112313952105260e-03 1.872299999999999919e-03 9.994020504707061825e-01 2.377040320685765238e-03 3.449479952488621048e-02 1.491457299999999986e+00
3.558047081047777810e-02 7.463691808595475027e-03 -9.993389432027011132e-01 -3.131961299999999948e+00 -3.230053610333330841e-03 9.999677467193300862e-01 7.353385257157396548e-03 2.123400000000000114e-03 9.993615946445908449e-01 2.966281451938091850e-03 3.560343134823917843e-02 1.493483200000000011e+00
1.643342841396856768e-02 7.980991805491253338e-03 -9.998331091739078857e-01 -3.265321999999999836e+00 -1.209574795631645355e-03 9.999675697488570325e-01 7.962184334628381183e-03 2.953799999999999915e-03 9.998642304630047661e-01 1.078526942412844167e-03 1.644254908029008089e-02 1.497443700000000044e+00
1.456844571828907163e-02 8.228633089904091938e-03 -9.998600151955396864e-01 -3.307547599999999921e+00 -2.979385946684631054e-04 9.999661283708053405e-01 8.225165268603260721e-03 3.237600000000000200e-03 9.998938301749575874e-01 1.780690140529448892e-04 1.457040388867658631e-02 1.497834000000000110e+00
1.336356058788596736e-02 7.829039996652020772e-03 -9.998800534969904952e-01 -3.388291600000000070e+00 -7.576828743040653173e-04 9.999691393241918469e-01 7.819610981181716880e-03 4.092700000000000331e-03 9.999104165699423952e-01 6.530941477721824082e-04 1.336908010890269782e-02 1.499694700000000047e+00
1.235629963909780533e-02 6.518448229081732354e-03 -9.999024110841583379e-01 -3.466528400000000065e+00 -1.196333162517712340e-03 9.999781321176484106e-01 6.504158167142478145e-03 5.692700000000000191e-03 9.999229423541560191e-01 1.115849086448100769e-03 1.236382766877563988e-02 1.501014700000000035e+00
1.262421319552811325e-02 6.367728545024256212e-03 -9.999000356407490298e-01 -3.547416899999999984e+00 -1.199787160058310258e-03 9.999790991977439703e-01 6.353084167479353464e-03 7.066300000000000185e-03 9.999195916432304099e-01 1.119464535124221980e-03 1.263158925829155343e-02 1.501716700000000015e+00
1.299625681304231693e-02 7.241692958689070064e-03 -9.998893214711023214e-01 -3.627194900000000111e+00 -1.807513765106729883e-03 9.999723105233609965e-01 7.218800493135613984e-03 7.138499999999999880e-03 9.999139113957952185e-01 1.713496327051338385e-03 1.300898641319836457e-02 1.502707699999999980e+00
1.152470524518674211e-02 6.188136558455275410e-03 -9.999144404072507486e-01 -3.711579299999999915e+00 -2.992887690694227137e-06 9.999808509652556854e-01 6.188513056121652985e-03 7.909899999999999223e-03 9.999335883747749731e-01 -6.832815725734981555e-05 1.152450307860330980e-02 1.505351300000000059e+00
1.249826639527557882e-02 5.972601072540642021e-03 -9.999040560841530034e-01 -3.842776999999999887e+00 -5.957680469505918439e-04 9.999820280575477671e-01 5.965620030483473855e-03 9.196299999999999267e-03 9.999217161345916871e-01 5.211509782772566837e-04 1.250160006202738483e-02 1.505724000000000062e+00
1.205008580618601929e-02 5.939591735786913310e-03 -9.999097542688919482e-01 -3.929756199999999922e+00 -4.059599521508009193e-05 9.999823599895545367e-01 5.939533793670574019e-03 9.656100000000000794e-03 9.999273942562174611e-01 -3.097956026266090665e-05 1.205011436618419474e-02 1.506460099999999969e+00
1.139321655360199873e-02 5.438579903714003613e-03 -9.999203050569545059e-01 -4.020607899999999901e+00 1.102741123755550477e-03 9.999845324679292879e-01 5.451494007234849309e-03 9.695699999999999805e-03 9.999344871433208937e-01 -1.164763292629587745e-03 1.138704298294490602e-02 1.507639799999999974e+00
1.177162284070540008e-02 5.146061653172230230e-03 -9.999174700669838378e-01 -4.118948900000000357e+00 8.850857740599592238e-04 9.999863117406745383e-01 5.156835701764765460e-03 1.065080000000000020e-02 9.999303203318060662e-01 -9.457170529229711256e-04 1.176690700171756365e-02 1.508906800000000104e+00
1.177817901431886874e-02 5.996436037783003242e-03 -9.999126548123846714e-01 -4.219537299999999824e+00 4.418178898882730438e-04 9.999818898993602101e-01 6.002055502585661520e-03 1.158039999999999937e-02 9.999305372354914123e-01 -5.124725833851196538e-04 1.177531637759454686e-02 1.510145400000000082e+00
1.203714979857098410e-02 5.854068478921834948e-03 -9.999104144406991690e-01 -4.317234000000000016e+00 6.123012289498061533e-04 9.999826316779411028e-01 5.861862303402850388e-03 1.345939999999999984e-02 9.999273634179293158e-01 -6.828064902464066159e-04 1.203335628015256287e-02 1.510309799999999925e+00
1.228539278062966249e-02 4.779790592850542003e-03 -9.999131075879112984e-01 -4.410541099999999659e+00 -2.816442021105263968e-04 9.999885518851385768e-01 4.776690821798813130e-03 1.504020000000000010e-02 9.999244920496590527e-01 2.229362064290279187e-04 1.228659833634981879e-02 1.510620800000000097e+00
1.245113534437368788e-02 2.752178439282191007e-03 -9.999186940659100520e-01 -4.508867300000000355e+00 4.565292195398470282e-05 9.999962095555975372e-01 2.752960270019213628e-03 1.694630000000000095e-02 9.999224805675924754e-01 -7.992669102021470254e-05 1.245096250404997829e-02 1.511538300000000001e+00
1.165673136114304433e-02 2.752333517110250490e-03 -9.999282700645006905e-01 -4.558478400000000264e+00 7.048877481361823065e-04 9.999959407238373510e-01 2.760737059239387354e-03 1.650170000000000109e-02 9.999318095486495750e-01 -7.370183568417799577e-04 1.165474395707633004e-02 1.512146200000000107e+00
1.159071300969972095e-02 3.235667559092623123e-03 -9.999275902921039849e-01 -4.609370700000000376e+00 -2.636823013377898994e-04 9.999947396323818349e-01 3.232828360568495291e-03 1.668040000000000148e-02 9.999327906632379248e-01 2.261924224424051184e-04 1.159150522655671978e-02 1.513024799999999948e+00
1.149185647697405048e-02 5.103027232523719460e-03 -9.999209450490457174e-01 -4.659808199999999623e+00 1.536679805906344259e-04 9.999869569308887929e-01 5.105130189581655320e-03 1.653879999999999934e-02 9.999339546294366832e-01 -2.123232558109045161e-04 1.149092241600613296e-02 1.512870900000000018e+00
1.225849066987064889e-02 4.855029020812881221e-03 -9.999130752718976556e-01 -4.708730700000000269e+00 -5.831111337694645617e-04 9.999880771822352576e-01 4.848244505129195234e-03 1.669630000000000072e-02 9.999246918582931354e-01 5.236282869613305066e-04 1.226117553559713524e-02 1.513240900000000000e+00
1.254544455908848666e-02 5.460554734470538484e-03 -9.999063927002399543e-01 -4.755396799999999757e+00 4.198246872084351877e-04 9.999849718093801743e-01 5.466251240569448139e-03 1.719209999999999836e-02 9.999212146804600243e-01 -4.883619404377056647e-04 1.254296354807282743e-02 1.513773000000000035e+00
1.172827910420548396e-02 5.768127499444136719e-03 -9.999145844392931526e-01 -4.801088299999999975e+00 1.300137615471254945e-03 9.999824286774151583e-01 5.783768546476653755e-03 1.726760000000000100e-02 9.999303761319759953e-01 -1.367860215275036768e-03 1.172057366329715133e-02 1.514874199999999949e+00
1.196505986765531923e-02 5.619241505837048109e-03 -9.999126269166037639e-01 -4.844200599999999746e+00 1.505251431329422251e-03 9.999829754219082822e-01 5.637648842875457242e-03 1.754819999999999991e-02 9.999272831363751335e-01 -1.572574718788404425e-03 1.195639779623958177e-02 1.515406500000000101e+00
1.212824343930014870e-02 5.755616353943743962e-03 -9.999098852353961453e-01 -4.886518999999999835e+00 1.171499460528188825e-03 9.999826657817451059e-01 5.770244799731801509e-03 1.759830000000000075e-02 9.999257638945456828e-01 -1.241376824765572442e-03 1.212129050422772192e-02 1.515675200000000000e+00
1.176289372767988332e-02 5.422272565599136653e-03 -9.999161131271840919e-01 -4.971186199999999999e+00 1.217080856578668831e-03 9.999844789647902576e-01 5.436960888736235009e-03 1.818180000000000143e-02 9.999300740778525043e-01 -1.280933152607402568e-03 1.175611181125346683e-02 1.517149400000000092e+00
1.120277616166953823e-02 5.130847358865030586e-03 -9.999240832241473864e-01 -5.013492600000000188e+00 1.353450551088088540e-03 9.999858416406058881e-01 5.146327810668722275e-03 1.877209999999999990e-02 9.999363309620654672e-01 -1.411000960003470309e-03 1.119567320055303572e-02 1.517555399999999999e+00
1.137781668911899170e-02 5.358628923446369548e-03 -9.999209120642740256e-01 -5.092295599999999922e+00 1.809888105598484983e-03 9.999838921864461216e-01 5.379560641090299147e-03 1.946979999999999891e-02 9.999336325939007786e-01 -1.870952620126642907e-03 1.136793489861820383e-02 1.518448400000000031e+00
1.072606655681152335e-02 5.817732851448601666e-03 -9.999255499689405635e-01 -5.164385300000000178e+00 2.307107879768531111e-03 9.999802692804115045e-01 5.842799252651046001e-03 1.906269999999999840e-02 9.999398125634613166e-01 -2.369606369177248463e-03 1.071243278649602892e-02 1.519825299999999935e+00
1.151212203426135554e-02 5.671498032179207727e-03 -9.999176491873418282e-01 -5.231116300000000052e+00 2.341849021163796857e-03 9.999810194205263070e-01 5.698819337981203721e-03 1.898549999999999890e-02 9.999309910135953938e-01 -2.407261671663830406e-03 1.149862173539895061e-02 1.519780600000000037e+00
1.115860958969153854e-02 5.941803453859343179e-03 -9.999200870088271742e-01 -5.293144700000000036e+00 1.672175111787848646e-03 9.999808360137405483e-01 5.960825081819783045e-03 1.946379999999999985e-02 9.999363426050782433e-01 -1.738556003193369223e-03 1.114846001039604406e-02 1.520523899999999928e+00
-3.016263306143059618e-03 5.502576381432786740e-03 -9.999803117106030870e-01 -5.353820299999999754e+00 2.563498682173601887e-03 9.999816173732902769e-01 5.494851226835986875e-03 1.971509999999999929e-02 9.999921652843960507e-01 -2.546874293141459210e-03 -3.030313706603005031e-03 1.520701499999999928e+00
-3.994684979944302002e-03 5.434957662419871369e-03 -9.999772516048147653e-01 -5.413705799999999790e+00 2.569866972656325785e-03 9.999819839504698882e-01 5.424717340571138906e-03 1.991180000000000033e-02 9.999887190741975074e-01 -2.548138475426036352e-03 -4.008580129696293071e-03 1.520315899999999942e+00
-1.179496279923231659e-02 5.444514624185375386e-03 -9.999156144960795745e-01 -5.470985899999999624e+00 2.125892252109017576e-03 9.999830530049487187e-01 5.419804888960887829e-03 2.011850000000000097e-02 9.999281771380871264e-01 -2.061786460575652617e-03 -1.180633736151215363e-02 1.519144100000000108e+00
-1.887141236230568953e-02 6.429639544139022916e-03 -9.998012450136198881e-01 -5.524373999999999896e+00 2.542722453388802494e-03 9.999763971158750486e-01 6.382771629849463141e-03 1.968200000000000158e-02 9.998186857415584106e-01 -2.421765159180896531e-03 -1.888731573138247022e-02 1.518772199999999906e+00
-4.648897784518055826e-02 6.296727496650642714e-03 -9.988989569329539409e-01 -5.576021199999999567e+00 3.656936930326809901e-03 9.999745043185527260e-01 6.133312738826153174e-03 1.989109999999999837e-02 9.989121091223182036e-01 -3.367779045240196570e-03 -4.651081931233336242e-02 1.516629100000000063e+00
-6.782241566517994980e-02 5.692917805658490905e-03 -9.976811668164320412e-01 -5.627863900000000363e+00 3.587745473581657220e-03 9.999786463677668991e-01 5.462132450354137414e-03 1.998010000000000064e-02 9.976909581707935626e-01 -3.208971072857134954e-03 -6.784139215034745707e-02 1.512956900000000049e+00
-1.016635807790377266e-01 5.631247098111168310e-03 -9.948028977638253556e-01 -5.681653999999999982e+00 3.481535730275586542e-03 9.999798690246447519e-01 5.304757714846832124e-03 2.020040000000000030e-02 9.948127438126949107e-01 -2.924141168689894411e-03 -1.016811395799765982e-01 1.507301699999999967e+00
-1.125070150351747261e-01 6.236058986265456509e-03 -9.936313617917837959e-01 -5.736468300000000298e+00 5.022898818805518646e-03 9.999710992512792496e-01 5.707113950528149016e-03 2.027349999999999985e-02 9.936382350007124664e-01 -4.348819438432544038e-03 -1.125350865915200060e-01 1.501346899999999929e+00
-1.186550214875236181e-01 6.110997096099537139e-03 -9.929167344698580644e-01 -5.790027099999999649e+00 3.938436707080830539e-03 9.999760913065202095e-01 5.683795531002306528e-03 2.105380000000000099e-02 9.929277287859875623e-01 -3.236128833249149808e-03 -1.186762523762652233e-01 1.495345600000000053e+00
-1.457140780955516191e-01 6.203081575929157709e-03 -9.893072976703070065e-01 -5.840663400000000394e+00 5.052831552389664208e-03 9.999719672413358573e-01 5.525723916001659686e-03 2.080699999999999911e-02 9.893138411738038318e-01 -4.193627362447157475e-03 -1.457413364542753387e-01 1.487577600000000055e+00
-1.668248715736100063e-01 5.431252175196194486e-03 -9.859715836291924607e-01 -5.891711700000000107e+00 3.982910424242691420e-03 9.999803817389917304e-01 4.834517731144486082e-03 2.112589999999999954e-02 9.859784980662613663e-01 -3.120518698825265093e-03 -1.668432309506421296e-01 1.478787099999999910e+00
-1.993921344649719207e-01 5.988929804228099521e-03 -9.799014794525531258e-01 -5.941803499999999794e+00 4.682305903181357282e-03 9.999757308195901251e-01 5.158854839550960046e-03 2.158519999999999883e-02 9.799085940662686234e-01 -3.559563403923818835e-03 -1.994153373826643705e-01 1.468920000000000003e+00
-2.081183565056489160e-01 5.811238680386833499e-03 -9.780863863638973310e-01 -5.989350800000000419e+00 4.034795604164548993e-03 9.999789426467945441e-01 5.082783433463335110e-03 2.215939999999999924e-02 9.780953277210866492e-01 -2.888558117547712287e-03 -2.081374212441897686e-01 1.458372500000000072e+00
-2.569143610724869964e-01 6.368237712687127745e-03 -9.664131914575415649e-01 -6.034523000000000081e+00 6.070055389657598270e-03 9.999691980726690410e-01 4.975674172380799114e-03 2.241929999999999965e-02 9.664151103445572932e-01 -4.587859450540962732e-03 -2.569451031706574406e-01 1.446847800000000017e+00
-4.125999244129071042e-01 7.587684472377374117e-03 -9.108807437962503917e-01 -6.096484700000000423e+00 8.676725674581886594e-03 9.999526788310444392e-01 4.399378386344312240e-03 2.237590000000000065e-02 9.108710209497449251e-01 -6.088279146509730823e-03 -4.126462359588449758e-01 1.420606400000000047e+00
-5.566475633072944795e-01 8.453630734712480263e-03 -8.307057399533560593e-01 -6.133670300000000353e+00 1.095956718797040132e-02 9.999359320720085931e-01 2.831896596926238453e-03 2.306580000000000089e-02 8.306764581659359381e-01 -7.527807030234263952e-03 -5.567045481853113431e-01 1.395726000000000022e+00
-6.200382495013064821e-01 6.876590090112938078e-03 -7.845414467471347741e-01 -6.165667499999999634e+00 7.329176821239536191e-03 9.999687233845585554e-01 2.972443402182488661e-03 2.298439999999999858e-02 7.845373492208498334e-01 -3.907014382969893965e-03 -6.200692565481153995e-01 1.368036899999999889e+00
-6.296241818420218461e-01 5.839052220092197897e-03 -7.768779151893397961e-01 -6.197654700000000183e+00 6.406559906320856944e-03 9.999767780531290118e-01 2.323648994517542310e-03 2.348770000000000024e-02 7.768734424794881965e-01 -3.514089306497015890e-03 -6.296469689805666015e-01 1.341288000000000036e+00
-6.330634630984207645e-01 5.117449018689660539e-03 -7.740829822476240629e-01 -6.228531399999999607e+00 6.062153344733848051e-03 9.999802586187159781e-01 1.653078845902279746e-03 2.369550000000000128e-02 7.740761603270438496e-01 -3.646105920972348476e-03 -6.330819883119038760e-01 1.316019999999999968e+00
-6.401310944590701268e-01 5.058933204384575069e-03 -7.682490410677171866e-01 -6.272103800000000007e+00 5.451890663609708018e-03 9.999830529980028304e-01 2.042205911621174010e-03 2.390820000000000098e-02 7.682463529329803809e-01 -2.881130269007353261e-03 -6.401478269068386906e-01 1.279491900000000015e+00
-6.474311870380476952e-01 4.484914098849102949e-03 -7.621107161010337583e-01 -6.299575299999999878e+00 4.794262947428826020e-03 9.999868658695989510e-01 1.811941248432792206e-03 2.399290000000000103e-02 7.621088328403596845e-01 -2.480651894725591309e-03 -6.474441854498979021e-01 1.255599300000000085e+00
-6.548455241844445274e-01 4.473382796353135051e-03 -7.557495142584989001e-01 -6.326132300000000264e+00 5.171945865121737977e-03 9.999855919854897524e-01 1.437636045000555748e-03 2.394680000000000072e-02 7.557450565048824398e-01 -2.967266045862163980e-03 -6.548592252542868586e-01 1.232796000000000003e+00
-6.619739599729157487e-01 4.482355626456309937e-03 -7.495134320382887960e-01 -6.351330800000000387e+00 5.398128674297832282e-03 9.999846947765157479e-01 1.212608566015664895e-03 2.419419999999999904e-02 7.495073959105356121e-01 -3.243254654914798276e-03 -6.619880246459531881e-01 1.210215299999999994e+00
-6.838253173743998881e-01 5.076964523186159109e-03 -7.296280968747235196e-01 -6.398745100000000186e+00 6.205325257098100872e-03 9.999800942669687664e-01 1.142369588985788376e-03 2.389579999999999829e-02 7.296193728624906782e-01 -3.746398411078072799e-03 -6.838432095463774507e-01 1.166307100000000041e+00
-6.936606193086870542e-01 4.607953257371628052e-03 -7.202872426935432726e-01 -6.422749999999999737e+00 6.138163478459830215e-03 9.999810431941594802e-01 4.860055886883674417e-04 2.386519999999999961e-02 7.202758278391695468e-01 -4.084117909464982446e-03 -6.936757540894025187e-01 1.142594099999999946e+00
-7.002819530989378149e-01 5.266290886178908760e-03 -7.138469390172088591e-01 -6.447434399999999677e+00 6.253560114201572699e-03 9.999796744289776163e-01 1.242463204277184435e-03 2.378869999999999943e-02 7.138389728431997483e-01 -3.594010186138108312e-03 -7.003006525349999567e-01 1.118202900000000000e+00
-7.285514185976882384e-01 5.684587553377888278e-03 -6.849675291016679157e-01 -6.471841300000000352e+00 7.070772287948664386e-03 9.999746989937309261e-01 7.781719920729667731e-04 2.392620000000000163e-02 6.849546223207405582e-01 -4.276311114178995773e-03 -7.285731799378197815e-01 1.091868199999999955e+00
-7.817983761836114764e-01 6.132711095605980489e-03 -6.235011538492013505e-01 -6.493953699999999607e+00 7.901179508264662490e-03 9.999687826344377806e-01 -7.154703836443655762e-05 2.374280000000000140e-02 6.234812510084372095e-01 -4.982329898586746429e-03 -7.818224261491448779e-01 1.062279699999999938e+00
-8.046604516089820303e-01 5.064897759871610575e-03 -5.937136552473014639e-01 -6.516848099999999810e+00 6.470428720769656056e-03 9.999790380727419103e-01 -2.386782002613938199e-04 2.364689999999999848e-02 5.937000009841661985e-01 -4.033636795236824474e-03 -8.046763564350611908e-01 1.029688500000000007e+00
-8.204502510696425333e-01 5.145007229123355758e-03 -5.716947738263591372e-01 -6.540808700000000364e+00 6.048751424916135044e-03 9.999816553421332355e-01 3.187246566487866081e-04 2.326719999999999830e-02 5.716859261219915389e-01 -3.196541853229714972e-03 -8.204663210602982648e-01 9.944062999999999652e-01
-8.278976563676662126e-01 5.725589537913072270e-03 -5.608499694261988022e-01 -6.566056299999999624e+00 6.168280640524965476e-03 9.999803673558096406e-01 1.103275522998222119e-03 2.286730000000000013e-02 5.608452753610968511e-01 -2.546080788832601714e-03 -8.279167195906550480e-01 9.571228999999999987e-01
-8.344219370051042528e-01 6.537282694440360413e-03 -5.510873750864038190e-01 -6.590648200000000401e+00 7.200508251830490918e-03 9.999736155332556997e-01 9.596448634410427881e-04 2.293229999999999921e-02 5.510791084096411385e-01 -3.167360465999781438e-03 -8.344469929852424972e-01 9.198387999999999565e-01
-8.383998158978125392e-01 7.170146563444900617e-03 -5.450085666306282439e-01 -6.614037500000000236e+00 7.421631592417409981e-03 9.999709476123962437e-01 1.738768435663629649e-03 2.255769999999999997e-02 5.450052000550266174e-01 -2.587069659894685337e-03 -8.384286725676516339e-01 8.835180000000000256e-01
-8.441949345621280187e-01 6.766337407552469943e-03 -5.359935905752345464e-01 -6.635611500000000440e+00 7.191218836031411724e-03 9.999733012831139023e-01 1.297340588669943211e-03 2.291819999999999968e-02 5.359880584782624746e-01 -2.759238851179719818e-03 -8.442210538535895870e-01 8.486666999999999961e-01
-8.572176681755123706e-01 6.529263737319823679e-03 -5.149128451328306433e-01 -6.655757000000000367e+00 6.967526646628967313e-03 9.999751426297790458e-01 1.080599362162485994e-03 2.304880000000000123e-02 5.149071012718375862e-01 -2.661360103689659924e-03 -8.572418528176471986e-01 8.147313999999999945e-01
-8.626690493500182022e-01 6.674222521421662412e-03 -5.057247927947279287e-01 -6.674459500000000212e+00 7.404407588517508167e-03 9.999724265416637392e-01 5.664844570016276410e-04 2.316100000000000103e-02 5.057146290565450730e-01 -3.255903885477572438e-03 -8.626946812448129664e-01 7.825254000000000376e-01
-8.675265715369634423e-01 6.872129014149938424e-03 -4.973433638042576987e-01 -6.691813500000000303e+00 7.524017597241608631e-03 9.999714540634062621e-01 6.929772820044809677e-04 2.278710000000000110e-02 4.973339289014150344e-01 -3.140844015524219771e-03 -8.675535131980920411e-01 7.516089000000000242e-01
-8.721287276461685556e-01 7.089234425152968200e-03 -4.892251272875717816e-01 -6.708514700000000275e+00 7.750728071724423407e-03 9.999697359938072294e-01 6.732836206108114372e-04 2.286089999999999997e-02 4.892150944407110402e-01 -3.204660940072424219e-03 -8.721572802652202139e-01 7.211102999999999819e-01
-8.764392928157450635e-01 7.378931282348354798e-03 -4.814558311847176308e-01 -6.724780599999999886e+00 8.081360974602363328e-03 9.999671564425747228e-01 6.145249787457202940e-04 2.287199999999999997e-02 4.814445530000677764e-01 -3.352224527341409691e-03 -8.764701392388011270e-01 6.913519999999999666e-01
-8.866396084688368262e-01 7.860721754830338193e-03 -4.623942189817268344e-01 -6.739728500000000011e+00 8.736319604339532613e-03 9.999618069960015676e-01 2.475258818216811724e-04 2.265069999999999931e-02 4.623785044895565299e-01 -3.820157429279047445e-03 -8.866744188162963836e-01 6.627264000000000488e-01
-9.129530971321246913e-01 8.236777893359739297e-03 -4.079813695829720976e-01 -6.753514299999999970e+00 9.513831087517953325e-03 9.999541361032152631e-01 -1.101230271303918051e-03 2.288099999999999856e-02 4.079535873783933231e-01 -4.886837423909192249e-03 -9.129895888590914277e-01 6.289053999999999478e-01
-9.248786157938626573e-01 6.901578013940147006e-03 -3.801998346503404624e-01 -6.769290400000000041e+00 7.919175362715922054e-03 9.999680241485513488e-01 -1.112358762543111694e-03 2.283100000000000060e-02 3.801800004061277605e-01 -4.039665996038690338e-03 -9.249036968192079211e-01 5.897004999999999608e-01
-9.416757410804471595e-01 7.854357226075518728e-03 -3.364299447628831818e-01 -6.783580800000000188e+00 8.677967722198757367e-03 9.999618996282785277e-01 -9.445464610830277621e-04 2.298009999999999983e-02 3.364097078516074535e-01 -3.808984690158684176e-03 -9.417080227431573469e-01 5.488916999999999824e-01
-9.477119897309960184e-01 6.809603258319613973e-03 -3.190542490291888855e-01 -6.797670799999999680e+00 7.872602379966085751e-03 9.999669251705851636e-01 -2.042228354606759853e-03 2.305439999999999920e-02 3.190297895994703703e-01 -4.447231537674916149e-03 -9.477342536174193643e-01 5.061482000000000481e-01
