9.999999859091001086e-01 -2.220084848300758594e-05 -1.663998856033098331e-04 -6.519999999999999917e-05 2.219915120301958945e-05 9.999999997015599495e-01 -1.020184696785804533e-05 -1.000000000000000082e-05 1.664001120433082582e-04 1.019815288788416764e-05 9.999999861035000492e-01 -4.860000000000000225e-05
9.980467940954399486e-01 2.557134086881021878e-03 -6.241840963270495202e-02 -4.104199999999999689e-03 -2.744668892603829412e-03 9.999919733132422994e-01 -2.918921334621139060e-03 1.637999999999999916e-03 6.241044454644123496e-02 3.084537947480099195e-03 9.980458015728367327e-01 3.716989999999999877e-02
9.970650261902522793e-01 2.047875761801748202e-03 -7.653195249760488816e-02 -4.848599999999999785e-03 -2.163429624434823426e-03 9.999966416153438509e-01 -1.427000453230052330e-03 4.538000000000000258e-04 7.652877315422967897e-02 1.588383737522481090e-03 9.970661080974574375e-01 5.269879999999999703e-02
9.948316124868658017e-01 1.768547847147482460e-03 -1.015230763683552390e-01 -6.620400000000000243e-03 -1.959024874401292873e-03 9.999965030853651404e-01 -1.776524298391948548e-03 7.418000000000000331e-04 1.015195794826003889e-01 1.966228764322710144e-03 9.948315982748650033e-01 6.979459999999999831e-02
9.896389373007183909e-01 9.186298611475413132e-04 -1.435755198405455346e-01 -9.208499999999999672e-03 -1.173129914494553403e-03 9.999978873071084795e-01 -1.687941800945304965e-03 6.581999999999999526e-04 1.435736659158231288e-01 1.838885667427022676e-03 9.896379241697408347e-01 8.714479999999999449e-02
9.855049797737662765e-01 2.065151167062779722e-03 -1.696339293648698732e-01 -1.220420000000000012e-02 -2.380249883190805292e-03 9.999957990351450166e-01 -1.654183350027786962e-03 5.192000000000000434e-04 1.696298006000185321e-01 2.033977069467163973e-03 9.855057552778060392e-01 1.051592999999999972e-01
9.846909059688890853e-01 2.822000382502757188e-03 -1.742867063662903726e-01 -1.560880000000000080e-02 -3.181287109480462113e-03 9.999933516771324360e-01 -1.782137441943521970e-03 8.109999999999999805e-04 1.742805184594521106e-01 2.309310584585331280e-03 9.846933370192612056e-01 1.233211000000000029e-01
9.777945131960092962e-01 2.016511215093864939e-03 -2.095562541331053297e-01 -2.256750000000000075e-02 -2.327966877628263355e-03 9.999965219566089303e-01 -1.239614820093137490e-03 5.146999999999999882e-04 2.095530255901734418e-01 1.699928588185248193e-03 9.777958067555818644e-01 1.587816999999999978e-01
9.742901436933728565e-01 3.302211454727821145e-03 -2.252727486880187202e-01 -2.685370000000000118e-02 -3.772270583465663681e-03 9.999915134087715707e-01 -1.656226155977263883e-03 7.546999999999999672e-04 2.252653676813017869e-01 2.463434582628076883e-03 9.742943321263164425e-01 1.770605000000000095e-01
9.735860547413276445e-01 3.813311082129438884e-03 -2.282885294354653760e-01 -3.117610000000000173e-02 -4.333547284809749663e-03 9.999890301441445306e-01 -1.777627436647446438e-03 6.601000000000000530e-04 2.282792464967999535e-01 2.719972419733798687e-03 9.735918998065303809e-01 1.953197999999999879e-01
9.651060056564382261e-01 3.467470644216618693e-03 -2.618365415544716690e-01 -4.030349999999999905e-02 -4.123821668608969142e-03 9.999895814973716046e-01 -1.957291893726969927e-03 8.237000000000000181e-04 2.618270267575916188e-01 2.968761365154524989e-03 9.651102499275594493e-01 2.306418000000000079e-01
9.528211850824858109e-01 1.999750878645115224e-03 -3.035256006573920362e-01 -4.570810000000000151e-02 -2.867006182283989620e-03 9.999929820068735875e-01 -2.411682514588650832e-03 7.433999999999999636e-04 3.035186477525853577e-01 3.168111965159271879e-03 9.528202314880903634e-01 2.477775999999999867e-01
9.443081640296286938e-01 4.035674935404179840e-03 -3.290376949147430508e-01 -5.207110000000000211e-02 -5.038474083110326164e-03 9.999848976262695199e-01 -2.195062252629966654e-03 8.287999999999999794e-04 3.290238671067884924e-01 3.730663103906039536e-03 9.443142363783887383e-01 2.654786000000000090e-01
9.391624754492595706e-01 4.136387648200008475e-03 -3.434483003382643451e-01 -5.846839999999999676e-02 -5.036819812446881144e-03 9.999858191882348146e-01 -1.729701885259034202e-03 5.911000000000000022e-04 3.434362752450529355e-01 3.354358308044102805e-03 9.391699916022367978e-01 2.830200999999999967e-01
9.295345046771158470e-01 4.255326848875177863e-03 -3.687105867860024921e-01 -6.532509999999999706e-02 -5.399546706609133044e-03 9.999832766095351211e-01 -2.071568637841835966e-03 8.308999999999999763e-04 3.686956054932472582e-01 3.916464562253239336e-03 9.295419365447158411e-01 3.006029000000000062e-01
8.865259679878183530e-01 2.514371750908882003e-03 -4.626720069530466106e-01 -8.071830000000000671e-02 -3.551070904787908145e-03 9.999927567605099155e-01 -1.369789014732139716e-03 1.104799999999999966e-03 4.626652115500914930e-01 2.857334634575282514e-03 8.865284753802864515e-01 3.331614999999999993e-01
8.112573463682528629e-01 4.768842586102274052e-03 -5.846698009166624299e-01 -1.175998999999999933e-01 -5.811925332335478485e-03 9.999831063864379477e-01 9.200902908486005560e-05 1.134699999999999988e-03 5.846603625075605937e-01 3.323414226221788927e-03 8.112713574571759345e-01 3.867613999999999774e-01
7.881716633009602235e-01 5.109250797576824973e-03 -6.154342570296891246e-01 -1.363372999999999946e-01 -6.374394075503079723e-03 9.999796737990181983e-01 1.381628726739793540e-04 1.017399999999999902e-03 6.154224534980570205e-01 3.814124420709800230e-03 7.881882111433380356e-01 4.111457000000000028e-01
7.808033466689727753e-01 5.591802940904841770e-03 -6.247518431908800629e-01 -1.551799000000000095e-01 -6.529442922595262225e-03 9.999783710084039212e-01 7.898673935545911292e-04 1.075100000000000057e-03 6.247427472213282762e-01 3.462550396588913622e-03 7.808229700380865390e-01 4.352661999999999920e-01
7.567373943979790463e-01 5.251099249676654743e-03 -6.536978980205058187e-01 -1.749586999999999948e-01 -6.959653954221513977e-03 9.999757810282553505e-01 -2.395345896674455285e-05 1.476899999999999958e-03 6.536819403475936374e-01 4.567637638950017287e-03 7.567556128300629847e-01 4.586367000000000083e-01
7.336364161312768362e-01 3.989780110829515766e-03 -6.795304927526969463e-01 -1.958910000000000096e-01 -5.659415242052686160e-03 9.999839568804002043e-01 -2.387486875107432127e-04 1.965300000000000120e-03 6.795186384089652032e-01 4.020899959585613748e-03 7.336472261368818248e-01 4.817267000000000077e-01
6.907340058257065429e-01 5.562344684358695897e-03 -7.230875420843489998e-01 -2.176966999999999930e-01 -7.445859536231127195e-03 9.999721112472365059e-01 5.795718344400093563e-04 1.712600000000000103e-03 7.230705998529738388e-01 4.983678295892175411e-03 6.907561585530046511e-01 5.026226000000000305e-01
6.625427270171470040e-01 4.936448183191836231e-03 -7.490078546691062433e-01 -2.404513000000000067e-01 -5.838138172509199295e-03 9.999819406793061249e-01 1.426344252752635407e-03 1.698000000000000074e-03 7.490013691705516008e-01 3.427797336968966407e-03 6.625595816121412351e-01 5.234164000000000039e-01
6.493934518021716729e-01 4.946343057866308714e-03 -7.604365052039615547e-01 -2.639731000000000161e-01 -6.299184736387836332e-03 9.999795269637293815e-01 1.125133348869863069e-03 1.791199999999999954e-03 7.604265020553383492e-01 4.059475797412565555e-03 6.494113146751701038e-01 5.434284999999999810e-01
6.420465994004760368e-01 5.167983435828463722e-03 -7.666481958144111264e-01 -2.879888999999999921e-01 -6.078207059284767601e-03 9.999801653503282983e-01 1.650546841080776121e-03 1.935499999999999938e-03 7.666415196147604583e-01 3.600118489319973671e-03 6.420652767045059717e-01 5.637642000000000486e-01
6.292102673633402921e-01 4.980437146999909526e-03 -7.772191677322287662e-01 -3.121917000000000164e-01 -5.691730341385575070e-03 9.999821818080913971e-01 1.800075567917272610e-03 1.923299999999999966e-03 7.772142842551689190e-01 3.291095889524527345e-03 6.292274032792686267e-01 5.838638000000000439e-01
5.978543771927150585e-01 4.941657904962657236e-03 -8.015894982400039170e-01 -3.371606999999999799e-01 -5.507182399450402666e-03 9.999827191587636888e-01 2.057261739416031340e-03 2.205599999999999835e-03 8.015858123828852877e-01 3.184556640350655159e-03 5.978712603775786505e-01 6.028270999999999491e-01
5.873349389639190843e-01 5.787378593984154537e-03 -8.093232825770301231e-01 -3.631616999999999762e-01 -4.944875672673420056e-03 9.999814292889666056e-01 3.562201815910858056e-03 1.866700000000000000e-03 8.093288686787535324e-01 1.909797425218186587e-03 5.873526496041057143e-01 6.220286999999999900e-01
5.812553248074626699e-01 6.327171997732973854e-03 -8.136966352870597108e-01 -3.877790999999999877e-01 -5.850578103983030895e-03 9.999764182001362745e-01 3.596356416608217747e-03 2.169400000000000148e-03 8.137002016214697209e-01 2.670194400636125703e-03 5.812786353746732804e-01 6.397969000000000017e-01
5.742158869350233452e-01 5.430987247170248645e-03 -8.186859102054617754e-01 -4.116980000000000084e-01 -5.911572324251998002e-03 9.999794329946647409e-01 2.487348050444163940e-03 2.338999999999999933e-03 8.186825810435198747e-01 3.411446202123768513e-03 5.742361827077169245e-01 6.568235000000000046e-01
5.675627105395136818e-01 3.999692966247058064e-03 -8.233204552670946308e-01 -4.383524999999999783e-01 -4.905858329823364720e-03 9.999868768361623861e-01 1.476045224734903044e-03 2.578899999999999856e-03 8.233155544255724712e-01 3.201345284956594317e-03 5.675748842481302958e-01 6.756197000000000452e-01
5.530092309296968933e-01 4.234265844270128712e-03 -8.331643664363623802e-01 -4.682019000000000042e-01 -4.948490218245624531e-03 9.999861405509647971e-01 1.797540137523042248e-03 2.386000000000000100e-03 8.331604305000959165e-01 3.128849428484274057e-03 5.530225197495566292e-01 6.953825000000000145e-01
5.517879749777677700e-01 4.053575657990262336e-03 -8.339745794652970723e-01 -5.021746999999999739e-01 -5.566342289047288873e-03 9.999838144419429531e-01 1.177577030620344982e-03 2.740799999999999834e-03 8.339658545189096994e-01 3.992415124561780188e-03 5.518016075710705515e-01 7.177936999999999790e-01
5.522669487750004880e-01 5.045242830317271665e-03 -8.336520634026729493e-01 -5.390350000000000419e-01 -6.694397482817932704e-03 9.999762848696241990e-01 1.617015982064138853e-03 2.780400000000000146e-03 8.336404514735913374e-01 4.687773792253854648e-03 5.522876265532116191e-01 7.421343999999999719e-01
5.518233237746944519e-01 4.785822883702540304e-03 -8.339473096290763721e-01 -5.790901999999999994e-01 -6.683651916191883299e-03 9.999767981348229862e-01 1.316050565385568690e-03 2.847300000000000091e-03 8.339342588809455226e-01 4.847586136758811823e-03 5.518425072186219360e-01 7.687827000000000410e-01
5.522338873375179924e-01 6.221040366329231436e-03 -8.336660196582644788e-01 -6.221084000000000058e-01 -7.585595163872279126e-03 9.999682588699269070e-01 2.437211245813749889e-03 2.942699999999999916e-03 8.336547201462384260e-01 4.977942286465942071e-03 5.522635491035863264e-01 7.970458999999999739e-01
5.537723805076930628e-01 8.848624622275869100e-03 -8.326210737359083236e-01 -6.648441999999999963e-01 -9.655725158981609546e-03 9.999445414992677028e-01 4.204865928140051265e-03 2.946600000000000174e-03 8.326121050996657669e-01 5.711021634828285579e-03 5.538271090091108073e-01 8.263293000000000443e-01
5.537505785717312667e-01 9.632263042213581872e-03 -8.326268769623992316e-01 -7.073443000000000369e-01 -1.072220137466468534e-02 9.999326723864655486e-01 4.436788449135854046e-03 3.054400000000000084e-03 8.326135544952135703e-01 6.470718874039648252e-03 5.538165749308150421e-01 8.550235999999999947e-01
5.646309640350648529e-01 1.476302056523839945e-02 -8.252114442230085167e-01 -6.779395999999999756e-01 -1.665637859020788897e-02 9.998402070967963295e-01 6.490402521796240047e-03 1.231739999999999918e-02 8.251753992364851964e-01 1.008035199909322610e-02 5.647866384737525447e-01 8.781655999999999906e-01
5.680464235613642554e-01 1.534011116489400126e-02 -8.228535359762341184e-01 -7.304427000000000003e-01 -9.522131433448120796e-03 9.998818525665312817e-01 1.206689359716875930e-02 5.395500000000000122e-03 8.229414254320335242e-01 9.807637686759951984e-04 5.681253808890452950e-01 9.170061000000000462e-01
5.635560551964855502e-01 1.817624714889982257e-02 -8.258778339990472395e-01 -7.754100999999999910e-01 -2.021243801893686520e-02 9.997619921151961186e-01 8.210753387182606611e-03 7.085700000000000331e-03 8.258305092455148211e-01 1.206578474184775984e-02 5.637893106807339016e-01 9.686337000000000419e-01
5.648795266129064130e-01 1.739117816745189282e-02 -8.249901013560869689e-01 -8.141114000000000406e-01 -2.139897328163097023e-02 9.997503827006131161e-01 6.423101468107747514e-03 1.084599999999999974e-02 8.248958748569850119e-01 1.402566261983756446e-02 5.651106762679357631e-01 1.001690299999999922e+00
5.662093183371944560e-01 1.486978493344015551e-02 -8.241273550393549696e-01 -8.534758999999999540e-01 -1.341546166312531513e-02 9.998710749440004042e-01 8.823767828675823863e-03 1.116149999999999955e-02 8.241523119038706158e-01 6.059949369623124013e-03 5.663358047988338306e-01 1.029369500000000048e+00
5.706526500081718911e-01 1.606895583294673871e-02 -8.210343121314049863e-01 -8.919460999999999640e-01 -1.165368987680454049e-02 9.998663156589006062e-01 1.146919016107457098e-02 1.122689999999999973e-02 8.211088506105057583e-01 3.023155492930084363e-03 5.707636253125801806e-01 1.055533899999999914e+00
5.745762373947452817e-01 1.631777523468902480e-02 -8.182883829266351938e-01 -9.302886000000000211e-01 -1.071432132954542107e-02 9.998655214046063833e-01 1.241541077620051878e-02 1.265849999999999961e-02 8.183809325367648047e-01 1.633804665410605074e-03 5.746738030766418426e-01 1.082916100000000048e+00
5.761235733870299081e-01 1.890646321350770293e-02 -8.171439125616219989e-01 -9.655650000000000066e-01 -1.043540907171916325e-02 9.998210991768723410e-01 1.577567362291274269e-02 1.247080000000000063e-02 8.172959870360709811e-01 -5.615064621743602255e-04 5.762178010832600394e-01 1.109024800000000033e+00
5.661409983840746118e-01 1.753200842201187160e-02 -8.241219561626624834e-01 -9.986038999999999888e-01 -9.583172050058945748e-03 9.998462154814039549e-01 1.468700789721577235e-02 1.270800000000000055e-02 8.242527117105178380e-01 -4.172148180665935860e-04 5.662219469162719232e-01 1.131047799999999937e+00
5.653433681737540795e-01 1.827768440436021782e-02 -8.246531406080800375e-01 -1.029319799999999896e+00 -1.009884264817207875e-02 9.998329082264671985e-01 1.523709304862077424e-02 1.396730000000000020e-02 8.247938466302490168e-01 -2.861471989622386622e-04 5.654334874064834704e-01 1.158669500000000019e+00
5.647442530918569403e-01 1.793182022892879021e-02 -8.250711353713677809e-01 -1.054966199999999965e+00 -9.838526817655054990e-03 9.998391502469947678e-01 1.499590022058428992e-02 1.576119999999999952e-02 8.252073266699579968e-01 -3.513639776895798386e-04 5.648298368124475832e-01 1.188142699999999996e+00
5.653175447982832225e-01 1.803177307395579729e-02 -8.246762569051264702e-01 -1.085768300000000020e+00 -1.136059630571352105e-02 9.998364165584835428e-01 1.407398220366679747e-02 1.688359999999999861e-02 8.247951323782285460e-01 1.412544972694391131e-03 5.654299199033249179e-01 1.213884500000000033e+00
5.677414546056588351e-01 1.767807662096957874e-02 -8.230170875074428460e-01 -1.114601600000000081e+00 -9.091447515757432318e-03 9.998430693433689731e-01 1.520467915147288504e-02 1.829700000000000076e-02 8.231567203785187248e-01 -1.149910002624089829e-03 5.678130778721699468e-01 1.238469000000000042e+00
5.663460996262230651e-01 1.874935783144073692e-02 -8.239542202204399590e-01 -1.144406299999999987e+00 -8.666519424387472345e-03 9.998214049973450646e-01 1.679433089473122281e-02 1.800269999999999995e-02 8.241219490337770015e-01 -2.370588543716736427e-03 5.664074447168976345e-01 1.264073500000000072e+00
5.645731549389296777e-01 1.593848386284581198e-02 -8.252291302750146551e-01 -1.180280599999999902e+00 -7.420755907115571259e-03 9.998711448672996660e-01 1.423467749977020552e-02 1.967920000000000086e-02 8.253496744435476762e-01 -1.912692842371302611e-03 5.646186823884067341e-01 1.292475599999999947e+00
5.637110774422031678e-01 1.629776063754784232e-02 -8.258112400343989856e-01 -1.216114600000000046e+00 -7.800613420411361618e-03 9.998657711059016906e-01 1.440799087541527052e-02 2.067789999999999906e-02 8.259352102914706562e-01 -1.680109818418891628e-03 5.637625436580389060e-01 1.319974299999999934e+00
5.636213661429160249e-01 1.557244817141397591e-02 -8.258864658566220651e-01 -1.251792100000000074e+00 -7.199315767230488744e-03 9.998769157889184633e-01 1.393998295995104580e-02 2.187309999999999949e-02 8.260018919346834299e-01 -1.911054784312731653e-03 5.636641042233705434e-01 1.346494800000000103e+00
5.606512439447303153e-01 1.469267361765788822e-02 -8.279216798738824323e-01 -1.287485800000000014e+00 -4.909458561057256434e-03 9.998839763903198952e-01 1.441981187531609157e-02 2.310150000000000051e-02 8.280374870015629885e-01 -4.019838286203224718e-03 5.606583282359132170e-01 1.374409400000000003e+00
5.638922833225792353e-01 1.611184750566764523e-02 -8.256911657388626979e-01 -1.326994500000000077e+00 -5.662511472689502404e-03 9.998616012956532684e-01 1.564334421770730704e-02 2.335349999999999926e-02 8.258289343278483186e-01 -4.145675390829358167e-03 5.639054748825232943e-01 1.400830100000000078e+00
5.642361009908193337e-01 1.591505448116059540e-02 -8.254600737646490272e-01 -1.366987900000000034e+00 -4.352894419060959925e-03 9.998576368698166572e-01 1.630209505806901396e-02 2.422200000000000047e-02 8.256020074157127686e-01 -5.605090005298779716e-03 5.642250511251499789e-01 1.430522400000000083e+00
5.544822307453594057e-01 2.148247296812134943e-02 -8.319182406599966439e-01 -1.377747099999999891e+00 -1.039558634136649590e-02 9.997675596992217084e-01 1.888804801143709189e-02 2.940689999999999971e-02 8.321306313147408540e-01 -1.824809096068384304e-03 5.545766696314349264e-01 1.476009700000000091e+00
5.537812630492732202e-01 1.887838539913057334e-02 -8.324481480910829179e-01 -1.420494099999999982e+00 -9.918404275025688444e-03 9.998215787073742034e-01 1.607594500274350802e-02 3.154560000000000003e-02 8.326031095018734396e-01 -6.459998575661365580e-04 5.538697001389363272e-01 1.506131499999999956e+00
5.545746849623202079e-01 1.783250800717438994e-02 -8.319428588894296484e-01 -1.465514200000000100e+00 -1.006647851821777101e-02 9.998409659600167032e-01 1.472103251755911904e-02 3.286909999999999832e-02 8.320730645857884467e-01 2.108229466497016022e-04 5.546659992684781493e-01 1.535912600000000072e+00
5.540970220209811004e-01 1.789321682859154605e-02 -8.322597689297526191e-01 -1.488987199999999955e+00 -9.691866457391498310e-03 9.998398672810656640e-01 1.504352086292110556e-02 3.315049999999999941e-02 8.323956738907598574e-01 -2.694195725284134757e-04 5.541817116262872656e-01 1.551855200000000101e+00
5.539374890011085073e-01 1.924483095033336852e-02 -8.323358064872854456e-01 -1.534156099999999912e+00 -8.097743790038625794e-03 9.998100567444787590e-01 1.772785881354221535e-02 3.348059999999999925e-02 8.325188795604925307e-01 -3.080083488330539153e-03 5.539881120214107391e-01 1.582422100000000054e+00
5.535490986346549569e-01 1.780839559384958179e-02 -8.326261204449052489e-01 -1.554684399999999966e+00 -5.306600025592025753e-03 9.998264765007228716e-01 1.785656418009567634e-02 3.367880000000000179e-02 8.327996370057622055e-01 -5.466071214542306961e-03 5.535475468905524110e-01 1.598348600000000008e+00
5.498444889837933447e-01 1.827133667256653632e-02 -8.350671806449759815e-01 -1.593529900000000055e+00 -2.051994535527573368e-03 9.997872485283928468e-01 2.052430263009359310e-02 3.369359999999999716e-02 8.352645253167271244e-01 -9.571621399910631295e-03 5.497650014426158638e-01 1.629414200000000035e+00
5.457803240969604230e-01 1.778477741657130684e-02 -8.377395415765329645e-01 -1.631848699999999930e+00 -1.424960748212288422e-03 9.997929845249916569e-01 2.029673819794069675e-02 3.499920000000000114e-02 8.379270894985331175e-01 -9.883814387811312024e-03 5.456926817336515967e-01 1.660680300000000109e+00
5.458147057680770020e-01 1.769012594204272260e-02 -8.377191453055504722e-01 -1.669582200000000016e+00 -2.492956596496297833e-03 9.998069701296499190e-01 1.948865432956253113e-02 3.658220000000000222e-02 8.379021972370733762e-01 -8.548796659405218795e-03 5.457534479423475915e-01 1.687411900000000076e+00
5.458050204916815584e-01 1.738256008990395757e-02 -8.377318939916253981e-01 -1.707242699999999891e+00 -2.533245677293767886e-03 9.998144603637203476e-01 1.909522228048463402e-02 3.766629999999999978e-02 8.379083853694349049e-01 -8.300087488907724464e-03 5.457477863219080128e-01 1.712381200000000048e+00
5.454008745565069871e-01 1.680359281724864637e-02 -8.380068766432823280e-01 -1.742145800000000078e+00 -1.832937651342020878e-03 9.998205424386358287e-01 1.885532437478558421e-02 3.865310000000000273e-02 8.381733271660244400e-01 -8.747696047771681693e-03 5.453337981835457704e-01 1.735517500000000046e+00
5.449273856534607718e-01 1.698424932540402305e-02 -8.383112069152701684e-01 -1.773574500000000054e+00 -1.238393275364089996e-03 9.998100398702323144e-01 1.945123535356874100e-02 3.908799999999999775e-02 8.384823258405510460e-01 -9.561351867644157093e-03 5.448449043567196171e-01 1.756819799999999931e+00
5.444131323954295443e-01 1.734051840198889624e-02 -8.386379717714593784e-01 -1.803036300000000036e+00 -1.662208460968626206e-03 9.998066382397930996e-01 1.959395811662066264e-02 3.955249999999999738e-02 8.388155806483503785e-01 -9.273216981926221680e-03 5.443366872702751769e-01 1.776583400000000035e+00
5.368731594515067096e-01 1.705944684359074481e-02 -8.434904776782886637e-01 -1.829909400000000019e+00 -2.273987026191488098e-04 9.997984307253942049e-01 2.007601078075675269e-02 3.988019999999999760e-02 8.436629415533117848e-01 -1.058646269675173751e-02 5.367688216142805224e-01 1.794686599999999910e+00
5.323397414825038476e-01 1.737678044856774684e-02 -8.463524367186422426e-01 -1.844423099999999982e+00 -1.845646452229550080e-03 9.998107460190032159e-01 1.936661390376775288e-02 4.031409999999999855e-02 8.465287905485049391e-01 -8.747550866757594287e-03 5.322710654603715064e-01 1.803348299999999904e+00
5.313470020333574961e-01 1.668156343672481251e-02 -8.469900169845391291e-01 -1.872684100000000074e+00 -1.055193752723818448e-03 9.998183644388767277e-01 1.902957427042455824e-02 4.097060000000000285e-02 8.471536165279042185e-01 -9.217568664019681890e-03 5.312680928040161010e-01 1.821208500000000008e+00
5.245297235520536283e-01 1.715966716038403242e-02 -8.512191932360024804e-01 -1.899755099999999919e+00 -1.469276954380517586e-03 9.998136260624107541e-01 1.924978870442600049e-02 4.159890000000000115e-02 8.513908681302833070e-01 -8.846409603819981385e-03 5.244571771855962572e-01 1.837912200000000107e+00
5.181192562407057611e-01 1.765414094315955959e-02 -8.551261705854503736e-01 -1.924421799999999960e+00 -9.891683935398069838e-04 9.997986580468528617e-01 2.004157961842042285e-02 4.187980000000000175e-02 8.553078146833846818e-01 -9.538064545353022033e-03 5.180324000159273190e-01 1.853440200000000093e+00
4.942692495782715079e-01 1.647546851689538072e-02 -8.691527298803596313e-01 -1.949102899999999972e+00 8.470610870378852270e-04 9.998107851052535633e-01 1.943390014205709226e-02 4.263000000000000123e-02 8.693084558480075330e-01 -1.034180469576802784e-02 4.941617707459647901e-01 1.867947000000000024e+00
4.757552068289416236e-01 1.643144589421592291e-02 -8.794242382155362803e-01 -1.974204300000000023e+00 2.716728819978399267e-04 9.998227009547133726e-01 1.882798049358833103e-02 4.302849999999999731e-02 8.795776880804765385e-01 -9.196425471193165474e-03 4.756663919067192214e-01 1.881547499999999928e+00
4.458371210913532057e-01 1.629254345321625580e-02 -8.949658174951706791e-01 -2.000849500000000170e+00 5.545030485895607875e-04 9.998291175704971945e-01 1.847777542265403167e-02 4.372550000000000048e-02 8.951139335209474801e-01 -8.734339472793154271e-03 4.457519010959245520e-01 1.894600700000000026e+00
4.359955221857618191e-01 1.634071532412666172e-02 -8.998004699135583317e-01 -2.027794800000000119e+00 1.583366073954739148e-03 9.998196653346668183e-01 1.892431668385141305e-02 4.413129999999999831e-02 8.999474415685843054e-01 -9.675630871974181396e-03 4.358910237449132863e-01 1.908045599999999897e+00
4.305493332633161807e-01 1.703304630968185962e-02 -9.024063092420877563e-01 -2.054175400000000096e+00 1.281618436113404064e-04 9.998207482720604666e-01 1.893290519806418298e-02 4.509069999999999745e-02 9.025670364028679504e-01 -8.267203766043080410e-03 4.304699735647481429e-01 1.920953499999999980e+00
4.051612976749282002e-01 1.636984088941848686e-02 -9.140986550562378854e-01 -2.079468499999999942e+00 2.830290639772919600e-03 9.998124376573662708e-01 1.915930480287473744e-02 4.528759999999999730e-02 9.142408393422721824e-01 -1.034977366371689703e-02 4.050389732653478791e-01 1.932442999999999911e+00
3.855138672773478770e-01 1.616817890768660476e-02 -9.225603764132038753e-01 -2.105650199999999916e+00 1.970480777996981223e-03 9.998297606001522730e-01 1.834576310066180632e-02 4.584869999999999918e-02 9.226999378684096476e-01 -8.890433569354079177e-03 3.854163785421967914e-01 1.943424000000000040e+00
3.547252414552245492e-01 1.609378854033478162e-02 -9.348320667611651480e-01 -2.131905099999999997e+00 2.693058987197302981e-03 9.998301077662755665e-01 1.823466581457391933e-02 4.665980000000000127e-02 9.349667109089092598e-01 -8.985854132841449363e-03 3.546216348697286413e-01 1.953376299999999954e+00
3.464470664765057495e-01 1.616065683273976497e-02 -9.379303083388222939e-01 -2.157384599999999875e+00 2.625350436277446714e-03 9.998309750015434982e-01 1.819694926491186721e-02 4.723639999999999783e-02 9.380658493223760219e-01 -8.766675435845690950e-03 3.463460808741629648e-01 1.962569000000000008e+00
2.995221584588705910e-01 1.578715777239596968e-02 -9.539587214558129524e-01 -2.181778200000000112e+00 4.169958154239526184e-03 9.998318804946939586e-01 1.785559283350088983e-02 4.780559999999999671e-02 9.540802314486616087e-01 -9.326113655395509155e-03 2.994059711544769797e-01 1.970297200000000082e+00
2.042766682782687915e-01 1.575716666457522425e-02 -9.787863681599956456e-01 -2.205761400000000094e+00 7.833167432143456690e-03 9.998121183619210761e-01 1.773046712942992834e-02 4.787480000000000208e-02 9.788818540994156381e-01 -1.128891825431415849e-02 2.041148599184715584e-01 1.975538800000000039e+00
6.048655917218911937e-02 1.677328552077561596e-02 -9.980280722767005397e-01 -2.230758699999999983e+00 1.151724138994615620e-02 9.997805143185497512e-01 1.750075254673178621e-02 4.808899999999999980e-02 9.981025645244452349e-01 -1.255309052682911965e-02 6.028010126028537918e-02 1.977114299999999991e+00
-8.686850334821785702e-02 1.714464349983981298e-02 -9.960722485469135634e-01 -2.254539999999999988e+00 1.259636145170302431e-02 9.997908761896149299e-01 1.611010757817034691e-02 4.871210000000000123e-02 9.961401481740503883e-01 -1.114742514061305666e-02 -8.706629720227976321e-02 1.974651200000000051e+00
-1.102213683503786706e-01 1.621297651424134442e-02 -9.937748182317357459e-01 -2.278009700000000137e+00 1.083638541902222363e-02 9.998271178924731384e-01 1.510983381381482762e-02 4.911700000000000094e-02 9.938479877275100405e-01 -9.103500391572351413e-03 -1.103780031102216119e-01 1.971628200000000053e+00
-1.211957633028823145e-01 1.528243558260543658e-02 -9.925109743071335311e-01 -2.300432199999999927e+00 1.073948665690179979e-02 9.998431408257514308e-01 1.408393304595286291e-02 4.976429999999999743e-02 9.925705266547956152e-01 -8.952145349589119699e-03 -1.213408781485525445e-01 1.968755000000000033e+00
-1.220310569829498870e-01 1.598033542305609886e-02 -9.923976269678351780e-01 -2.321773799999999888e+00 1.052372088650481603e-02 9.998350026424737136e-01 1.480603895805306450e-02 4.981669999999999848e-02 9.924704894506066744e-01 -8.636919050857273100e-03 -1.221790947706765662e-01 1.966143100000000032e+00
-1.310043420613191678e-01 1.640897629070546190e-02 -9.912459875622056105e-01 -2.342499000000000109e+00 1.045410360119788593e-02 9.998302853195962792e-01 1.516945205438131883e-02 4.996180000000000065e-02 9.913266737453282351e-01 -8.375324162432057351e-03 -1.311536498394073602e-01 1.963186400000000109e+00
-1.407788993395522048e-01 1.580371140677498329e-02 -9.899149176603589950e-01 -2.362466799999999978e+00 1.031364190720192829e-02 9.998417427639736399e-01 1.449545505701114317e-02 5.032810000000000061e-02 9.899873384500197382e-01 -8.168973770994250594e-03 -1.409196138803061604e-01 1.960290800000000111e+00
-1.505383836992544577e-01 1.611644764157303678e-02 -9.884727892808343741e-01 -2.381398700000000090e+00 1.063238731831719908e-02 9.998356752827239902e-01 1.468246477443860450e-02 5.034770000000000217e-02 9.885469879439873209e-01 -8.299551033385947282e-03 -1.506850028354345117e-01 1.957462400000000047e+00
-1.603260371081760838e-01 1.612686609814027727e-02 -9.869323614184716265e-01 -2.399406200000000045e+00 1.084580300682868106e-02 9.998349435225712956e-01 1.457581107018722164e-02 5.064049999999999802e-02 9.870045239928361136e-01 -8.367191946488390653e-03 -1.604744830700688407e-01 1.954571599999999965e+00
-1.898260975713247367e-01 1.616507285610560563e-02 -9.816846454439420722e-01 -2.434643299999999844e+00 1.205571940972839477e-02 9.998274492042465988e-01 1.413263766052200686e-02 5.099990000000000079e-02 9.817437100946231343e-01 -9.152171178824440242e-03 -1.899882245097250788e-01 1.948425300000000027e+00
-2.032964348885592243e-01 1.597379188456973451e-02 -9.789869240875640477e-01 -2.452765700000000049e+00 1.227537865209204181e-02 9.998299085666170205e-01 1.376477441217466638e-02 5.115530000000000077e-02 9.790402824401808202e-01 -9.219105623581361902e-03 -2.034579402504401724e-01 1.944368099999999933e+00
-2.126199937310717381e-01 1.661411189314329281e-02 -9.769937100881462833e-01 -2.471439100000000000e+00 1.239336314606143477e-02 9.998208673177259032e-01 1.430516780607814058e-02 5.143539999999999918e-02 9.770563662428737306e-01 -9.066673151289996943e-03 -2.127878112633306840e-01 1.940416799999999942e+00
-2.522303898429769653e-01 1.700077644732260473e-02 -9.675178572201381666e-01 -2.490377200000000180e+00 1.414122021047415668e-02 9.998036457379507747e-01 1.388149343770705979e-02 5.153680000000000067e-02 9.675638771319536868e-01 -1.018054857512049050e-02 -2.524212750544035933e-01 1.935487600000000086e+00
-3.303376004211601713e-01 1.715925832838834098e-02 -9.437068557563889071e-01 -2.509402500000000202e+00 1.604588427869283601e-02 9.997923374471769931e-01 1.256230789405288380e-02 5.169499999999999790e-02 9.437264430679607186e-01 -1.099280835500286192e-02 -3.305443371452088108e-01 1.928131299999999992e+00
-3.656124038211295280e-01 1.603605765547750500e-02 -9.306290426518003533e-01 -2.529883100000000162e+00 1.456292649272535739e-02 9.998277382423355064e-01 1.150717224965312063e-02 5.212739999999999735e-02 9.306532605348264431e-01 -9.345517432754066323e-03 -3.657829547146932425e-01 1.919684900000000027e+00
-3.910953810304413358e-01 1.636199168219191341e-02 -9.202046990560556194e-01 -2.551364700000000152e+00 1.448446503044626549e-02 9.998275530620893692e-01 1.162172150141591205e-02 5.224970000000000309e-02 9.202361670839914742e-01 -8.783471185503840747e-03 -3.912649325259008881e-01 1.910360899999999917e+00
-4.031111276161860046e-01 1.716683952173119615e-02 -9.149900100071269859e-01 -2.573882799999999804e+00 1.469837173039294925e-02 9.998165288724997213e-01 1.228277093416617512e-02 5.238310000000000188e-02 9.150329921158485424e-01 -8.497541655157673721e-03 -4.032894929518207050e-01 1.900383600000000062e+00
-4.134997791744358664e-01 1.703278551494369006e-02 -9.103448889515961540e-01 -2.596208600000000200e+00 1.511933189151746550e-02 9.998156019334486500e-01 1.183925392960857685e-02 5.272519999999999984e-02 9.103786785870187082e-01 -8.868277626322576199e-03 -4.136810549518742386e-01 1.890169599999999894e+00
-4.202239475680532577e-01 1.765424429158998429e-02 -9.072486767963983123e-01 -2.617309600000000014e+00 1.510344614228175709e-02 9.998083027421384994e-01 1.245968227971895430e-02 5.273660000000000153e-02 9.072947259876196213e-01 -8.466724654623570753e-03 -4.204100317174573886e-01 1.880274900000000082e+00
-4.301836116523320430e-01 1.715178612978092085e-02 -9.025784600234562083e-01 -2.637346299999999921e+00 1.507789461389239492e-02 9.998165353943774258e-01 1.181324028351875971e-02 5.326399999999999885e-02 9.026154869930870239e-01 -8.527120530522042108e-03 -4.303633010093796951e-01 1.870656099999999933e+00
-4.525086870946213868e-01 1.705278531307563225e-02 -8.915969328216469814e-01 -2.656323899999999849e+00 1.467173265874777491e-02 9.998241847533814175e-01 1.167646534814805251e-02 5.365940000000000293e-02 8.916392927438160365e-01 -7.797569833122387772e-03 -4.526793230754032615e-01 1.860979799999999962e+00
-4.621235872735002803e-01 1.667101879020263522e-02 -8.866588223313227601e-01 -2.674291100000000032e+00 1.519596488457309463e-02 9.998253530411475021e-01 1.087869787114635091e-02 5.400730000000000114e-02 8.866853290410856570e-01 -8.446333443664971394e-03 -4.622962110104948952e-01 1.851674299999999995e+00
-4.708712379142684923e-01 1.689716080143804228e-02 -8.820401143156327839e-01 -2.691422900000000062e+00 1.514389989774857226e-02 9.998240535498490456e-01 1.106906676444083248e-02 5.405209999999999876e-02 8.820719582896686672e-01 -8.145422027066705900e-03 -4.710442787032124157e-01 1.842358600000000068e+00
-4.793204603842142753e-01 1.719882171044569488e-02 -8.774714222063517699e-01 -2.707915499999999920e+00 1.571470697153638449e-02 9.998158679529313142e-01 1.101263702867882714e-02 5.429459999999999842e-02 8.774992559779546397e-01 -8.510624025239521898e-03 -4.795024765700771630e-01 1.833278699999999928e+00
-4.869329010299112137e-01 1.702389697747083361e-02 -8.732734605072425271e-01 -2.724173799999999979e+00 1.616321953469369507e-02 9.998144616048012523e-01 1.047820118982990649e-02 5.469199999999999756e-02 8.732898145683753999e-01 -9.012729753061285778e-03 -4.871177172650675846e-01 1.824193699999999918e+00
-5.265270810871449658e-01 1.764053144118171018e-02 -8.499753199548348848e-01 -2.747260799999999836e+00 1.757768192575730193e-02 9.997968697524749482e-01 9.861254041425250236e-03 5.475309999999999899e-02 8.499766220196695032e-01 -9.748378512619433264e-03 -5.267302071615095338e-01 1.809695599999999960e+00
-5.738625343945762403e-01 1.676845200959350621e-02 -8.187799525119283661e-01 -2.764580200000000154e+00 1.767482157140286628e-02 9.998110738931365038e-01 8.088090199306084693e-03 5.493870000000000003e-02 8.187608883554786665e-01 -9.830337626704321874e-03 -5.740504961773764681e-01 1.797121299999999922e+00
-5.969427742207570331e-01 1.798214435669871769e-02 -8.020822693402225312e-01 -2.783681899999999931e+00 1.894275695036349433e-02 9.997859806102280533e-01 8.316545819276450341e-03 5.497529999999999778e-02 8.020601575098627034e-01 -1.022914754901490045e-02 -5.971556482824847967e-01 1.783167200000000063e+00
-6.327510418181592211e-01 1.749408832866148136e-02 -7.741576557469304065e-01 -2.802135900000000124e+00 1.833323742976642259e-02 9.998029812929054572e-01 7.608613747712265549e-03 5.527170000000000000e-02 7.741382379674689451e-01 -9.378457835222947861e-03 -6.329471013009342339e-01 1.767559600000000009e+00
-6.401813301363834530e-01 1.706496441272519968e-02 -7.680342775777674325e-01 -2.821015399999999840e+00 1.857608418900956113e-02 9.998047929088577090e-01 6.730911727169256245e-03 5.557999999999999746e-02 7.679992146096331629e-01 -9.958065377799947895e-03 -6.403733624167372573e-01 1.751681599999999950e+00
-6.635194358871656650e-01 1.663108700144145038e-02 -7.479741741164112057e-01 -2.841117099999999951e+00 1.904007483283004856e-02 9.998044594781612115e-01 5.340258228033360061e-03 5.579560000000000075e-02 7.479167291552830665e-01 -1.069811912124423239e-02 -6.637063480914808800e-01 1.733775700000000031e+00
-6.858389083358598093e-01 1.778885076239627647e-02 -7.275359431679162547e-01 -2.872105100000000188e+00 2.016525309783062311e-02 9.997818826712143725e-01 5.435958968065118802e-03 5.624359999999999776e-02 7.274739544342303521e-01 -1.094275426733364032e-02 -6.860480316631396569e-01 1.705219100000000099e+00
-7.173788790323282205e-01 1.764362707299238844e-02 -6.964597952086172272e-01 -2.902202799999999971e+00 2.060786123456156624e-02 9.997792251111172757e-01 4.100864732079474370e-03 5.679759999999999670e-02 6.963783885027284848e-01 -1.141067307054796816e-02 -7.175840972084176483e-01 1.675306900000000043e+00
-7.485507281887707753e-01 1.679833448319833361e-02 -6.628647096404003403e-01 -2.932664400000000171e+00 1.987332380069885274e-02 9.997983156883428757e-01 2.894641232549048475e-03 5.688170000000000032e-02 6.627796453793479703e-01 -1.100653920827007054e-02 -7.487335959909127148e-01 1.641253199999999968e+00
-7.691099148569979782e-01 1.696059598401046184e-02 -6.388914438717488986e-01 -2.963852399999999943e+00 1.944413733114013984e-02 9.998060312961394303e-01 3.134534624276129073e-03 5.649909999999999655e-02 6.388206825018337698e-01 -1.001189131633937503e-02 -7.692905157612179856e-01 1.605278600000000111e+00
-7.847971917577284406e-01 1.727132474582872973e-02 -6.195119604581554862e-01 -2.993299500000000002e+00 2.017447719185617300e-02 9.997937916703212302e-01 2.316162239049133868e-03 5.693229999999999819e-02 6.194242151217680403e-01 -1.068061229548410845e-02 -7.849837999868373162e-01 1.568602100000000110e+00
-8.075382966620852088e-01 1.715303440852027073e-02 -5.895656645656008887e-01 -3.019630700000000001e+00 1.974153289038906717e-02 9.998030187570740024e-01 2.048307442681547748e-03 5.703069999999999667e-02 5.894846658762518121e-01 -9.984843254762568870e-03 -8.077178539576440608e-01 1.533331500000000069e+00
-8.081625748599490233e-01 1.638191744109895875e-02 -5.887315902656241606e-01 -3.055647899999999861e+00 2.005910968927242244e-02 9.997987552887385165e-01 2.846779988440080456e-04 5.755129999999999968e-02 5.886177747182049780e-01 -1.157936544212619101e-02 -8.083285430947905192e-01 1.484051100000000067e+00
-8.081226243568194745e-01 1.574469652104747847e-02 -5.888038115825229291e-01 -3.088612100000000193e+00 1.997552894250637090e-02 9.998002371149220524e-01 -6.812550275617067913e-04 5.804129999999999706e-02 5.886754642807139337e-01 -1.231220518045419814e-02 -8.082757000909284173e-01 1.438108299999999895e+00
-8.084074560577161339e-01 1.617916277692483043e-02 -5.884009004769871209e-01 -3.121545100000000073e+00 1.963181653885257352e-02 9.998071424749239711e-01 5.192643951098243824e-04 5.772139999999999910e-02 5.882958241987413794e-01 -1.113160132078778314e-02 -8.085691749518766347e-01 1.392141199999999968e+00
-8.090062541770333127e-01 1.533336564939177110e-02 -5.876000073181644190e-01 -3.158551699999999851e+00 1.986943455687699422e-02 9.998017811823312062e-01 -1.266457669204822112e-03 5.817730000000000123e-02 5.874641148809303104e-01 -1.269985206606588472e-02 -8.091505592191510221e-01 1.341572900000000068e+00
-8.090079154564977504e-01 1.554800682367643572e-02 -5.875920797734964784e-01 -3.198799100000000006e+00 1.916226249220222277e-02 9.998163843466074674e-01 7.272040156543983086e-05 5.811990000000000212e-02 5.874853193271404317e-01 -1.120076229047715227e-02 -8.091573039274873036e-01 1.285528500000000074e+00
-8.096631537461783656e-01 1.528115539673056966e-02 -5.866958869427439938e-01 -3.239855100000000210e+00 1.888406962455990018e-02 9.998216798725306775e-01 -1.926877089618653227e-05 5.763750000000000123e-02 5.865909728083161800e-01 -1.109480719128231978e-02 -8.098073449118508016e-01 1.229481299999999999e+00
-8.206616959019767954e-01 1.477346655592095062e-02 -5.712233587356287945e-01 -3.280686900000000072e+00 1.780516366628874872e-02 9.998414367101489120e-01 2.785394081655468909e-04 5.805590000000000056e-02 5.711368986732590081e-01 -9.942138769214368954e-03 -8.207946130735663814e-01 1.172101000000000059e+00
