9.999999999617400492e-01 -1.600003439969135726e-06 -8.599999359834105251e-06 -8.791899999999999715e-02 1.599996559969135756e-06 9.999999999984000576e-01 -8.000068799845677343e-07 -6.039970000000000061e-02 8.600000639834106506e-06 7.999931199845680067e-07 9.999999999627000591e-01 -2.801783999999999941e-01
9.999576748801912718e-01 8.176419093211326553e-03 4.218366865735727333e-03 -1.154260000000000008e-02 -8.169401881417933178e-03 9.999652219089969485e-01 -1.678048089412089838e-03 -1.425800000000000071e-03 -4.231940583426583094e-03 1.643515531616207993e-03 9.999896947146984516e-01 1.243370000000000065e-02
9.990574959402835908e-01 6.896025373002562936e-03 -4.285515884447632651e-02 -1.222769999999999933e-02 -6.943910128140443755e-03 9.999754216592836586e-01 -9.686018120630210263e-04 -1.490900000000000081e-03 4.284742603310846831e-02 1.265271272466129623e-03 9.990808261451845640e-01 2.687619999999999940e-02
9.976236729484384558e-01 7.257927614158851334e-03 -6.851517831557267513e-02 -1.271890000000000000e-02 -7.365373205033378876e-03 9.999720096986937090e-01 -1.315711482908764199e-03 -1.481399999999999904e-03 6.850371121638350325e-02 1.817224780623481100e-03 9.976492065068156556e-01 3.076330000000000037e-02
9.942826906160219247e-01 6.368416977447737340e-03 -1.065897481306967015e-01 -1.319560000000000004e-02 -6.541886281513562690e-03 9.999777851279515462e-01 -1.277878897329798877e-03 -1.449800000000000004e-03 1.065792421874154211e-01 1.967870879364698282e-03 9.943022642129295541e-01 3.480230000000000129e-02
9.912554599901914898e-01 7.617820130377110123e-03 -1.317367900629696775e-01 -1.419139999999999985e-02 -7.916099358504883124e-03 9.999671522258015699e-01 -1.740643664473884604e-03 -1.342000000000000094e-03 1.317192028922890557e-01 2.768264055616039866e-03 9.912832028757161407e-01 4.321030000000000010e-02
9.903437538591569611e-01 7.484349683114979029e-03 -1.384313320819179627e-01 -1.487519999999999988e-02 -7.774272302712175245e-03 9.999685727832560156e-01 -1.553749008415723299e-03 -1.313200000000000044e-03 1.384153527695416719e-01 2.614948496381376726e-03 9.903708154837986832e-01 4.741770000000000013e-02
9.791598409054637075e-01 7.434891740092430812e-03 -2.029549909285314480e-01 -1.765409999999999896e-02 -7.902160785067608231e-03 9.999676642379560221e-01 -1.492090283310801638e-03 -1.308799999999999937e-03 2.029373346945162748e-01 3.064777854872385854e-03 9.791869307357948804e-01 6.056029999999999747e-02
9.769817981440220844e-01 7.308349176771907450e-03 -2.131974533796864579e-01 -1.866709999999999897e-02 -7.753414321884252898e-03 9.999691586563588253e-01 -1.251520054563730160e-03 -1.360600000000000004e-03 2.131817315382028843e-01 2.875720501744289358e-03 9.770083313718309626e-01 6.528159999999999519e-02
9.724054216105920689e-01 6.373091531903226324e-03 -2.332103765415524110e-01 -1.987200000000000077e-02 -6.777234667685204904e-03 9.999766002579935087e-01 -9.316795178710330933e-04 -1.340400000000000055e-03 2.331989818000623216e-01 2.486491663142664441e-03 9.724258595114710912e-01 7.009360000000000590e-02
9.508108902349440283e-01 5.939058989410041407e-03 -3.097149957443998680e-01 -2.588789999999999841e-02 -6.501074583622206034e-03 9.999785616093098684e-01 -7.825286154194408851e-04 -1.397000000000000021e-03 3.097037084697106257e-01 2.757517016461853709e-03 9.508291166450533183e-01 9.047679999999999612e-02
9.395506500875956402e-01 6.914269085030144181e-03 -3.423401361263328502e-01 -2.994300000000000087e-02 -7.524842227172117391e-03 9.999715842816131461e-01 -4.553885997803386061e-04 -1.361900000000000090e-03 3.423272596061149864e-01 3.003916167345377711e-03 9.395759808648936895e-01 1.015433000000000030e-01
9.169452805616746804e-01 6.028536041009071277e-03 -3.989674287568771294e-01 -3.458139999999999825e-02 -6.452352075414680317e-03 9.999791439862741882e-01 2.806157035266634760e-04 -1.310500000000000033e-03 3.989607995885892655e-01 2.316969071962027803e-03 9.169650549753534108e-01 1.126748000000000055e-01
9.054295721424688859e-01 7.189154847652611847e-03 -4.244356322724119890e-01 -3.966920000000000168e-02 -7.940722300887716537e-03 9.999684719657190302e-01 -1.971106097580724997e-06 -1.344200000000000039e-03 4.244222364806606862e-01 3.372110188227499337e-03 9.054581128101026888e-01 1.235195999999999933e-01
8.620784567122334874e-01 5.984892207780534434e-03 -5.067394947484504808e-01 -5.171069999999999833e-02 -7.175227508338001201e-03 9.999741791553823367e-01 -3.963997008721790571e-04 -1.171500000000000015e-03 5.067240378972139858e-01 3.977698804649461642e-03 8.620991400815583017e-01 1.451456999999999886e-01
8.432891528980346330e-01 5.715791239407981734e-03 -5.374297482788077396e-01 -5.812219999999999887e-02 -5.698885000986807746e-03 9.999823280308725026e-01 1.693025605840023677e-03 -1.380399999999999943e-03 5.374299278178138461e-01 1.635040202566697938e-03 8.433068239551221312e-01 1.555146000000000028e-01
8.043873837028064910e-01 5.257241973189707811e-03 -5.940818953196517205e-01 -6.641940000000000344e-02 -5.901082717199880416e-03 9.999822194034000411e-01 8.591273566989831786e-04 -1.272399999999999920e-03 5.940758488295235784e-01 2.814655198349540460e-03 8.044041046349748036e-01 1.668792000000000053e-01
7.952975279701882672e-01 5.650901803085023670e-03 -6.061929637609788646e-01 -7.467680000000000151e-02 -5.734334248478365273e-03 9.999819410635850669e-01 1.798598741025550811e-03 -1.256900000000000031e-03 6.061921802656597968e-01 2.045691940733270885e-03 7.953155699024440084e-01 1.779562000000000088e-01
7.689478304083423588e-01 6.409283935982922238e-03 -6.392794030701530739e-01 -8.344709999999999628e-02 -6.068049335483739586e-03 9.999778716735135964e-01 2.726708743552545486e-03 -1.323200000000000071e-03 6.392827331373539534e-01 1.782482184478096374e-03 7.689697067308287615e-01 1.883875000000000133e-01
7.613166330590928066e-01 6.471519214993105146e-03 -6.483479803829241828e-01 -9.244520000000000515e-02 -6.216859270565143133e-03 9.999770805603922508e-01 2.681233806425546880e-03 -1.185999999999999988e-03 6.483504722666411091e-01 1.989420258443656657e-03 7.613394166327254187e-01 1.990023999999999960e-01
7.149623840830516830e-01 4.307547020623391128e-03 -6.991496509224216505e-01 -1.016611999999999932e-01 -3.866464143523249720e-03 9.999900894236117832e-01 2.207149651421062321e-03 -1.039100000000000050e-03 6.991522293473043659e-01 1.125208079440260514e-03 7.149719533698313256e-01 2.088088999999999917e-01
6.861662926111442573e-01 5.552507737732446241e-03 -7.274235276247944526e-01 -1.120889000000000052e-01 -5.138961957317313145e-03 9.999829159139338453e-01 2.785489233083167718e-03 -1.011399999999999973e-03 7.274265667091619481e-01 1.826893015148441969e-03 6.861831042131775193e-01 2.182706000000000091e-01
6.313577936597818407e-01 4.863820776769637796e-03 -7.754764210680450409e-01 -1.222057000000000004e-01 -3.616388764695566745e-03 9.999879241114889572e-01 3.327666374128933520e-03 -7.280000000000000230e-04 7.754832416740898848e-01 7.034761164309165284e-04 6.313677589202656426e-01 2.269394999999999885e-01
4.704306613068648391e-01 5.043527985075197534e-03 -8.824225494216755283e-01 -1.440539000000000125e-01 -3.688366868269625249e-03 9.999861698042474822e-01 3.749153247819536888e-03 -3.400000000000000244e-04 8.824292543044063297e-01 1.490981453388399904e-03 4.704427575402503336e-01 2.400356999999999907e-01
4.406316463438713082e-01 4.212640274829568959e-03 -8.976781193179458329e-01 -1.544639999999999902e-01 -2.644288965571593448e-03 9.999907414681356022e-01 3.394806898013789410e-03 -2.486999999999999736e-04 8.976841092367381369e-01 8.778609930561586273e-04 4.406387061799278415e-01 2.450875000000000137e-01
4.236820931447290994e-01 5.946934222952970396e-03 -9.057914317997541875e-01 -1.646048999999999984e-01 -5.485291637890355766e-03 9.999769572373471416e-01 3.999571225033834825e-03 -2.615000000000000137e-04 9.057943450497734084e-01 3.273983458220162176e-03 4.237049510073807035e-01 2.499725999999999893e-01
3.973043041234329276e-01 4.206154113817150292e-03 -9.176772843394161994e-01 -1.752807000000000115e-01 -3.545222301231982717e-03 9.999890688411151585e-01 3.048540161194254316e-03 8.999999999999999593e-07 9.176800756929560654e-01 2.042171846438479380e-03 3.973148728783256756e-01 2.544077000000000144e-01
3.721099801426164255e-01 4.629346937233341612e-03 -9.281771015410779091e-01 -1.858304000000000067e-01 -4.261789109543103089e-03 9.999855427883614922e-01 3.278927850954021714e-03 -1.730000000000000038e-05 9.281788619828871267e-01 2.735573285567474873e-03 3.721243297702421238e-01 2.588387999999999800e-01
3.521255080935587478e-01 4.361744527999841629e-03 -9.359426273733478796e-01 -1.912802999999999864e-01 -3.067268994283525035e-03 9.999891490343403300e-01 3.506233661990269118e-03 7.200000000000000182e-05 9.359477647875279471e-01 1.636153491647466445e-03 3.521350658355142382e-01 2.607053999999999760e-01
3.143269884994493446e-01 5.051167964467518506e-03 -9.493013378285429793e-01 -1.964599999999999957e-01 -2.895527527990085850e-03 9.999862938670510681e-01 4.362109395073227036e-03 3.460000000000000076e-05 9.493103603254319234e-01 1.377599446381840963e-03 3.143373060878451586e-01 2.624730000000000119e-01
2.953091543995782220e-01 3.762114807115173737e-03 -9.553943425727325911e-01 -2.020859000000000127e-01 -2.980246970479002479e-03 9.999910092619956892e-01 3.016541590995594664e-03 2.289000000000000073e-04 9.553971014482934843e-01 1.956498748617098091e-03 2.953177113835971923e-01 2.638587000000000016e-01
2.423303287422810814e-01 3.749207922613575876e-03 -9.701865569114073162e-01 -2.185921999999999865e-01 -1.092491040709738436e-03 9.999929537234309995e-01 3.591513164959915256e-03 3.825999999999999757e-04 9.701931860382159156e-01 1.895875552957739484e-04 2.423327171918289169e-01 2.685214000000000212e-01
2.402296922336976948e-01 3.677427251020502601e-03 -9.707091075590648099e-01 -2.298882999999999899e-01 -1.067570055896302668e-03 9.999932202501626843e-01 3.524166268121328976e-03 5.125999999999999914e-04 9.707154862592222155e-01 1.896905982447156559e-04 2.402319894476967477e-01 2.711356999999999795e-01
2.244368178210714160e-01 2.116111321941480800e-03 -9.744863451476498684e-01 -2.412134999999999974e-01 -1.789518525450932256e-04 9.999977149077392546e-01 2.130294705965256330e-03 7.305999999999999777e-04 9.744886262971906854e-01 -3.037304280838484197e-04 2.244366836442772684e-01 2.739840000000000053e-01
1.903730809439976579e-01 2.902457936726065418e-03 -9.817075255847923509e-01 -2.527705000000000091e-01 8.972222179739312593e-04 9.999946974220144114e-01 3.130514357942718040e-03 8.245000000000000375e-04 9.817114061903232658e-01 -1.476775466767863559e-03 1.903694673261420167e-01 2.765048999999999979e-01
1.777342055970883294e-01 1.820386537466679895e-03 -9.840768457562786287e-01 -2.643012000000000139e-01 -5.274789176783319317e-04 9.999983216223530258e-01 1.754570736232384520e-03 8.980000000000000352e-04 9.840783881006450740e-01 2.072325535436668606e-04 1.777348675074911233e-01 2.782067999999999763e-01
1.593346019343757913e-01 3.419483359135545592e-03 -9.872187152601848981e-01 -2.757725999999999789e-01 -9.205634013368479800e-04 9.999940811294091292e-01 3.315157488364813866e-03 8.595000000000000209e-04 9.872242081662289115e-01 3.805781196249374658e-04 1.593368067047181702e-01 2.804674999999999807e-01
1.556316435259232911e-01 5.389841065547972682e-03 -9.878004561381353854e-01 -2.866254999999999775e-01 -2.536910996010158324e-03 9.999839972121711273e-01 5.056619638347709805e-03 8.637000000000000146e-04 9.878119029531980955e-01 1.718991814039170715e-03 1.556428265328184679e-01 2.824248999999999787e-01
1.472803213729405591e-01 3.644336003743887768e-03 -9.890880778532189499e-01 -2.979013999999999829e-01 -1.292634019908425790e-03 9.999930673668666614e-01 3.492036010105679326e-03 9.579999999999999757e-04 9.890939470209965112e-01 7.642207123046587496e-04 1.472840111252031736e-01 2.837244999999999906e-01
1.414333694527522001e-01 2.427976034968390255e-03 -9.899447999447319457e-01 -3.094900999999999902e-01 7.837994790175664521e-04 9.999964042095327299e-01 2.564610376164223188e-03 7.213000000000000227e-04 9.899474671231895950e-01 -1.138639705287226725e-03 1.414309578416392821e-01 2.852371000000000212e-01
1.395061873514667483e-01 2.064202948255453550e-03 -9.902190478661001549e-01 -3.218269000000000268e-01 6.164596588351506888e-04 9.999974524176077351e-01 2.171436341102581189e-03 5.331999999999999500e-04 9.902210074867865419e-01 -9.133589014432441254e-04 1.395045594501149733e-01 2.868078000000000016e-01
1.304844554802037371e-01 2.332359517805659022e-03 -9.914476118167389052e-01 -3.369881000000000126e-01 -8.130071223703136743e-05 9.999972547423838787e-01 2.341772382160605889e-03 1.040300000000000079e-03 9.914503518927356707e-01 -2.249594971584023897e-04 1.304842868892485130e-01 2.900211999999999790e-01
1.231980338840980155e-01 2.894015927026743779e-03 -9.923778862504478715e-01 -3.524439999999999795e-01 -7.312753111402923306e-04 9.999957410314893602e-01 2.825447805510599656e-03 1.364399999999999988e-03 9.923818366352298304e-01 3.776118330554964660e-04 1.231996255099485627e-01 2.937054000000000054e-01
1.206420564637301907e-01 2.802911679813644558e-03 -9.926921163675662685e-01 -3.713284000000000029e-01 -1.700340180311658020e-03 9.999951303546660286e-01 2.616889417932350033e-03 2.025499999999999957e-03 9.926946172189480277e-01 1.372207371220855558e-03 1.206462348830539266e-01 2.974726999999999788e-01
1.394235126841036621e-01 4.820255358032502803e-03 -9.902211112923764436e-01 -3.708563000000000276e-01 8.787451084257538389e-04 9.999871561714909207e-01 4.991522722454462546e-03 8.138999999999999967e-04 9.902324534763844444e-01 -1.566087589415210944e-03 1.394174861765994367e-01 3.033566999999999791e-01
1.333595527092029387e-01 3.776125966962116682e-03 -9.910605282089903767e-01 -3.969118999999999842e-01 -1.830285771761094773e-03 9.999919744148327849e-01 3.563868672958261583e-03 2.552500000000000081e-03 9.910660319853541456e-01 1.338648051594895248e-03 1.333653938103844805e-01 3.180304999999999938e-01
1.198587060180287961e-01 1.309342157569414952e-02 -9.927046151313718703e-01 -4.015598000000000223e-01 -6.777316049020268122e-03 9.999005200643489299e-01 1.237004293510057459e-02 4.091499999999999651e-03 9.927678271271966892e-01 5.245215580477719831e-03 1.199355207378484112e-01 3.254854999999999832e-01
1.216714699156851570e-01 9.071535891378551195e-03 -9.925289721943275634e-01 -4.242785000000000029e-01 -1.960136693866929968e-03 9.999584806138787085e-01 8.899152348642327265e-03 4.696500000000000154e-03 9.925684919806281314e-01 8.627195108611949992e-04 1.216841996413161597e-01 3.229040000000000243e-01
1.289080843646184527e-01 9.362886594192845052e-03 -9.916123446892285420e-01 -4.479232000000000213e-01 -5.062971109902121569e-03 9.999486076094558085e-01 8.783419803862088648e-03 4.864099999999999674e-03 9.916436215238745300e-01 3.888250832297750030e-03 1.289488634943342094e-01 3.249658999999999742e-01
1.348066775824555141e-01 8.269471467055070427e-03 -9.908374112440624382e-01 -4.738153999999999977e-01 -5.667065955166658217e-03 9.999552543104458513e-01 7.574545556744934245e-03 6.018199999999999592e-03 9.908557130292178217e-01 4.594041639664955649e-03 1.348475092049287172e-01 3.291785999999999879e-01
1.220123661500877449e-01 1.618419300257725388e-02 -9.923966215194974794e-01 -4.748504000000000058e-01 8.772640970076347328e-03 9.998104064229690335e-01 1.738366988721134002e-02 5.194100000000000106e-03 9.924898101627379621e-01 -1.082696195581797811e-02 1.218472552745453186e-01 3.499824000000000268e-01
1.295696258680996416e-01 1.304369673616327663e-02 -9.914845304026965733e-01 -4.993260999999999949e-01 5.805366860733109091e-03 9.998863581685202284e-01 1.391288841707544535e-02 6.706700000000000335e-03 9.915533317820141024e-01 -7.558619182674425861e-03 1.294791778937383064e-01 3.532661999999999747e-01
1.325248414748418091e-01 1.118735036045536389e-02 -9.911165469227021241e-01 -5.208011999999999642e-01 -7.631524520171958231e-04 9.999371561557149901e-01 1.118487092264357219e-02 8.830499999999999808e-03 9.911793904185071113e-01 -7.259002229210330046e-04 1.325250507581994253e-01 3.613604999999999734e-01
1.358084985968673053e-01 1.105015028955538652e-02 -9.906734809650670215e-01 -5.399150999999999812e-01 -1.462381631300649354e-03 9.999389444737963872e-01 1.095302536262689370e-02 9.695300000000000445e-03 9.907340274507729916e-01 -3.877122841177901846e-05 1.358163662743291367e-01 3.671583999999999959e-01
1.180661059313566075e-01 1.196357730832069144e-02 -9.929336671944374304e-01 -5.639518000000000031e-01 6.752689465736125968e-05 9.999273230630716380e-01 1.205587126830793415e-02 1.032989999999999950e-02 9.930057351648703401e-01 -1.490439501405231223e-03 1.180567173851978513e-01 3.762662999999999980e-01
1.190758509659644443e-01 1.310442731114327269e-02 -9.927986783339202148e-01 -5.792528000000000121e-01 2.279556888069430784e-04 9.999125110555672213e-01 1.322566711943318207e-02 1.081679999999999968e-02 9.928851342189264351e-01 -1.801171673405315733e-03 1.190624459167018978e-01 3.822638999999999898e-01
1.229787582378666366e-01 1.299510644184881034e-02 -9.923242172953543605e-01 -5.964127000000000178e-01 4.175869969239283906e-03 9.998986351798007099e-01 1.361181382372773745e-02 1.189360000000000070e-02 9.924005174989947164e-01 -5.817780860159613501e-03 1.229120266434119424e-01 3.881229999999999958e-01
1.226071670700775301e-01 1.041871090284475151e-02 -9.924005910146230791e-01 -6.120033000000000278e-01 3.854672748867311437e-03 9.999323539843567588e-01 1.097401263450518451e-02 1.290469999999999985e-02 9.924477941338020193e-01 -5.170872114651800175e-03 1.225587124627404156e-01 3.955855999999999817e-01
1.327992072497449216e-01 1.536009038843485358e-02 -9.910239342100162219e-01 -6.332562999999999942e-01 6.421002567694477671e-03 9.998455936864053539e-01 1.635724646464957119e-02 1.356060000000000078e-02 9.911221626418535990e-01 -8.535596589503351844e-03 1.326800750338810175e-01 4.093529000000000195e-01
1.248259081305119200e-01 1.435178522204765689e-02 -9.920748555025136195e-01 -6.465292999999999735e-01 1.276985539105098683e-02 9.997893186890567385e-01 1.607012845510583099e-02 1.516469999999999971e-02 9.920964789034807385e-01 -1.467462082004746850e-02 1.246163394226583732e-01 4.324695000000000067e-01
1.183116815546343958e-01 1.196930713701091498e-02 -9.929043668422325997e-01 -6.696600000000000330e-01 1.111900370255485340e-02 9.998486879393277960e-01 1.337792893789867439e-02 1.815160000000000037e-02 9.929142529767500669e-01 -1.262287259956286316e-02 1.181606927999233614e-01 4.452223000000000153e-01
1.143362900473798155e-01 7.877082040391914300e-03 -9.934108738868981936e-01 -7.032119999999999482e-01 1.207005529701827944e-02 9.998837412291793347e-01 9.317606488066168188e-03 2.129150000000000140e-02 9.933687767105067179e-01 -1.305586473844099447e-02 1.142279206350320653e-01 4.594648000000000065e-01
1.136576946201177801e-01 6.994077019717695812e-03 -9.934953504371737409e-01 -7.135171000000000152e-01 1.245845764884858688e-02 9.998865644502041850e-01 8.464340788244022890e-03 2.135340000000000155e-02 9.934418529972715017e-01 -1.333945720822036010e-02 1.135576663846971091e-01 4.614554000000000156e-01
1.135604562077869167e-01 7.323499816924186959e-03 -9.935040961849682661e-01 -7.366449000000000469e-01 1.332363338471618565e-02 9.998716861631922193e-01 8.893368462199570737e-03 2.176130000000000078e-02 9.934417464448074275e-01 -1.424701932357365190e-02 1.134483092032875229e-01 4.656961000000000017e-01
1.169389604717794712e-01 8.451217388722597965e-03 -9.931031449192112559e-01 -7.483383000000000118e-01 1.519474719865651115e-02 9.998315246015033742e-01 1.029767306736256369e-02 2.176809999999999856e-02 9.930228593448130470e-01 -1.629415041301377626e-02 1.167908450220717098e-01 4.673505000000000020e-01
1.139632477289464346e-01 8.468085610772203842e-03 -9.934488762352894353e-01 -7.599449999999999816e-01 1.409819870344515905e-02 9.998492001089319681e-01 1.013991296052496778e-02 2.214079999999999868e-02 9.933849299040070635e-01 -1.516141707154967065e-02 1.138266773300247170e-01 4.696858999999999895e-01
1.152165276958045659e-01 9.421420412378339604e-03 -9.932957206105013093e-01 -7.712337000000000220e-01 1.433784925876919331e-02 9.998350766129451284e-01 1.114655341435411354e-02 2.248740000000000114e-02 9.932369192817767090e-01 -1.552599149167158479e-02 1.150624428901361185e-01 4.721138999999999752e-01
1.153861667320156964e-01 9.383465508302338276e-03 -9.932763880722957905e-01 -7.815246999999999611e-01 1.344751889158554356e-02 9.998489857901416977e-01 1.100771775099669211e-02 2.276169999999999929e-02 9.932296797632217400e-01 -1.462724134892352465e-02 1.152425574515266726e-01 4.741056000000000159e-01
1.146202929015141952e-01 9.543691295948845271e-03 -9.933635318510632972e-01 -8.014928000000000052e-01 1.500042447975837370e-02 9.998232188463496151e-01 1.133659213130530294e-02 2.300220000000000042e-02 9.932961168355577408e-01 -1.620027815107314209e-02 1.144568707733603086e-01 4.786753000000000258e-01
1.122791639328866997e-01 7.276929301738494990e-03 -9.936500569347688216e-01 -8.241306999999999938e-01 1.394472596993248138e-02 9.998631745140158511e-01 8.898138478250980365e-03 2.400609999999999897e-02 9.935788514074539446e-01 -1.485525330286022877e-02 1.121623264967003264e-01 4.831331999999999849e-01
1.136828065389286768e-01 7.569610297867655074e-03 -9.934882588623635824e-01 -8.362473000000000267e-01 1.453527403958897180e-02 9.998512802750251227e-01 9.281332931601701808e-03 2.428929999999999978e-02 9.934107636350767434e-01 -1.549575207376522462e-02 1.135558733031534207e-01 4.849184999999999746e-01
1.156162718657903765e-01 6.973202065974066013e-03 -9.932694760903520992e-01 -8.476264000000000021e-01 1.349329096986459468e-02 9.998720618526745207e-01 8.590170270953495155e-03 2.443309999999999926e-02 9.932023000268667134e-01 -1.439563751379207591e-02 1.155073886896993418e-01 4.863715000000000122e-01
1.136845444507580127e-01 8.560427709620545278e-03 -9.934800166236117391e-01 -8.584154999999999980e-01 1.391435335854249514e-02 9.998510872291758167e-01 1.020755295105814364e-02 2.437780000000000155e-02 9.934194557807074499e-01 -1.498407301314964163e-02 1.135485025541920212e-01 4.881650000000000156e-01
1.151561743001374427e-01 8.646833739004102307e-03 -9.933097642663371030e-01 -8.694792000000000076e-01 1.378507624015881498e-02 9.998519101748365445e-01 1.030191209357336247e-02 2.453390000000000085e-02 9.932517441180805928e-01 -1.487917961517786457e-02 1.150199235800907216e-01 4.900381999999999794e-01
1.161575425562170610e-01 9.083563718282077273e-03 -9.931892640264877725e-01 -8.799508000000000330e-01 1.468511662830287480e-02 9.998331702754497119e-01 1.086181230534970579e-02 2.480059999999999903e-02 9.931222344993156925e-01 -1.584678160130357019e-02 1.160047708327843763e-01 4.917753000000000263e-01
1.158650698517784822e-01 9.547402130164526698e-03 -9.932190758844735567e-01 -8.901164999999999772e-01 1.600200020368014453e-02 9.998060832484078064e-01 1.147745132681163641e-02 2.492429999999999993e-02 9.931360539109049812e-01 -1.722332755430376616e-02 1.156898241429783480e-01 4.933762999999999899e-01
1.153921623002447383e-01 1.060906272112533202e-02 -9.932633571555196106e-01 -8.994857000000000546e-01 1.661568151767688420e-02 9.997824422496599528e-01 1.260901649648040607e-02 2.471970000000000070e-02 9.931810348609044770e-01 -1.795872928368298996e-02 1.151907810336325610e-01 4.950904999999999889e-01
1.148664739494896642e-01 9.348923608036241450e-03 -9.933369472589762550e-01 -9.180935999999999542e-01 1.598817585997787047e-02 9.998087921411639156e-01 1.125865844127814375e-02 2.556980000000000017e-02 9.932522697658846544e-01 -1.717488819754135407e-02 1.146950383422069564e-01 4.992040999999999840e-01
1.140509304026019466e-01 1.038557316129186218e-02 -9.934206184413590934e-01 -9.364656999999999565e-01 1.516027067357596410e-02 9.998107321211096021e-01 1.219287203880416171e-02 2.600879999999999859e-02 9.933592257926661118e-01 -1.645113386858771884e-02 1.138718961246937278e-01 5.025581999999999550e-01
1.125784985579423719e-01 1.469301653360833432e-02 -9.935341951475966660e-01 -9.584354999999999958e-01 1.657739186413002136e-02 9.997237298490520008e-01 1.666295459042929639e-02 2.390230000000000132e-02 9.935045403728273161e-01 -1.834609609270444058e-02 1.123038245864085294e-01 5.064560999999999646e-01
1.111534407453603213e-01 1.988736042650245117e-02 -9.936042499434742936e-01 -9.677430999999999672e-01 1.778132252582010492e-02 9.995999082908755273e-01 2.199654323083933063e-02 2.030039999999999970e-02 9.936441703042897533e-01 -2.011258909588234736e-02 1.107553456053466112e-01 5.077277000000000040e-01
1.190017623214345843e-01 1.533273742105942944e-02 -9.927756482345696520e-01 -9.981617000000000406e-01 1.681507498469285433e-02 9.997062386740835915e-01 1.745536047680705874e-02 2.508300000000000113e-02 9.927516476025876058e-01 -1.877081562673730067e-02 1.187089830764929133e-01 5.110755000000000159e-01
1.021018773546440161e-01 1.263973803107788785e-02 -9.946936431199120410e-01 -1.018125900000000028e+00 1.730518648947239682e-02 9.997453940386173965e-01 1.448024927735047131e-02 2.592859999999999956e-02 9.946234147461148201e-01 -1.869181962986349310e-02 1.018571485841952562e-01 5.144649999999999501e-01
1.003479870912242361e-01 1.165483064391852584e-02 -9.948841371784961085e-01 -1.031430499999999917e+00 1.676814136697318477e-02 9.997695630844358750e-01 1.340336394542183084e-02 2.628720000000000015e-02 9.948110930834236365e-01 -1.802735844814233948e-02 1.001294333627504862e-01 5.160953999999999819e-01
9.204865037560884533e-02 1.148724893378780601e-02 -9.956882489393767965e-01 -1.044609200000000016e+00 1.693175529798317258e-02 9.997708312350778170e-01 1.309964404290248421e-02 2.649829999999999894e-02 9.956105471651846006e-01 -1.806455433866893667e-02 9.183305641209560388e-02 5.174940999999999569e-01
8.464787463777677379e-02 1.191060397791595359e-02 -9.963397386595542748e-01 -1.056780899999999912e+00 1.688243638583087486e-02 9.997678736041819558e-01 1.338589745406889957e-02 2.676330000000000028e-02 9.962678960304733877e-01 -1.795373002620143793e-02 8.442714561774944393e-02 5.189894000000000451e-01
4.481650920598297116e-02 1.119095950951780327e-02 -9.989325517410301281e-01 -1.074511500000000064e+00 1.850842420210933523e-02 9.997563222706812303e-01 1.203055748319756431e-02 2.703130000000000116e-02 9.988237676067506232e-01 -1.902783500711734826e-02 4.459846139495282635e-02 5.202822000000000280e-01
1.351431947611925893e-02 1.054681789138196477e-02 -9.998530531040366043e-01 -1.086764300000000016e+00 1.914752239888879021e-02 9.997582870518173515e-01 1.080462202947951762e-02 2.745430000000000093e-02 9.997253300557515932e-01 -1.929072584383198508e-02 1.330910745830371500e-02 5.207458999999999838e-01
-1.711967572936978679e-03 1.011884462005380181e-02 -9.999473376886326426e-01 -1.099425799999999898e+00 1.834168659619928032e-02 9.997809060039754003e-01 1.008575840861486786e-02 2.763569999999999915e-02 9.998303114528165336e-01 -1.832345418924472349e-02 -1.897189167856971892e-03 5.209207999999999616e-01
-1.555919969896446195e-02 1.082595771752901774e-02 -9.998203388330456631e-01 -1.112019300000000044e+00 1.835568016193543303e-02 9.997759654386423334e-01 1.053982623307115479e-02 2.773019999999999999e-02 9.997104482351480970e-01 -1.818839109786456187e-02 -1.575443171779444818e-02 5.209306999999999688e-01
-2.508672893434673451e-02 9.613129889786201088e-03 -9.996390567425308404e-01 -1.124463599999999897e+00 1.833674676394600814e-02 9.997899582260765250e-01 9.154405956432432392e-03 2.817069999999999991e-02 9.995170932752923676e-01 -1.810047413805365019e-02 -2.525773320169732994e-02 5.209778999999999938e-01
-5.640351019442461228e-02 9.861364762964969916e-03 -9.983593528999259448e-01 -1.136113799999999951e+00 1.868956254962327035e-02 9.997864348992893113e-01 8.819571592366114501e-03 2.821999999999999856e-02 9.982331111967037707e-01 -1.816144477680409902e-02 -5.657576896665161836e-02 5.202723999999999682e-01
-8.687810625914353657e-02 9.483007091336240549e-03 -9.961738137641095170e-01 -1.148085800000000045e+00 1.991457013143996951e-02 9.997714109746866917e-01 7.780468762491608500e-03 2.844210000000000141e-02 9.960198816034272484e-01 -1.916242088541568467e-02 -8.704709688729006523e-02 5.193244000000000193e-01
-1.005678470971995975e-01 1.008185997274117611e-02 -9.948791204109797004e-01 -1.159483000000000041e+00 1.906597981582127538e-02 9.997845659239243954e-01 8.204276566086972367e-03 2.851290000000000074e-02 9.947475039143840458e-01 -1.814325879769639049e-02 -1.007384018947234949e-01 5.182470999999999606e-01
-1.273394344078329354e-01 9.512047220042844226e-03 -9.918135860142154314e-01 -1.170240600000000075e+00 2.054148805347233778e-02 9.997648379749289882e-01 6.950972414923926521e-03 2.880910000000000068e-02 9.916464671006712805e-01 -1.948819403248169824e-02 -1.275048806129007728e-01 5.169827000000000172e-01
-2.544175508590520440e-01 1.003784644254328978e-02 -9.670423731428098302e-01 -1.185889399999999982e+00 2.341237678563611035e-02 9.997169966737885494e-01 4.217484414634726370e-03 2.884290000000000118e-02 9.668110313955508017e-01 -2.156775835213758236e-02 -2.545805596889415545e-01 5.137935999999999614e-01
-3.912877582456250058e-01 1.125945048618724222e-02 -9.201994974036136199e-01 -1.195595600000000092e+00 2.433568597971582509e-02 9.997020677072476769e-01 1.884200029241906577e-03 2.883660000000000043e-02 9.199465553144978713e-01 -2.165642160197825405e-02 -3.914451874380210361e-01 5.096429000000000098e-01
-5.220764714783473481e-01 1.143684897303388903e-02 -8.528219957378485594e-01 -1.203825099999999981e+00 2.362196221210303287e-02 9.997204069744823896e-01 -1.053935493871524173e-03 2.884350000000000108e-02 8.525714989547615863e-01 -2.069556388077598702e-02 -5.222006633524016728e-01 5.044640000000000235e-01
-5.423693439746555267e-01 9.242760002347695861e-03 -8.400893203130489484e-01 -1.212009499999999962e+00 2.117000056749537146e-02 9.997723306830326173e-01 -2.667934892219900669e-03 2.890459999999999904e-02 8.398733986693910358e-01 -1.923169748503444909e-02 -5.424415323510636266e-01 4.991133999999999848e-01
-5.521085990936810406e-01 8.812397848058798125e-03 -8.337256361963333307e-01 -1.223638800000000026e+00 2.115070410518246624e-02 9.997703844295982023e-01 -3.438914559635509322e-03 2.892669999999999964e-02 8.335038947255545283e-01 -1.953253853601687184e-02 -5.521682147821177500e-01 4.914734000000000047e-01
-5.569250438063869657e-01 9.233329013959538575e-03 -8.305114335254957236e-01 -1.230945200000000073e+00 2.079184846858540131e-02 9.997798281275567245e-01 -2.827420466197527391e-03 2.882459999999999883e-02 8.303024717646656505e-01 -1.884252914428587861e-02 -5.569944025544003585e-01 4.865291999999999950e-01
-5.653068336755215917e-01 9.161579625916025163e-03 -8.248298304853639573e-01 -1.238039899999999971e+00 2.114063932394734391e-02 9.997707836849674123e-01 -3.384295926906501911e-03 2.884719999999999993e-02 8.246097605344792081e-01 -1.935059556458418317e-02 -5.653709377767528466e-01 4.816374999999999962e-01
-5.730520605948189461e-01 8.827051765266224342e-03 -8.194714265947079523e-01 -1.244781499999999985e+00 2.061178248074877276e-02 9.997809122753973377e-01 -3.644430372582479344e-03 2.881389999999999993e-02 8.192597208889246252e-01 -1.897921512886173445e-02 -5.731084531937163939e-01 4.769537999999999833e-01
-5.804940787764846233e-01 8.876012833002624308e-03 -8.142160898076318265e-01 -1.251325699999999985e+00 2.058081946887384273e-02 9.997810688627492004e-01 -3.774150718829738342e-03 2.874670000000000003e-02 8.140043331429083207e-01 -1.894810649767391178e-02 -5.805496661653701818e-01 4.723084000000000171e-01
-5.881214299771402310e-01 8.800740903132764359e-03 -8.087247557489504191e-01 -1.257519199999999948e+00 2.035782902655649054e-02 9.997850545451805182e-01 -3.924729979994884786e-03 2.875020000000000006e-02 8.085163835068335247e-01 -1.877209811518953594e-02 -5.881741799274977645e-01 4.679170999999999747e-01
-6.129401287928648578e-01 9.085241369666072903e-03 -7.900771208588699412e-01 -1.269454000000000082e+00 2.024462627943753382e-02 9.997861968020137491e-01 -4.209013063762811167e-03 2.860009999999999983e-02 7.898699599441620922e-01 -1.857468905311544793e-02 -6.129930075493422725e-01 4.588163000000000102e-01
-6.204841252447443889e-01 8.842370066380646210e-03 -7.841691544627817922e-01 -1.275818499999999966e+00 2.036980306320746240e-02 9.997807781757938050e-01 -4.844245387081084694e-03 2.860590000000000008e-02 7.839544128598492367e-01 -1.897914860612266719e-02 -6.205282189197814935e-01 4.536973999999999729e-01
-6.374782126510910585e-01 9.604532886048523441e-03 -7.704085158818088086e-01 -1.281971900000000053e+00 2.108432381885425727e-02 9.997652857172183438e-01 -4.982445571237940039e-03 2.848540000000000100e-02 7.701798359372129532e-01 -1.941974311903908387e-02 -6.375310924911180566e-01 4.487240000000000117e-01
-6.834406345244882219e-01 1.037708024052299768e-02 -7.299323361013994038e-01 -1.288016999999999967e+00 2.160806061742176140e-02 9.997484008961347035e-01 -6.018855537001836266e-03 2.844829999999999928e-02 7.296862276328903718e-01 -1.988595261241508233e-02 -6.834929100521658363e-01 4.429049999999999931e-01
-7.348844872184276955e-01 9.460166656917710221e-03 -6.781263124909197026e-01 -1.293788099999999996e+00 2.019024027162756238e-02 9.997646834270420557e-01 -7.932967275891546557e-03 2.841559999999999919e-02 6.778916909385178657e-01 -1.952134777236858715e-02 -7.349025597571882118e-01 4.362387999999999821e-01
-7.536441690306104890e-01 9.815398574603994078e-03 -6.572093459750729671e-01 -1.300094199999999978e+00 2.008779306059502168e-02 9.997653762416288670e-01 -8.103890324335847120e-03 2.829399999999999971e-02 6.569756061347453713e-01 -1.930933502883554892e-02 -7.536645158985719739e-01 4.289668999999999843e-01
-7.651093779767959013e-01 9.666933383192608670e-03 -6.438277643368021108e-01 -1.306603200000000076e+00 1.981828579310254690e-02 9.997671224036707160e-01 -8.540287401877604684e-03 2.817580000000000084e-02 6.435952728852060156e-01 -1.929381661695466280e-02 -7.651227831924546363e-01 4.211577000000000237e-01
-7.728690050484027241e-01 1.086776940238216860e-02 -6.344725310237697702e-01 -1.313163599999999986e+00 2.067627415040899919e-02 9.997537196149141048e-01 -8.061749400769983170e-03 2.807149999999999923e-02 6.342286596510353647e-01 -1.934920423067399559e-02 -7.729033675517855695e-01 4.131626999999999938e-01
-7.758220933679934594e-01 1.059405207145305838e-02 -6.308627786633251855e-01 -1.319583200000000067e+00 2.028954297511770602e-02 9.997608236050604669e-01 -8.162721996494677959e-03 2.801069999999999949e-02 6.306254148763472678e-01 -1.913273752599317645e-02 -7.758514835113716757e-01 4.052865999999999969e-01
-7.826020501142356700e-01 1.090967399689167505e-02 -6.224267106818898165e-01 -1.325570899999999996e+00 2.074156957298234349e-02 9.997482596064418692e-01 -8.555974844496461520e-03 2.793100000000000097e-02 6.221766778405025677e-01 -1.960603037771972701e-02 -7.826313213283656589e-01 3.977669999999999817e-01
-7.972003601710464515e-01 1.195417929966978432e-02 -6.035964573623877616e-01 -1.331178100000000031e+00 2.134006267459792605e-02 9.997371106292419762e-01 -8.385186684798115117e-03 2.778109999999999954e-02 6.033375402444287605e-01 -1.956546007550115374e-02 -7.972458876054714372e-01 3.906040000000000068e-01
-8.068488861596486705e-01 1.218732448414769701e-02 -5.906321562739802467e-01 -1.336313099999999920e+00 2.129085393361969739e-02 9.997375635054825960e-01 -8.455983378560811420e-03 2.765480000000000022e-02 5.903740970280713096e-01 -1.939776373810445792e-02 -8.068966181117932512e-01 3.836139000000000077e-01
-8.124271286855584417e-01 1.138890245957257900e-02 -5.829515018219834088e-01 -1.341099000000000041e+00 2.027630376175455079e-02 9.997563336739294648e-01 -8.726097903628946342e-03 2.759040000000000104e-02 5.827100754933799420e-01 -1.890942039378788048e-02 -8.124600923976947886e-01 3.768277999999999905e-01
-8.178787930943093309e-01 1.190689880451888463e-02 -5.752673339999888613e-01 -1.345787499999999914e+00 2.070661893754980123e-02 9.997473348309248165e-01 -8.746566791480321276e-03 2.753289999999999904e-02 5.750178394961072970e-01 -1.906547296349264675e-02 -8.179186952270423028e-01 3.701957000000000164e-01
-8.228327293755103300e-01 1.210958508922567803e-02 -5.681546069666384424e-01 -1.350079800000000052e+00 2.077746447525562548e-02 9.997455490908975229e-01 -8.782598870450446932e-03 2.740079999999999946e-02 5.679036858820588618e-01 -1.903142196228516450e-02 -8.228749653134829201e-01 3.637644999999999906e-01
-8.280252620703584254e-01 1.180389371899711812e-02 -5.605665290278976087e-01 -1.354190299999999958e+00 2.068591923792500661e-02 9.997408497060304988e-01 -9.504008330497602797e-03 2.737679999999999975e-02 5.603090737428728652e-01 -1.946539293553418287e-02 -8.280548534724428977e-01 3.576713999999999727e-01
-8.498272335215689699e-01 1.216229842744846745e-02 -5.269210108375244062e-01 -1.358217400000000019e+00 2.096217938254070490e-02 9.997226592175421089e-01 -1.073273881823842181e-02 2.731369999999999978e-02 5.266443393796338412e-01 -2.016638648761897440e-02 -8.498464900530101618e-01 3.509871999999999992e-01
-8.782002904078878291e-01 1.171991234004609445e-02 -4.781494469119911273e-01 -1.362278099999999936e+00 2.008651901585516153e-02 9.997214952214834582e-01 -1.238804851246063342e-02 2.717889999999999889e-02 4.778710931635508086e-01 -2.048354575904826752e-02 -8.781911196725971092e-01 3.430135000000000267e-01
-8.913949363191966402e-01 1.228830329500743383e-02 -4.530607741866699567e-01 -1.366871799999999970e+00 2.017928512126605789e-02 9.997171361224608255e-01 -1.258746182117973997e-02 2.711059999999999859e-02 4.527779411107497043e-01 -2.036284226808518852e-02 -8.913907620669372367e-01 3.341591999999999896e-01
-9.107093873231550951e-01 1.182426512544587985e-02 -4.128784307707618062e-01 -1.370834899999999967e+00 1.897042487078846873e-02 9.997327316434170275e-01 -1.321318511992377286e-02 2.699019999999999891e-02 4.126118452270916004e-01 -1.986585097685898346e-02 -9.106902948550950061e-01 3.248537000000000230e-01
-9.149007702296215738e-01 1.130843554218493273e-02 -4.035203835233526770e-01 -1.375159500000000090e+00 1.863928909263730394e-02 9.997248036833682461e-01 -1.424407955509628121e-02 2.694699999999999873e-02 4.032482579446146631e-01 -2.055325243943324082e-02 -9.148597741068271727e-01 3.152416000000000107e-01
-9.268361633076642736e-01 1.179816354399661205e-02 -3.752806013133606622e-01 -1.379320700000000066e+00 1.897676796207255212e-02 9.997007246647487966e-01 -1.543837369963792575e-02 2.679849999999999940e-02 3.749861446278277000e-01 -2.143045593927307355e-02 -9.267826751161204468e-01 3.048925000000000107e-01
-9.380323289036907042e-01 1.277015696109555509e-02 -3.463123922453644199e-01 -1.385878399999999955e+00 1.912261145701633913e-02 9.997056332061501349e-01 -1.493226931696867849e-02 2.645749999999999838e-02 3.460197619538256109e-01 -2.062934868287119583e-02 -9.380004020843158985e-01 2.883805999999999869e-01
-9.523183524772658171e-01 1.283811242267420168e-02 -3.048359204628105501e-01 -1.391688599999999942e+00 1.859019633933568089e-02 9.996995686033325335e-01 -1.597426475227561871e-02 2.629019999999999968e-02 3.045392587747121627e-01 -2.087954510360853777e-02 -9.522709091751229149e-01 2.712279000000000218e-01
-9.590808176684669784e-01 1.173439462991813023e-02 -2.828891817709798806e-01 -1.395325099999999985e+00 1.732782792498956809e-02 9.997005547189523611e-01 -1.727852059699605189e-02 2.613199999999999898e-02 2.826017189611328417e-01 -2.147335272583705476e-02 -9.589969570144240008e-01 2.589100999999999764e-01
-9.712686078273782275e-01 1.087289297591340249e-02 -2.377374006070585855e-01 -1.400192000000000103e+00 1.570196052311931614e-02 9.997068786413755292e-01 -1.842838117818786092e-02 2.594679999999999903e-02 2.374673448809269949e-01 -2.163185141065181866e-02 -9.711546339897424440e-01 2.398938999999999933e-01
