1.000000000000000000e+00 0.000000000000000000e+00 0.000000000000000000e+00 0.000000000000000000e+00 0.000000000000000000e+00 1.000000000000000000e+00 0.000000000000000000e+00 0.000000000000000000e+00 0.000000000000000000e+00 0.000000000000000000e+00 1.000000000000000000e+00 0.000000000000000000e+00
9.999456423015993245e-01 6.472509354831557137e-04 -1.040641668724397693e-02 -6.633999999999999706e-04 -6.523313397669504949e-04 9.999996697103727961e-01 -4.848123023965391709e-04 3.348000000000000064e-04 1.040609945489622858e-02 4.915743808553875308e-04 9.999457342519957326e-01 2.494180000000000008e-02
9.994116161512084373e-01 -4.695668384944874760e-04 -3.429578704467532019e-02 -1.188599999999999943e-03 4.446986121262949004e-04 9.999996326715597794e-01 -7.327345289133685826e-04 2.224000000000000120e-04 3.429611851469355904e-02 7.170521108505579317e-04 9.994114578546198224e-01 4.925260000000000055e-02
9.988301818197721227e-01 7.710740402404885237e-04 -4.834949152478659057e-02 -2.510500000000000145e-03 -8.008658919722484466e-04 9.999995012168246822e-01 -5.968081140082241894e-04 5.849999999999999894e-05 4.834900722562996550e-02 6.348314156827527394e-04 9.988303011469814585e-01 7.341889999999999528e-02
9.986758042663079760e-01 2.111008488487676246e-03 -5.140215575444705837e-02 -3.798900000000000020e-03 -2.148780447302152657e-03 9.999974604530937894e-01 -6.795807180824696208e-04 1.497000000000000067e-04 5.140059061559695136e-02 7.891327674292210890e-04 9.986778041760230318e-01 9.795719999999999428e-02
9.982190723550121714e-01 1.611486896007798420e-03 -5.963293298742779192e-02 -5.222599999999999985e-03 -1.648260705183455382e-03 9.999984805972749191e-01 -5.674854970551988179e-04 1.860999999999999970e-04 5.963192788554472212e-02 6.647654666233789294e-04 9.982202118087609710e-01 1.223502999999999952e-01
9.965643036035649605e-01 1.544289865392747384e-03 -8.280823601522595279e-02 -7.274100000000000357e-03 -1.613394211562069278e-03 9.999984038726970059e-01 -7.676009227169051713e-04 3.431999999999999938e-04 8.280691844441391558e-02 8.985660076494577297e-04 9.965652045084005817e-01 1.463520000000000099e-01
9.952693336282181225e-01 1.874528351028628779e-03 -9.713619141547535918e-02 -9.763000000000000844e-03 -1.984498871287365511e-03 9.999974947201943909e-01 -1.035527674451275923e-03 1.785000000000000020e-04 9.713400693615259485e-02 1.223395600729864025e-03 9.952705601994522588e-01 1.704201999999999939e-01
9.941591568024907843e-01 9.809810091896250996e-04 -1.079194543259928973e-01 -1.255230000000000061e-02 -1.145905910707103710e-03 9.999982685493957746e-01 -1.466218897068580695e-03 3.040000000000000167e-04 1.079178291358951769e-01 1.581320482990019064e-03 9.941585595769548700e-01 1.952440000000000009e-01
9.912995314264151370e-01 -1.317939575392445130e-04 -1.316253076886143847e-01 -1.566419999999999965e-02 -3.241085287039638634e-05 9.999992239964319296e-01 -1.245373867752006891e-03 5.050000000000000235e-04 1.316253696796566286e-01 1.238804620034783316e-03 9.912987579028872398e-01 2.191076999999999886e-01
9.854933043624831690e-01 -4.229504625597739118e-04 -1.697137830867613828e-01 -1.979070000000000135e-02 2.844698842550167869e-04 9.999996065029661541e-01 -8.402801900363501527e-04 3.289999999999999739e-04 1.697140717017862066e-01 7.798120408380860126e-04 9.854930368904601945e-01 2.424605999999999983e-01
9.812188140902458056e-01 7.368544790117062798e-04 -1.928965938548645176e-01 -2.437800000000000036e-02 -9.057778577587086502e-04 9.999992796792968042e-01 -7.875324501236785320e-04 2.814000000000000095e-04 1.928958746106411160e-01 9.474631203187521998e-04 9.812187747244910385e-01 2.664098999999999773e-01
9.784131525260139073e-01 -1.728662332568418284e-04 -2.066583486853907359e-01 -2.911899999999999905e-02 -5.590262697160865119e-05 9.999993921707868161e-01 -1.101150740442162837e-03 4.511000000000000144e-04 2.066584134241900017e-01 1.088933111939499165e-03 9.784125481542406133e-01 2.902888000000000135e-01
9.733495546596561132e-01 9.156374188184051026e-05 -2.293264835554984504e-01 -3.513650000000000106e-02 -2.302703174216558571e-04 9.999998063976804907e-01 -5.780831969489295648e-04 6.019999999999999961e-05 2.293263862258986818e-01 6.154841044679876640e-04 9.733493873013364661e-01 3.133679999999999799e-01
9.697353932066967719e-01 3.473344753127907865e-04 -2.441580359542063483e-01 -4.095460000000000073e-02 -5.986258275776447412e-04 9.999993647972720279e-01 -9.550142254930348495e-04 1.578999999999999891e-04 2.441575491549909660e-01 1.072270401809296289e-03 9.697349851515173480e-01 3.375761999999999929e-01
9.690055136348377784e-01 7.391011708888531274e-04 -2.470379895375272306e-01 -4.732120000000000076e-02 -9.564059952229193905e-04 9.999992541105097166e-01 -7.596486005843978897e-04 9.260000000000000110e-05 2.470372438173169816e-01 9.723722966327780128e-04 9.690054977446000972e-01 3.619047000000000236e-01
9.687980766627566354e-01 1.327366363455885793e-03 -2.478477854512335932e-01 -5.333240000000000203e-02 -1.484043183332434514e-03 9.999987996489450026e-01 -4.453274066811596416e-04 4.300000000000000165e-05 2.478468968342624756e-01 7.992491515808636694e-04 9.687988836339667120e-01 3.862183000000000144e-01
9.647766416656698985e-01 8.894016879951170988e-04 -2.630688895725774024e-01 -6.577220000000000288e-02 -1.355365273125671254e-03 9.999978177696378090e-01 -1.589792734519930150e-03 7.112999999999999965e-04 2.630669015313175652e-01 1.890349332721023845e-03 9.647757417649515110e-01 4.338601999999999737e-01
9.551445402322451539e-01 -5.351792319475320294e-04 -2.961395293568941378e-01 -8.005429999999999491e-02 1.505986054447988392e-04 9.999991155368153084e-01 -1.321455881603683961e-03 1.054500000000000099e-03 2.961399746481266915e-01 1.217583170333319661e-03 9.551437760393093335e-01 4.816270000000000273e-01
9.499832160514198875e-01 1.302901464641089899e-03 -3.122982415390372357e-01 -9.636920000000000208e-02 -1.924764571051458539e-03 9.999967313968083360e-01 -1.682996448477896718e-03 6.204999999999999578e-04 3.122950279814705188e-01 2.199918969644159596e-03 9.499826187118265430e-01 5.298853000000000035e-01
9.448767311536190316e-01 1.134318965383770582e-03 -3.274243061303423463e-01 -1.124537000000000037e-01 -1.617357691124033476e-03 9.999979684868466334e-01 -1.202986399973522908e-03 8.229999999999999469e-04 3.274222763932691516e-01 1.666236077010101830e-03 9.448766462236143360e-01 5.770437999999999956e-01
9.440916534380465741e-01 7.534344773482546569e-04 -3.296822443582663742e-01 -1.273374999999999924e-01 -1.163595578643731579e-03 9.999987751396670621e-01 -1.046787702960679661e-03 6.807000000000000117e-04 3.296810518576169247e-01 1.371880335179384049e-03 9.440913737506562153e-01 6.211942000000000297e-01
9.390986297650907311e-01 1.432534347901846285e-03 -3.436447459494632040e-01 -1.440040999999999960e-01 -2.202423108406817605e-03 9.999958632928850344e-01 -1.850062044698026070e-03 6.488999999999999976e-04 3.436406741143727683e-01 2.494241860718005889e-03 9.390979000358586903e-01 6.660644000000000009e-01
9.352619940494287798e-01 5.377945785371922955e-04 -3.539558069359473591e-01 -1.627791000000000099e-01 -1.553511879607415158e-03 9.999954509160112748e-01 -2.585487985516307045e-03 6.042000000000000495e-04 3.539528062998317792e-01 2.967983199855844540e-03 9.352585749343329535e-01 7.162935999999999748e-01
9.323270892571972057e-01 1.964635839774268086e-03 -3.616107559838604990e-01 -1.841600999999999932e-01 -3.082932078319501525e-03 9.999920835229335614e-01 -2.515635359635610795e-03 2.491999999999999858e-04 3.616029509932164876e-01 3.460216391969561309e-03 9.323257653500294229e-01 7.708690999999999738e-01
9.318399699028707683e-01 1.847643949054035822e-03 -3.628647912146539256e-01 -2.075155999999999945e-01 -2.893830524504651964e-03 9.999930760016289000e-01 -2.339592634618217933e-03 2.103999999999999913e-04 3.628579560052559994e-01 3.230195139312590918e-03 9.318388646128952235e-01 8.312348999999999988e-01
9.319701369021596848e-01 2.067475810831359562e-03 -3.625291567120378922e-01 -2.342542999999999986e-01 -2.981200469325759501e-03 9.999936334006248595e-01 -1.961020647103030399e-03 4.407999999999999809e-04 3.625227942713828977e-01 2.908384773082772681e-03 9.319703669815260216e-01 8.984990999999999950e-01
9.320469818800364292e-01 3.178539599659395247e-03 -3.623235024868362020e-01 -2.623439000000000187e-01 -4.132789690762584713e-03 9.999897326070880110e-01 -1.858690339029896686e-03 2.727000000000000149e-04 3.623138744482288232e-01 3.229793556540985072e-03 9.320505484231502713e-01 9.709200000000000053e-01
9.322465302950285748e-01 4.456648266553685928e-03 -3.617962756014888592e-01 -2.922043999999999753e-01 -5.126775407784589164e-03 9.999864598960273021e-01 -8.922995735640664025e-04 1.183000000000000024e-04 3.617874001769525449e-01 2.686691429820602887e-03 9.322567558148143751e-01 1.047614199999999940e+00
9.328452181658420939e-01 6.889871600751161160e-03 -3.602115053887751661e-01 -3.214227000000000056e-01 -7.261193541892392925e-03 9.999735852253930357e-01 3.223659735393947373e-04 -1.833000000000000102e-04 3.602042115432156355e-01 2.314847899728710457e-03 9.328706059608329326e-01 1.121143100000000059e+00
9.331409877721149604e-01 8.129595122341104138e-03 -3.594187065566126216e-01 -3.505094000000000265e-01 -8.152041794376457470e-03 9.999657156050243412e-01 1.453213375371864092e-03 -4.336000000000000227e-04 3.594181981400835224e-01 1.573943352992082786e-03 9.331752683971309414e-01 1.195693700000000081e+00
9.334741250137137403e-01 9.033775022032111343e-03 -3.585309593866797817e-01 -3.809784999999999977e-01 -8.643087057047591296e-03 9.999590231899243564e-01 2.692394320438079580e-03 -1.462100000000000032e-03 3.585405904162122237e-01 5.855338621630389387e-04 9.335139539257515384e-01 1.274716299999999913e+00
9.336725357770143674e-01 9.786416894536171737e-03 -3.579941647291001727e-01 -4.134853000000000001e-01 -9.845325267864560650e-03 9.999501587600838626e-01 1.658181550071898512e-03 -4.991999999999999910e-04 3.579925495119831158e-01 1.976370423121187256e-03 9.337223508376892855e-01 1.359262799999999993e+00
9.336267274075933376e-01 1.047421024656684796e-02 -3.580941563191141763e-01 -4.565683999999999854e-01 -1.036946926661990939e-02 9.999437871263062716e-01 2.212847628976948641e-03 6.553999999999999930e-04 3.580972046488440363e-01 1.647272658413839047e-03 9.336828575675323316e-01 1.472475900000000060e+00
9.337454434571820228e-01 9.540102927206793940e-03 -3.578106108810759634e-01 -4.833676000000000084e-01 -9.781286174071585418e-03 9.999515169998072217e-01 1.135821537555617607e-03 1.362300000000000099e-03 3.578040990035348812e-01 2.439279795874087914e-03 9.337934871535279457e-01 1.543527099999999930e+00
9.330384339090713741e-01 8.725925607960025032e-03 -3.596708760391807980e-01 -5.239646999999999499e-01 -8.253682316285586296e-03 9.999618801255244493e-01 2.848688127557628350e-03 1.130399999999999938e-03 3.596820228712149792e-01 3.106736400157977633e-04 9.330748876189735030e-01 1.652813899999999947e+00
9.335575982162949149e-01 8.944016158788691342e-03 -3.583158039880103840e-01 -5.505584000000000033e-01 -8.541690698432366849e-03 9.999598585344333657e-01 2.705705048302809758e-03 1.130099999999999985e-03 3.583256205361755042e-01 5.346912636504279944e-04 9.335965208657417413e-01 1.721411900000000106e+00
9.264257063346216237e-01 9.004209129723354452e-03 -3.763699441511577093e-01 -5.871551999999999882e-01 -8.180298602479060474e-03 9.999593689278606368e-01 3.787242818864392652e-03 1.475900000000000042e-03 3.763887529631719242e-01 -4.297805753723305585e-04 9.264617217842761043e-01 1.814856999999999942e+00
9.255885866988193822e-01 7.065993284796146315e-03 -3.784651105607772514e-01 -6.110041999999999973e-01 -5.951652352570377391e-03 9.999738258441434047e-01 4.114056501909094631e-03 1.190099999999999925e-03 3.784842744516029311e-01 -1.555430977566269911e-03 9.256064145344486960e-01 1.873165399999999980e+00
9.252493091723189567e-01 7.582221330770115390e-03 -3.792838327635884021e-01 -6.328702999999999967e-01 -6.654028275020546467e-03 9.999708000848057665e-01 3.758042771000152677e-03 1.353800000000000055e-03 3.793012520198973392e-01 -9.533611302408365705e-04 9.252727442860800844e-01 1.927720799999999901e+00
9.253012811357522738e-01 7.307095005940519340e-03 -3.791624262649315180e-01 -6.565864999999999618e-01 -7.026686423727323931e-03 9.999730581591599332e-01 2.123354355722031732e-03 2.030099999999999960e-03 3.791677264831991301e-01 6.995129673685303393e-04 9.253276964811819605e-01 1.985369399999999951e+00
9.247629073602284810e-01 5.431617604050842027e-03 -3.805050100864125762e-01 -6.908777000000000390e-01 -5.082066441219916172e-03 9.999852366216567257e-01 1.923314695064225980e-03 3.759399999999999981e-03 3.805098392569430388e-01 1.551416532999579925e-04 9.247768585770963501e-01 2.072159500000000154e+00
9.244579650248746505e-01 4.791343468093968092e-03 -3.812538707080078138e-01 -7.140822000000000003e-01 -5.136087024087227990e-03 9.999868038032047046e-01 1.132675244033879130e-04 4.522800000000000431e-03 3.812493823105141399e-01 1.853441993113067636e-03 9.244703744526536759e-01 2.130760200000000104e+00
9.243822923729543284e-01 4.138418753584741962e-03 -3.814449515166533078e-01 -7.512031999999999599e-01 -4.370416079955945741e-03 9.999904163827092463e-01 2.580814284171305045e-04 4.539299999999999585e-03 3.814423639432438784e-01 1.428507247307283894e-03 9.243915200587001779e-01 2.220006199999999819e+00
9.251505342599273263e-01 3.966181876991080497e-03 -3.795797127875641386e-01 -7.886648000000000547e-01 -4.030250529654599671e-03 9.999916826608177267e-01 6.258513039467864360e-04 4.331899999999999640e-03 3.795790379344455290e-01 9.507946702945790961e-04 9.251588241757495723e-01 2.305597999999999814e+00
9.248284427592150525e-01 3.331787779678781723e-03 -3.803698866284719315e-01 -8.013017999999999530e-01 -3.277195899978466859e-03 9.999943170281313520e-01 7.911374559535469704e-04 3.610299999999999881e-03 3.803703608992143881e-01 5.148802115360964771e-04 9.248341059064426606e-01 2.336698999999999860e+00
9.246605082190098024e-01 3.256695122882275958e-03 -3.807785950878004866e-01 -8.431022000000000238e-01 -3.325709867742177202e-03 9.999943561807904668e-01 4.767184094118215006e-04 4.256399999999999594e-03 3.807779985687698709e-01 8.255564443844081455e-04 9.246661204253776578e-01 2.439439300000000088e+00
9.248862460125139018e-01 4.369439492504852141e-03 -3.802188053416095670e-01 -8.718156999999999712e-01 -3.973731933297431837e-03 9.999904381766303585e-01 1.825653262007984967e-03 4.436299999999999792e-03 3.802231468380137258e-01 -1.776339835929112865e-04 9.248947653948345060e-01 2.507547600000000099e+00
9.245203820716119125e-01 4.983142574740465590e-03 -3.811000281084224728e-01 -9.115716999999999848e-01 -4.849886250739814629e-03 9.999873811034241111e-01 1.310052392071253636e-03 4.791899999999999979e-03 3.811017472244327964e-01 6.371216484280500109e-04 9.245328833191870377e-01 2.605337599999999920e+00
9.243952772812616958e-01 3.492507785950088595e-03 -3.814199440635800409e-01 -9.397600999999999871e-01 -3.971089538538101829e-03 9.999920058369657916e-01 -4.676644511868078722e-04 5.932400000000000000e-03 3.814152616086257108e-01 1.946959559690088822e-03 9.244017565758390065e-01 2.673556099999999880e+00
9.242414761859516492e-01 3.066393805761812030e-03 -3.817961379147790657e-01 -9.684865999999999753e-01 -3.432900134473329187e-03 9.999940687099573289e-01 -2.788217564882182649e-04 5.615000000000000199e-03 3.817930183938409439e-01 1.568366644998473326e-03 9.242465208653951603e-01 2.743797300000000217e+00
9.237902978763038453e-01 3.657605068039370983e-03 -3.828813229641477300e-01 -9.830727000000000215e-01 -3.380738511034000592e-03 9.999933109284647736e-01 1.395960403003204935e-03 5.271800000000000097e-03 3.828838677154337566e-01 4.846957186685463791e-06 9.237964839832295549e-01 2.778294300000000216e+00
9.235538090415114088e-01 3.661898054936383803e-03 -3.834513688951322608e-01 -9.973208000000000073e-01 -3.396019419404867727e-03 9.999932945588326794e-01 1.370361074569054118e-03 5.550000000000000246e-03 3.834538158070910918e-01 3.660610498478010077e-05 9.235600520826864335e-01 2.813205500000000026e+00
9.235369881004916737e-01 1.758183618048706799e-03 -3.835053329494097496e-01 -1.023414499999999894e+00 -7.986900976630732785e-04 9.999961402370763919e-01 2.661128534527967479e-03 5.514500000000000304e-03 3.835085314623395969e-01 -2.151348719898560878e-03 9.235348277105119852e-01 2.877337199999999928e+00
9.230605105866293014e-01 1.024909306609581862e-04 -3.846547585707999484e-01 -1.048090600000000094e+00 6.233729601081328293e-04 9.999982527380446573e-01 1.762364040274808216e-03 6.255600000000000049e-03 3.846542671045049544e-01 -1.866552026325537942e-03 9.230588338680417726e-01 2.939373699999999978e+00
9.232089991724050648e-01 9.927033304865365195e-04 -3.842969664038265454e-01 -1.071976899999999899e+00 -1.346101489166847700e-04 9.999974376287297240e-01 2.259782308662987640e-03 6.117599999999999948e-03 3.842982249857445631e-01 -2.034521091652414897e-03 9.232067671961323718e-01 2.996401500000000162e+00
9.229677387174850534e-01 8.549111141570814396e-04 -3.848763728961797081e-01 -1.106694899999999926e+00 1.744080789496426959e-04 9.999965013048914830e-01 2.639499914430948942e-03 6.921100000000000342e-03 3.848772828689090986e-01 -2.503298816197257071e-03 9.229643604313670924e-01 3.080011799999999855e+00
9.230629781969947878e-01 6.566440162341354112e-04 -3.846482901310368518e-01 -1.127254399999999990e+00 3.985563614497887705e-04 9.999963732907348746e-01 2.663561188345261749e-03 6.555799999999999648e-03 3.846486441350354113e-01 -2.611938746076412302e-03 9.230593688062895819e-01 3.129206200000000049e+00
9.230600035061337083e-01 6.865866171084132955e-04 -3.846553763124512249e-01 -1.154699300000000095e+00 4.618387723558474694e-04 9.999957080128074605e-01 2.893209448380401703e-03 6.617200000000000165e-03 3.846557118153903221e-01 -2.848254690342212365e-03 9.230557246521003956e-01 3.195492499999999847e+00
9.174435233391020628e-01 2.436413056878866321e-05 -3.978660338474794278e-01 -1.181216599999999950e+00 1.070479880909168359e-03 9.999962274198485046e-01 2.529667744002267547e-03 6.784199999999999779e-03 3.978645944991324734e-01 -2.746734872465570517e-03 9.174400361285641736e-01 3.257333800000000057e+00
9.170010241314515698e-01 1.670859701779211582e-04 -3.988848127268667665e-01 -1.198662399999999906e+00 1.097163642700832616e-03 9.999950728833575386e-01 2.941163196718757280e-03 6.741099999999999870e-03 3.988833388019737414e-01 -3.134691577678282593e-03 9.169963226397926936e-01 3.297203500000000176e+00
9.141254219152122884e-01 1.153937065336654768e-03 -4.054298724040749091e-01 -1.216395700000000080e+00 -1.033676652166331221e-04 9.999965804201293995e-01 2.613132827376488717e-03 7.111400000000000360e-03 4.054315013950704483e-01 -2.346822809026537313e-03 9.141224152701005190e-01 3.335961800000000199e+00
9.084745654839607720e-01 7.344739443873515503e-04 -4.179394985123487949e-01 -1.241068999999999978e+00 4.351671718618001575e-04 9.999962514333538000e-01 2.703284811687813559e-03 7.350999999999999895e-03 4.179399173305430315e-01 -2.637739044254435242e-03 9.084708403875565441e-01 3.390170599999999812e+00
8.899077875281051764e-01 2.698918203884346709e-04 -4.561403916068365594e-01 -1.266294599999999937e+00 9.764042636894244061e-04 9.999964068023466934e-01 2.496601111414434304e-03 7.137600000000000021e-03 4.561394264164705947e-01 -2.667122194604906911e-03 8.899043263900071610e-01 3.441257499999999858e+00
8.728812317494903938e-01 1.410086766300904740e-03 -4.879306988854092975e-01 -1.295466800000000029e+00 -2.384834473165920246e-04 9.999969376597678261e-01 2.463289818893251836e-03 7.367799999999999870e-03 4.879326781279748060e-01 -2.033796056149733775e-03 8.728788949725294621e-01 3.493932500000000108e+00
8.664189607648173919e-01 1.410184247149537471e-03 -4.993157275788565608e-01 -1.315964499999999981e+00 -1.501424404232098650e-04 9.999967024566182028e-01 2.563695211474129390e-03 7.360099999999999629e-03 4.993176963461853912e-01 -2.146265658962773736e-03 8.664163154392118260e-01 3.528469600000000206e+00
8.621095751888345760e-01 1.303774801751657201e-03 -5.067202191929914834e-01 -1.335808300000000060e+00 -2.501182962139909642e-04 9.999976630060894989e-01 2.147422454298101701e-03 7.897400000000000600e-03 5.067218347462095762e-01 -1.724573461944169843e-03 8.621078865419392612e-01 3.562665500000000041e+00
8.455934801484571439e-01 1.284669330783096445e-03 -5.338258292319052467e-01 -1.356069799999999992e+00 -4.140959599530475658e-04 9.999983819774654892e-01 1.750590468077716563e-03 8.283799999999999150e-03 5.338272144195691515e-01 -1.259232767013035437e-03 8.455926439355310187e-01 3.594871499999999997e+00
8.289888243372824927e-01 4.836690596019839320e-04 -5.592649597356617042e-01 -1.377807599999999910e+00 4.874942260141596905e-04 9.999986212019598142e-01 1.587433009274072469e-03 8.392200000000000701e-03 5.592649564144619445e-01 -1.588602662755484330e-03 8.289874455432422184e-01 3.626933600000000091e+00
8.210649378891886618e-01 1.161938791606854883e-03 -5.708336164481443431e-01 -1.399118099999999920e+00 -5.403863300092424937e-04 9.999990624074828194e-01 1.258239551772753545e-03 8.728200000000000194e-03 5.708345432361613403e-01 -7.246256963877003351e-04 8.210647959606861557e-01 3.657425400000000160e+00
8.054298450944656906e-01 -2.711081510237516035e-04 -5.926910587578283485e-01 -1.420103200000000010e+00 1.301518394761635696e-03 9.999982933176744249e-01 1.311263362705376596e-03 8.916999999999999579e-03 5.926896917282881150e-01 -1.827528962485902748e-03 8.054288233338300351e-01 3.686145799999999806e+00
7.223396624472557814e-01 -1.380443853005277168e-03 -6.915370607786348600e-01 -1.453987799999999941e+00 3.493366276176280115e-03 9.999925323156934054e-01 1.652787012115451183e-03 8.466899999999999427e-03 6.915296150185075152e-01 -3.609665859278832732e-03 7.223390906386967236e-01 3.723854999999999915e+00
6.147920516740192909e-01 -1.176018487888575922e-03 -7.886883733002318930e-01 -1.480922700000000036e+00 4.145198061461443685e-03 9.999898945717772270e-01 1.740140039519061680e-03 8.568900000000000822e-03 7.886783568296273916e-01 -4.339093781197333848e-03 6.147907137666254185e-01 3.744830599999999787e+00
4.924449284642271607e-01 -1.162868326490408121e-04 -8.703435981882297057e-01 -1.509612900000000035e+00 3.126570010797867331e-03 9.999937749611148563e-01 1.635420125465130966e-03 8.699399999999999494e-03 8.703379900876611064e-01 -3.526544539878862482e-03 4.924422265543223487e-01 3.760179500000000008e+00
4.719686743929805695e-01 2.975643293161854314e-04 -8.816152686105217517e-01 -1.538333900000000032e+00 7.323456153184874830e-04 9.999994656917394753e-01 7.295794236846862412e-04 9.035899999999999488e-03 8.816150146530129517e-01 -9.899857098256022430e-04 4.719682042962872748e-01 3.774789100000000008e+00
4.623337180571697735e-01 1.726118741074979496e-04 -8.867059847280688301e-01 -1.565410299999999921e+00 3.008743163059722113e-04 9.999998929457140084e-01 3.515440318697091496e-04 9.218600000000000405e-03 8.867059504830668848e-01 -4.293177162346024120e-04 4.623336166278840809e-01 3.788492399999999982e+00
4.617151457767020850e-01 3.712564875754248428e-04 -8.870281767390589822e-01 -1.591143999999999892e+00 3.339920803663596954e-05 9.999999044271286053e-01 4.359245652402636887e-04 9.414600000000000399e-03 8.870282538030519470e-01 -2.308990127968195524e-04 4.617150892495871517e-01 3.801673200000000197e+00
4.532971180650884335e-01 7.961600030983246234e-04 -8.913591245301383248e-01 -1.615879400000000077e+00 2.342337391407935251e-04 9.999994601753483536e-01 1.012315942458443061e-03 9.087299999999999545e-03 8.913594493179733957e-01 -6.676662799437146131e-04 4.532966868765950785e-01 3.814263099999999795e+00
4.449846000151919667e-01 7.995168670998838720e-04 -8.955378643709593911e-01 -1.640192499999999942e+00 -1.993977807290661696e-04 9.999996651410218984e-01 7.936991677868487916e-04 9.082599999999999701e-03 8.955381990679373017e-01 -1.746156439956049792e-04 4.449846104299924887e-01 3.825830900000000145e+00
4.360397655810225870e-01 4.029963153643756476e-04 -8.999273084121943711e-01 -1.663552499999999990e+00 1.779373693765907028e-04 9.999998415775820382e-01 5.340253772271072279e-04 9.016500000000000209e-03 8.999273810537935514e-01 -3.929869981894466889e-04 4.360396247944443582e-01 3.837326500000000085e+00
4.274003070486724343e-01 4.147472342798746124e-04 -9.040623902803567313e-01 -1.685985899999999926e+00 -4.854535661177929455e-05 9.999999038567499721e-01 4.358094068716691157e-04 9.222299999999999248e-03 9.040624841116063903e-01 -1.423770431761936408e-04 4.274002860910702806e-01 3.847833200000000176e+00
4.194629897651634964e-01 -1.530877314989394309e-05 -9.077724384353778042e-01 -1.708342100000000086e+00 4.348995115444778767e-04 9.999998884858970483e-01 1.840940205291358080e-04 9.369099999999999998e-03 9.077723343876951123e-01 -4.720104183181261532e-04 4.194629496469024499e-01 3.858036499999999869e+00
4.003707718994162779e-01 -3.265704967590092925e-04 -9.163531733782429578e-01 -1.730222300000000102e+00 8.673340009790544980e-04 9.999996236110251235e-01 2.257296665308787011e-05 9.235900000000000012e-03 9.163528211013464153e-01 -8.038218202589612589e-04 4.003709044499674796e-01 3.867657200000000017e+00
3.850651789552982929e-01 -1.127350041251933075e-04 -9.228893732441301179e-01 -1.765383499999999994e+00 5.390326129789140995e-04 9.999998494430373253e-01 1.027508877840655312e-04 9.017700000000000021e-03 9.228892227130873760e-01 -5.370332593426426502e-04 3.850651817488983664e-01 3.881990899999999911e+00
3.654302176199855645e-01 -1.726011668431914805e-04 -9.308387219379343769e-01 -1.789564699999999897e+00 1.118686884482628660e-03 9.999993420749125894e-01 2.537506581900727718e-04 9.053300000000000236e-03 9.308380657181272166e-01 -1.134045228044152547e-03 3.654301702809392705e-01 3.891077800000000142e+00
3.075805566295485294e-01 3.717045547489736907e-04 -9.515219719056312586e-01 -1.814896800000000088e+00 1.986585224251960664e-03 9.999974933912183506e-01 1.032807061859409691e-03 8.610400000000000692e-03 9.515199707113896066e-01 -2.207950860916462442e-03 3.075790472226479499e-01 3.898992999999999931e+00
2.373254858833613312e-01 2.503801812416739294e-04 -9.714301575821039370e-01 -1.842902700000000005e+00 1.287998190193859411e-03 9.999990067041809594e-01 5.724083450618397233e-04 8.771499999999999783e-03 9.714293359842950393e-01 -1.387047373480977241e-03 2.373249276597281243e-01 3.904852200000000106e+00
2.093717338739805034e-01 1.852149639329826476e-04 -9.778361021919879104e-01 -1.872675400000000101e+00 2.477623275674328829e-03 9.999966715472922152e-01 7.199147454160821505e-04 8.686700000000000324e-03 9.778329808497494557e-01 -2.573439285074741439e-03 2.093705780971603092e-01 3.911297100000000082e+00
1.917096433300981284e-01 1.049543796116550291e-04 -9.814516807458349978e-01 -1.904635000000000078e+00 2.381488229545624443e-03 9.999970005916510862e-01 5.721201918620420594e-04 8.609800000000000786e-03 9.814487970179895937e-01 -2.446996583487795734e-03 1.917088183669737322e-01 3.917556300000000213e+00
1.802653779368435794e-01 1.930711773462190448e-04 -9.836179930444582942e-01 -1.937495500000000037e+00 2.869172783645974195e-03 9.999956231909589155e-01 7.221125005269079123e-04 8.953100000000000294e-03 9.836138273554438927e-01 -2.952341857968035846e-03 1.802640349951403209e-01 3.923315300000000061e+00
1.753764456122119675e-01 6.044764500337167310e-04 -9.845012630426881461e-01 -1.969903900000000041e+00 2.864740936384130993e-03 9.999952645853461553e-01 1.124307009204853847e-03 8.961999999999999481e-03 9.844972806380900554e-01 -3.017518037211513668e-03 1.753738834635899524e-01 3.929054700000000011e+00
1.649533837769723010e-01 4.425161449212271485e-04 -9.863012650098287315e-01 -2.000528099999999920e+00 3.202859012425091079e-03 9.999943863883543616e-01 9.843200319304657667e-04 9.002700000000000632e-03 9.862961638750672444e-01 -3.321350815589385781e-03 1.649510404759132465e-01 3.934067499999999828e+00
1.417626270258439125e-01 8.196204078873741208e-04 -9.899003413481168856e-01 -2.029532699999999856e+00 3.672331527041458252e-03 9.999923404558409556e-01 1.353887294075172432e-03 8.825599999999999418e-03 9.898938688363954075e-01 -3.827172851666798496e-03 1.417585312708780076e-01 3.938467000000000162e+00
1.256908870783722820e-01 1.456340569484293685e-03 -9.920683847283902068e-01 -2.056595300000000126e+00 4.194069800451103759e-03 9.999892061523967257e-01 1.999339192929203146e-03 8.530199999999999935e-03 9.920605882122122132e-01 -4.412102769101477161e-03 1.256834223960904273e-01 3.941787000000000152e+00
1.160579030073120715e-01 1.145064183749355032e-03 -9.932417892827307693e-01 -2.083291099999999840e+00 3.187094972758724391e-03 9.999937579956291733e-01 1.525252573767819225e-03 8.766599999999999393e-03 9.932373359752340036e-01 -3.342573528624870165e-03 1.160535291450707218e-01 3.944689499999999960e+00
1.070362671064873927e-01 8.834032872742497971e-04 -9.942547244657883310e-01 -2.109344000000000108e+00 3.697456075536673277e-03 9.999923367744736336e-01 1.286549997897738946e-03 9.011399999999999272e-03 9.942482418101016295e-01 -3.813920680827903760e-03 1.070321805185813213e-01 3.947323599999999821e+00
9.458752303834190578e-02 6.447802856236835214e-04 -9.955163407718903290e-01 -2.146604299999999910e+00 3.717873156722050279e-03 9.999925877539561636e-01 1.000927738108282157e-03 9.181800000000000378e-03 9.955096071383047196e-01 -3.795878755922004605e-03 9.458442472103256726e-02 3.950850200000000090e+00
7.401491110321913036e-02 8.024825945991817186e-05 -9.972571315837249761e-01 -2.170781600000000200e+00 4.579090558043714607e-03 9.999894275739542593e-01 4.203212775853019424e-04 9.150600000000000053e-03 9.972466218865038146e-01 -4.597640757172061221e-03 7.401376112199797852e-02 3.952055699999999838e+00
1.312150892169255956e-02 -3.569199025185401837e-04 -9.999138455946098292e-01 -2.196886500000000186e+00 4.913290533013562819e-03 9.999878869450657959e-01 -2.924709912286915445e-04 9.206900000000000500e-03 9.999018379719862848e-01 -4.909029570668438369e-03 1.312310363131230506e-02 3.951709300000000091e+00
-1.691938968068777346e-02 -2.898451902402635928e-04 -9.998568148703088632e-01 -2.228191900000000114e+00 3.196858505382003078e-03 9.999948308727353297e-01 -3.439818398845221042e-04 9.208700000000000219e-03 9.998517461846680998e-01 -3.202220725574391781e-03 -1.691837562814757501e-02 3.950896699999999928e+00
-6.398080230109692845e-02 3.872299320232341999e-04 -9.979510544059200239e-01 -2.260012600000000038e+00 3.903832467171695735e-03 9.999923705309324840e-01 1.377388638038540628e-04 9.266200000000000478e-03 9.979434939058302589e-01 -3.887021083823845487e-03 -6.398182584232570136e-02 3.948854199999999981e+00
-8.225427881451388701e-02 -7.298183749464917398e-04 -9.966111081970961960e-01 -2.292666399999999882e+00 2.825724791479773158e-03 9.999955415200562081e-01 -9.655151021325627300e-04 9.405800000000000619e-03 9.966073694771212521e-01 -2.895566464307101039e-03 -8.225184981958610919e-02 3.946061600000000169e+00
-1.091586372669492017e-01 -1.268012843362208847e-03 -9.940235329475110015e-01 -2.326865399999999973e+00 3.992416869309226533e-03 9.999905612727258974e-01 -1.714051632900469519e-03 9.611700000000000799e-03 9.940163240699640967e-01 -4.155659861882603397e-03 -1.091525445124761351e-01 3.942042600000000174e+00
-1.303819121175090745e-01 -1.423187709361641712e-03 -9.914628240783041058e-01 -2.382967499999999905e+00 2.905116312263296939e-03 9.999941285337062835e-01 -1.817470034294817486e-03 9.811099999999999682e-03 9.914595893387658787e-01 -3.117280041520149349e-03 -1.303770120586769110e-01 3.935582600000000042e+00
-1.624238050209965978e-01 -6.155426669878982446e-04 -9.867208970472484131e-01 -2.421053899999999981e+00 2.852340185932694672e-03 9.999953343636717173e-01 -1.093346400721353483e-03 9.095699999999999966e-03 9.867169663677447522e-01 -2.992049149558596941e-03 -1.624212914735061464e-01 3.928904300000000127e+00
-2.064124796079899182e-01 -9.107788644258673662e-04 -9.784646435839879919e-01 -2.480139700000000058e+00 2.677219486663144892e-03 9.999952978357750100e-01 -1.495594249712337443e-03 9.254500000000000573e-03 9.784614048381780060e-01 -2.928273928384537549e-03 -2.064090706676888765e-01 3.917293799999999937e+00
-2.380742467134192852e-01 -1.076489235241359730e-03 -9.712463612404240720e-01 -2.521413299999999857e+00 2.210093375238591715e-03 9.999961963250749708e-01 -1.650097771337514802e-03 9.714900000000000271e-03 9.712444432474816036e-01 -2.539390932616720272e-03 -2.380709620146493899e-01 3.907290199999999825e+00
-2.685403409861884527e-01 -2.394941615545451239e-03 -9.632654616032279016e-01 -2.584638099999999827e+00 1.423003727314929145e-03 9.999948317656653929e-01 -2.882967629153523718e-03 9.567499999999999616e-03 9.632673877607471624e-01 -2.144923452440159958e-03 -2.685355450959322487e-01 3.890286199999999805e+00
-2.835811065186186752e-01 -1.979546259691018252e-03 -9.589462119547066399e-01 -2.625442300000000007e+00 8.858607304970700933e-04 9.999969018892450601e-01 -2.326255075835865094e-03 9.343999999999999875e-03 9.589478459626684659e-01 -1.509174780279682725e-03 -2.835784743506469807e-01 3.878909600000000069e+00
-3.251360836697899104e-01 -1.527056780440579076e-03 -9.456660061530502981e-01 -2.683003400000000038e+00 8.250785362812996723e-04 9.999978575307155726e-01 -1.898467641951248272e-03 9.032600000000000004e-03 9.456668791605639113e-01 -1.397509058245590546e-03 -3.251341271339441841e-01 3.859542799999999829e+00
-3.278354997237460378e-01 -2.637166979128492943e-03 -9.447311418976334085e-01 -2.738670100000000218e+00 3.328830291537288738e-04 9.999957194049875486e-01 -2.906950393506153169e-03 8.773500000000000049e-03 9.447347639998069369e-01 -1.267486499177974957e-03 -3.278332185246086716e-01 3.840550700000000095e+00
-3.284839323587465665e-01 -2.855804733082014345e-03 -9.445052411508687573e-01 -2.801879200000000125e+00 1.720661543746034375e-03 9.999919602126875473e-01 -3.621993075442423576e-03 8.241699999999999374e-03 9.445079912345824003e-01 -2.814940374712351576e-03 -3.284763775444141665e-01 3.819239399999999840e+00
-3.282559755258129819e-01 -2.757079537628963004e-03 -9.445847834069845961e-01 -2.849843499999999974e+00 8.866317039929260497e-04 9.999944003971165118e-01 -3.226927119247734177e-03 8.526300000000000545e-03 9.445883910020375085e-01 -1.896756925557289974e-03 -3.282516929085773638e-01 3.802394599999999958e+00
-3.275200416887383836e-01 -2.479500534294382108e-03 -9.448409783499588377e-01 -2.921815200000000168e+00 1.146955668424730996e-03 9.999947765372526609e-01 -3.021819138326787765e-03 8.747100000000000708e-03 9.448435356104744054e-01 -2.073397046039071254e-03 -3.275154870228089710e-01 3.776795900000000206e+00
-3.273158703608796127e-01 -4.054968352561881539e-03 -9.449062801365859521e-01 -3.001784600000000136e+00 6.451712910492189527e-04 9.999895999313113126e-01 -4.514840331738984372e-03 8.804899999999999186e-03 9.449147605810301886e-01 -2.087405297399782395e-03 -3.273098501041777908e-01 3.749283099999999980e+00
-3.277778142924017146e-01 -2.213053975123460259e-03 -9.447522462793084275e-01 -3.060410000000000075e+00 1.343833467699597807e-03 9.999951526568838789e-01 -2.808696200466686936e-03 8.254799999999999638e-03 9.447538825373024141e-01 -2.190217988834851186e-03 -3.277732514648724615e-01 3.729287900000000100e+00
-3.271208104235238667e-01 -2.137835273405203247e-03 -9.449801082817564923e-01 -3.118893599999999822e+00 1.068955135322285400e-04 9.999973508817424639e-01 -2.299304861553980780e-03 8.234599999999999906e-03 9.449825204527358968e-01 -8.531646036748064378e-04 -3.271197153168131644e-01 3.709117200000000114e+00
-3.275490135455084162e-01 -2.659016666964727962e-03 -9.448304468822589230e-01 -3.178823200000000071e+00 6.544737999804278554e-04 9.999951615077701250e-01 -3.041155223553337113e-03 7.940100000000000283e-03 9.448339618099094173e-01 -1.614494166421903774e-03 -3.275456884454093220e-01 3.688473199999999785e+00
-3.376365544386584205e-01 -2.041460801715610715e-03 -9.412743434007888599e-01 -3.239618999999999804e+00 1.381977439915859545e-03 9.999954951877035869e-01 -2.664534228545440905e-03 7.988800000000000762e-03 9.412755426787347002e-01 -2.200464063461454907e-03 -3.376322121965837919e-01 3.667090899999999820e+00
-3.479058085379039267e-01 -6.350398720126980553e-04 -9.375292769348313460e-01 -3.297335599999999811e+00 3.119154145718757007e-04 9.999996368485227771e-01 -7.931025133743953596e-04 7.348600000000000271e-03 9.375294401214080420e-01 -5.683548042573618531e-04 -3.479054841166706602e-01 3.646464100000000208e+00
-3.472744698197731683e-01 -1.829035282210047988e-03 -9.377617486554525872e-01 -3.351273500000000016e+00 -1.716339093214899877e-04 9.999982051433434771e-01 -1.886862976686944429e-03 7.692100000000000326e-03 9.377635166464928229e-01 -4.943076249176252789e-04 -3.472741604363550616e-01 3.626200199999999985e+00
-3.476565122512334516e-01 -3.281189265284971401e-03 -9.376162238817724592e-01 -3.401209600000000055e+00 -1.481499030245233021e-03 9.999945508411843820e-01 -2.950160768713096064e-03 8.339499999999999691e-03 9.376207946979056018e-01 3.634349229918309044e-04 -3.476594788943995207e-01 3.607866000000000017e+00
-3.470763034702318839e-01 -3.119042382542402091e-03 -9.378317072609858585e-01 -3.468905200000000022e+00 -2.101553501242120654e-03 9.999945454859955341e-01 -2.548032797808793409e-03 7.134399999999999943e-03 9.378345392670932590e-01 1.086541703385811080e-03 -3.470809651721135092e-01 3.582828999999999819e+00
-3.471434223994748769e-01 -3.253000508334941664e-03 -9.378064098056021480e-01 -3.518494599999999917e+00 -1.249434617442198503e-03 9.999947007699935275e-01 -3.006217734594260685e-03 6.746699999999999572e-03 9.378112193815538733e-01 1.281390800052571808e-04 -3.471456472180800557e-01 3.564569999999999794e+00
-3.475280391807603064e-01 -3.887025564857252233e-03 -9.376615343584453477e-01 -3.603037800000000068e+00 -1.793123380525468973e-03 9.999923342557571759e-01 -3.480824365588755000e-03 6.667400000000000410e-03 9.376678765382324698e-01 4.716587537718390163e-04 -3.475323450361158528e-01 3.533901699999999924e+00
-3.475661357249671402e-01 -4.776470092842114747e-03 -9.376433045837131441e-01 -3.665722800000000170e+00 -1.785011822442614639e-03 9.999885837365891650e-01 -4.432395434100335103e-03 7.102800000000000259e-03 9.376537714049932859e-01 1.331538308808472015e-04 -3.475706938739943075e-01 3.510473000000000177e+00
-3.472991373833953510e-01 -4.476112490529630776e-03 -9.377437142363160838e-01 -3.733531999999999851e+00 -1.774473106452037008e-03 9.999899546623409741e-01 -4.116044169307809218e-03 6.915300000000000093e-03 9.377527181607867579e-01 2.345024122242305928e-04 -3.473035913875275327e-01 3.485037600000000069e+00
-3.469761844862057631e-01 -5.135308523749493315e-03 -9.378598807955057515e-01 -3.806609400000000143e+00 -3.090358151144530566e-03 9.999858409560231642e-01 -4.332155811232741432e-03 6.309600000000000278e-03 9.378688485528731134e-01 1.395168033266549036e-03 -3.469871415777057155e-01 3.458228099999999916e+00
-3.451121540317756420e-01 -5.592915184660571075e-03 -9.385447887230982111e-01 -3.882476299999999991e+00 -4.484412676457734566e-03 9.999806565380581214e-01 -4.310057152927504812e-03 6.223399999999999592e-03 9.385507398017940428e-01 2.721369039926334766e-03 -3.451305593077108602e-01 3.430069700000000221e+00
-3.463028231397748957e-01 -3.676914311277076474e-03 -9.381155765611018937e-01 -3.957925799999999938e+00 -4.185042806719169693e-03 9.999884234550422413e-01 -2.374525764246811395e-03 5.945299999999999717e-03 9.381134473517193095e-01 3.103748869781443841e-03 -3.463142021933631742e-01 3.403738999999999848e+00
-3.455887701456357708e-01 -2.094062577921772771e-03 -9.383837258025882200e-01 -4.060514900000000260e+00 -3.902548198726305852e-03 9.999920695618227384e-01 -7.943116639395730438e-04 5.551900000000000238e-03 9.383779473467948051e-01 3.387582527791759175e-03 -3.455942016554007790e-01 3.365653800000000029e+00
