9.999999510607211484e-01 2.799844131418825565e-05 3.116001323674669069e-04 -6.289999999999999747e-05 -2.800155731411193167e-05 9.999999995580000078e-01 9.995637355160461648e-06 2.900000000000000186e-06 -3.115998523674737720e-04 -1.000436215494675247e-05 9.999999514027211323e-01 1.609999999999999832e-05
9.999592724709606140e-01 3.853520221073241346e-03 -8.161113971335781994e-03 -8.656000000000000499e-03 -3.855201345916148964e-03 9.999925505821298799e-01 -1.902704098962640182e-04 -1.216800000000000086e-03 8.160319964915516491e-03 2.217253982190884101e-04 9.999666794528295766e-01 5.444399999999999934e-02
9.996445950560259863e-01 3.521404749893048379e-03 -2.642505030953138864e-02 -1.060769999999999942e-02 -3.530368720998698119e-03 9.999937254280779619e-01 -2.925767718495752602e-04 -8.607000000000000501e-04 2.642385422241858364e-02 3.857629596819545613e-04 9.996507545713009257e-01 8.230279999999999541e-02
9.992451717226721319e-01 4.268188268934344429e-03 -3.861177744974191028e-02 -1.300600000000000020e-02 -4.283797747082221385e-03 9.999907728010504204e-01 -3.215425633408657284e-04 -1.052999999999999900e-03 3.861004876699276889e-02 4.867048991717360588e-04 9.992542355439638646e-01 1.343801000000000023e-01
9.989649101003837961e-01 4.386444217319407021e-03 -4.527546239698084646e-02 -1.450030000000000069e-02 -4.398481395243045849e-03 9.999903128149867371e-01 -1.662456031583021986e-04 -1.021599999999999895e-03 4.527429457813541419e-02 3.652168030277638268e-04 9.989745266357591413e-01 1.589135999999999882e-01
9.956381602346225934e-01 4.372636834899309467e-03 -9.319621200309642639e-02 -2.523370000000000127e-02 -4.449326305204319258e-03 9.999899125139817269e-01 -6.151143869330274409e-04 -3.446999999999999760e-04 9.319258221578489987e-02 1.027091714150622694e-03 9.956475720366945170e-01 2.737282999999999800e-01
9.948528922587864809e-01 4.840012392509091509e-03 -1.012141148475238783e-01 -2.784119999999999998e-02 -4.931788068378462932e-03 9.999876231341118249e-01 -6.565402030041151988e-04 -8.459999999999999638e-04 1.012096844712797039e-01 1.152327483799320783e-03 9.948644490133287110e-01 2.948954999999999771e-01
9.941027791460251839e-01 4.578298592974719416e-03 -1.083452983573475192e-01 -3.042100000000000012e-02 -4.671633220227771471e-03 9.999889032420540280e-01 -6.076477675916579918e-04 -7.156999999999999950e-04 1.083413140828776711e-01 1.110213829566419333e-03 9.941131359599106876e-01 3.169346000000000108e-01
9.600485943971532876e-01 5.323580658816062967e-03 -2.797826940413211672e-01 -8.625850000000000184e-02 -5.581440571471267022e-03 9.999844158339465938e-01 -1.249415380066134845e-04 -7.234000000000000196e-04 2.797776687250030925e-01 1.681540427662829660e-03 9.600633460895133808e-01 5.317931000000000186e-01
9.510107121736500746e-01 4.514355882049888267e-03 -3.091249681309118924e-01 -1.053380000000000011e-01 -4.876472799833439682e-03 9.999880304180492896e-01 -3.987902495007237874e-04 2.019999999999999972e-05 3.091194677531642898e-01 1.886693298025361384e-03 9.510213431066621981e-01 5.898674999999999891e-01
9.443641830643587642e-01 5.021907892378460123e-03 -3.288633001511522269e-01 -1.265245999999999871e-01 -5.443025181410727359e-03 9.999851218561450761e-01 -3.599211376789718730e-04 -3.552000000000000144e-04 3.288565997848619804e-01 2.129907855116352621e-03 9.443774670493085832e-01 6.483773999999999926e-01
9.237331615640282934e-01 3.935042767729064056e-03 -3.830163986898485473e-01 -1.510402000000000133e-01 -4.042361634075978746e-03 9.999916919969560336e-01 5.246422441414957255e-04 -1.060500000000000028e-03 3.830152810781108363e-01 1.063661356414922132e-03 9.237413940520229350e-01 7.075061999999999740e-01
9.100835385911276720e-01 5.109094143161697563e-03 -4.143933517112549647e-01 -1.813336000000000114e-01 -5.435175372662481158e-03 9.999851523856930768e-01 3.922713735997573848e-04 -4.783999999999999733e-04 4.143892031099747908e-01 1.895300820042404577e-03 9.100977948444231025e-01 7.726709999999999967e-01
8.698917108551635913e-01 5.182165910521416806e-03 -4.932155274745030349e-01 -2.511125000000000163e-01 -5.638894745884449021e-03 9.999839437604457482e-01 5.613264205451119846e-04 6.779999999999999460e-05 4.932105171744832761e-01 2.292897246148410152e-03 8.699069653535930202e-01 9.003120999999999485e-01
8.541267799913324632e-01 5.358656294071473605e-03 -5.200372376131925378e-01 -2.896755999999999776e-01 -5.488713867945296462e-03 9.999841056630682790e-01 1.289356936319395897e-03 -1.620000000000000075e-04 5.200358811867829001e-01 1.753061309657517278e-03 8.541426163436236507e-01 9.618632999999999766e-01
8.203980665420758100e-01 4.531105068619058901e-03 -5.717748521060372902e-01 -3.340828000000000131e-01 -5.568395717215185101e-03 9.999844942403673942e-01 -6.517647569537926046e-05 1.458799999999999897e-03 5.717656909811572596e-01 3.237339292323118504e-03 8.204105766329113925e-01 1.023739100000000013e+00
7.978882395993883714e-01 5.345796538791088015e-03 -6.027817014212979441e-01 -3.786003000000000007e-01 -5.671813858158129135e-03 9.999829893059760666e-01 1.360744738147532567e-03 2.989000000000000012e-04 6.027787219507232397e-01 2.333143383900786790e-03 7.979049873295709361e-01 1.085155099999999928e+00
7.550420548390266440e-01 5.054011143061573619e-03 -6.556568861804366044e-01 -4.334539000000000031e-01 -5.967540454260778643e-03 9.999818445587157489e-01 8.360704964640317330e-04 7.098999999999999625e-04 6.556492079499425252e-01 3.281390606755922763e-03 7.550585067332854505e-01 1.148632000000000097e+00
7.456094417981457001e-01 5.363328904505201312e-03 -6.663616097919505821e-01 -4.920503999999999989e-01 -6.894267485710374628e-03 9.999761783731667686e-01 3.343082890495288444e-04 2.009100000000000209e-03 6.663475289796557677e-01 4.344811763327556184e-03 7.456286563923413269e-01 1.212779599999999958e+00
7.171723468444519689e-01 5.837132027285783960e-03 -6.968714033530987173e-01 -5.507079000000000280e-01 -7.174910301955110710e-03 9.999737679048875671e-01 9.920505334344810119e-04 1.549999999999999946e-03 6.968589136861063071e-01 4.288518601804564359e-03 7.171954148099540793e-01 1.272851900000000036e+00
7.082591150956498716e-01 6.445725467176446205e-03 -7.059231392348098710e-01 -6.099668000000000312e-01 -8.139112316362639640e-03 9.999664116688171678e-01 9.645646123765099639e-04 2.683300000000000008e-03 7.059056457733062784e-01 5.062426038137054357e-03 7.082877883374665284e-01 1.333729399999999954e+00
6.584379679861417367e-01 4.234418081064924080e-03 -7.526230876194240915e-01 -6.728631999999999946e-01 -6.032207708721374489e-03 9.999817452417900654e-01 3.487883920969916431e-04 3.192899999999999818e-03 7.526108255828104499e-01 4.310323270750074723e-03 6.584514912496306493e-01 1.390364099999999992e+00
6.259893013424622232e-01 5.813071363101228288e-03 -7.798099786525584109e-01 -7.410811999999999955e-01 -7.709686945985860275e-03 9.999694793752388344e-01 1.265324151596016085e-03 2.841499999999999842e-03 7.797935337844056347e-01 5.220011431137806975e-03 6.260150127182955160e-01 1.444278500000000021e+00
5.699967042777334125e-01 5.076853025660400982e-03 -8.216312936322947014e-01 -8.119121000000000254e-01 -7.323609950992698674e-03 9.999725790181271945e-01 1.098157147709566579e-03 4.795400000000000010e-03 8.216143388779237888e-01 5.391361163118987831e-03 5.700182552997763441e-01 1.494900099999999954e+00
4.573536720992021354e-01 4.913033804139366884e-03 -8.892713200796565909e-01 -8.856973999999999680e-01 -6.857774524872076866e-03 9.999744897749042183e-01 1.997680651618660881e-03 6.439600000000000185e-03 8.892584492406815366e-01 5.184775622842308952e-03 4.573756973821403449e-01 1.535484000000000071e+00
4.039825921153830657e-01 6.115532092018437921e-03 -9.147462301288632469e-01 -9.552926999999999946e-01 -1.008910427652356945e-02 9.999466183337459846e-01 2.229452354983365876e-03 6.645599999999999771e-03 9.147110337383238532e-01 8.328310160963005304e-03 4.040227270924611203e-01 1.566358700000000104e+00
3.726009661805366191e-01 6.345758293850263521e-03 -9.279699625273475361e-01 -1.022432000000000007e+00 -1.067483895449115178e-02 9.999397664517042372e-01 2.551721341925205881e-03 6.864199999999999989e-03 9.279302602106617170e-01 8.955156067159797395e-03 3.726462630500760875e-01 1.593725999999999976e+00
3.571860947605948189e-01 6.262812327336812583e-03 -9.340122434376478822e-01 -1.090481299999999987e+00 -1.232886406337968879e-02 9.999220165909620262e-01 1.989936574501240292e-03 7.402899999999999585e-03 9.339518685781307283e-01 1.080453230900768613e-02 3.572354535331025982e-01 1.619024000000000019e+00
3.271509638326712266e-01 6.530835416762737627e-03 -9.449495198433160992e-01 -1.158198599999999967e+00 -1.202081888904966284e-02 9.999239684198185651e-01 2.749053073063890441e-03 7.617900000000000366e-03 9.448956274513028442e-01 1.045971167485092168e-02 3.272045960176722668e-01 1.643634800000000062e+00
3.031527570347574696e-01 5.399550529672007132e-03 -9.529266764847664772e-01 -1.228125200000000028e+00 -1.245726708514507952e-02 9.999209553151935381e-01 1.702826567840515226e-03 8.339299999999999144e-03 9.528605471940764238e-01 1.135464555273748948e-02 3.031960580637172997e-01 1.666221100000000011e+00
2.432703468922113588e-01 5.414290133370967470e-03 -9.699434126717365601e-01 -1.295895599999999925e+00 -1.078995009471865781e-02 9.999376522787857269e-01 2.875505545776850351e-03 8.821600000000000621e-03 9.698985077315545045e-01 9.766115785817531397e-03 2.433135994607810160e-01 1.684319300000000075e+00
1.689579675395429803e-01 5.121479689688830314e-03 -9.856099510712615919e-01 -1.437380099999999938e+00 -9.436633926519250037e-03 9.999490714986479789e-01 3.578316521592368044e-03 9.988600000000000256e-03 9.855780817089244694e-01 8.696255215892633589e-03 1.689976922924584235e-01 1.712894799999999940e+00
1.660626735226895523e-01 5.870158175387650903e-03 -9.860977282731628879e-01 -1.509232399999999918e+00 -1.233984959910029537e-02 9.999163552990428805e-01 3.874340892315379127e-03 1.033610000000000084e-02 9.860379894174302606e-01 1.152491425018912705e-02 1.661212201290298562e-01 1.723831399999999903e+00
1.508343638536616682e-01 5.149713458396902241e-03 -9.885456363426817772e-01 -1.580040099999999947e+00 -1.230348369503445581e-02 9.999187588349141009e-01 3.331669102841055760e-03 1.069690000000000051e-02 9.884824828846626721e-01 1.166002492884171508e-02 1.508854693097766431e-01 1.734668400000000110e+00
1.171109427860816676e-01 5.141958908128206607e-03 -9.931055267887406446e-01 -1.653202400000000072e+00 -1.177681153759747856e-02 9.999234740927220866e-01 3.788491566491790277e-03 1.137789999999999982e-02 9.930490087552391598e-01 1.125194280684848995e-02 1.171625366459279061e-01 1.743652699999999944e+00
1.025880070835996083e-01 5.722154848059171628e-03 -9.947074734546381691e-01 -1.689754800000000001e+00 -1.347764527670533910e-02 9.998996578865624318e-01 4.362022023180547881e-03 1.081960000000000040e-02 9.946326225699668733e-01 1.295882333509654552e-02 1.026548343594160251e-01 1.746850800000000037e+00
9.044230688754710534e-02 6.090089963696156648e-03 -9.958830754305914024e-01 -1.764764100000000058e+00 -1.406427649194980783e-02 9.998893920866223084e-01 4.837325645717838532e-03 1.147010000000000043e-02 9.958023826300159698e-01 1.356887603594412843e-02 9.051795596181144710e-02 1.753850700000000096e+00
8.299798086569576405e-02 6.687973270910012140e-03 -9.965272731770792314e-01 -1.833580900000000069e+00 -1.462371933147306804e-02 9.998779822382901639e-01 5.492491966298254473e-03 1.195219999999999963e-02 9.964424127891845506e-01 1.411706940597598839e-02 8.308565668185430297e-02 1.759190699999999996e+00
7.428966430022300449e-02 5.613906685460856583e-03 -9.972209032255027195e-01 -1.901262500000000077e+00 -1.451195754424570994e-02 9.998843535791724912e-01 4.547807800935332011e-03 1.238030000000000033e-02 9.971311091658882075e-01 1.413377229500942939e-02 7.436254174191891941e-02 1.764439300000000044e+00
6.654674299588975162e-02 4.688210065003258799e-03 -9.977722945056280990e-01 -1.975311500000000109e+00 -1.389426309862097988e-02 9.998963572191896798e-01 3.771508019470936821e-03 1.327180000000000026e-02 9.976865642322670924e-01 1.361232919749725927e-02 6.660498513049650793e-02 1.769801399999999969e+00
5.040882451294584343e-02 4.416382469596353937e-03 -9.987189023830003176e-01 -2.055883199999999800e+00 -1.448439022503566001e-02 9.998882851737334043e-01 3.690475869006569314e-03 1.324209999999999970e-02 9.986236292272636650e-01 1.427980175678466440e-02 5.046716170694576231e-02 1.772950500000000096e+00
4.865287335119572454e-02 3.812404480272903184e-03 -9.988084718737381129e-01 -2.148511200000000176e+00 -1.574210590376985339e-02 9.998714346056101210e-01 3.049649395199711260e-03 1.443599999999999918e-02 9.986916861656492950e-01 1.557497453602870938e-02 4.870663355042159637e-02 1.777587100000000087e+00
4.963965979292685876e-02 3.987062844446422061e-03 -9.987592340026283377e-01 -2.247446500000000125e+00 -1.712887859767595056e-02 9.998483592020197541e-01 3.140082644606480809e-03 1.461959999999999996e-02 9.986203010622347609e-01 1.695175303333890798e-02 4.970042631072824069e-02 1.781110900000000052e+00
4.968827944941796998e-02 3.865452751642592909e-03 -9.987572944216132065e-01 -2.353728499999999890e+00 -1.780700367650588090e-02 9.998369906981645627e-01 2.983731171424370242e-03 1.534699999999999953e-02 9.986060211642131534e-01 1.763661834545506360e-02 4.974901192903535829e-02 1.785929600000000006e+00
5.153967436313957456e-02 5.017496696293463621e-03 -9.986583433254061504e-01 -2.468655099999999880e+00 -1.944267357361861154e-02 9.998028922722611567e-01 4.019831878458072529e-03 1.633700000000000083e-02 9.984816695417355614e-01 1.920940735483631437e-02 5.162706904546021658e-02 1.789784700000000006e+00
5.373662032523968818e-02 6.371197186901218779e-03 -9.985348183625979424e-01 -2.583258900000000136e+00 -2.217325062347248396e-02 9.997406944927670347e-01 5.185627436351215522e-03 1.731809999999999947e-02 9.983089314399673508e-01 2.186210469112211119e-02 5.386395627564599664e-02 1.795473300000000050e+00
5.589100668629695678e-02 6.127264843210919812e-03 -9.984180747548262458e-01 -2.696353199999999894e+00 -2.216993142186051563e-02 9.997422366254515858e-01 4.894328134648592496e-03 1.840529999999999944e-02 9.981907079873778565e-01 2.186131132116191783e-02 5.601244107318414933e-02 1.800619399999999981e+00
5.774618405388794173e-02 5.848017998383189114e-03 -9.983141684423321172e-01 -2.813576199999999972e+00 -2.405005400970807936e-02 9.997007845889577249e-01 4.464996568042754049e-03 1.904420000000000071e-02 9.980415688383649231e-01 2.375167315607672192e-02 5.786955065440102519e-02 1.806961400000000051e+00
5.856577119091898459e-02 5.922374206853622119e-03 -9.982659845595095449e-01 -2.936504100000000061e+00 -2.369284891885241676e-02 9.997089720623911768e-01 4.540934712766127312e-03 2.011469999999999925e-02 9.980023543834560806e-01 2.338582180961715565e-02 5.868904483263870375e-02 1.813889400000000096e+00
6.089535904631002139e-02 7.864258264719410293e-03 -9.981131742886509839e-01 -3.057936699999999952e+00 -2.482411305370897658e-02 9.996715902170704160e-01 6.362006284992276217e-03 2.013490000000000071e-02 9.978354166182507035e-01 2.438985762195831561e-02 6.107058365091111440e-02 1.820512399999999920e+00
6.151526191373066915e-02 8.833079446726330164e-03 -9.980670564942882850e-01 -3.167285399999999917e+00 -2.529015853341132214e-02 9.996535837202314978e-01 7.288376818822054487e-03 2.072099999999999984e-02 9.977856886290962235e-01 2.479292767677994738e-02 6.171734200509548796e-02 1.827094299999999949e+00
6.307582322213804715e-02 6.724464164145798825e-03 -9.979860831226828877e-01 -3.276638499999999787e+00 -2.454599105044961288e-02 9.996852579531126937e-01 5.184530313319170650e-03 2.366069999999999979e-02 9.977068381284156517e-01 2.416953894726990570e-02 6.322102924562023052e-02 1.832913800000000037e+00
6.384790927339667466e-02 7.066471811031180966e-03 -9.979346218352982412e-01 -3.383312500000000167e+00 -2.504525862750113865e-02 9.996713181660047409e-01 5.476372569866586396e-03 2.403780000000000153e-02 9.976453174859778450e-01 2.464387575821443133e-02 6.400390523957111277e-02 1.840251199999999976e+00
6.450876841653541138e-02 8.379072734770077677e-03 -9.978819619261024565e-01 -3.488548499999999830e+00 -2.518114120849961057e-02 9.996600068699955655e-01 6.766150465220329563e-03 2.443839999999999901e-02 9.975993829813746272e-01 2.469133055924348577e-02 6.469783049217925353e-02 1.847905399999999920e+00
6.507307635997433559e-02 9.281304855413379656e-03 -9.978373375020749281e-01 -3.587227099999999780e+00 -2.441791992492939670e-02 9.996721377969997047e-01 7.705978128438302141e-03 2.475339999999999832e-02 9.975817058865849019e-01 2.386366050205025735e-02 6.527837151656123993e-02 1.854376800000000047e+00
4.586656129943867538e-02 9.074802905991944529e-03 -9.989063552239429988e-01 -3.679833200000000026e+00 -2.334886625198749968e-02 9.996952898258564257e-01 8.009865463520058834e-03 2.556309999999999832e-02 9.986746662448746648e-01 2.295594590110136557e-02 4.606447165087290685e-02 1.860358600000000084e+00
4.455768515504998639e-02 9.457732507887412626e-03 -9.989620433176791270e-01 -3.766717900000000174e+00 -2.275612210860135723e-02 9.997053368517124783e-01 8.449756019110063465e-03 2.642140000000000113e-02 9.987476015491609793e-01 2.235600067125853227e-02 4.475977696308175435e-02 1.863639599999999952e+00
4.227227148835271259e-02 9.141643069411869993e-03 -9.990643049499899897e-01 -3.850079800000000052e+00 -2.125632923725138956e-02 9.997400321331393336e-01 8.248431231874627650e-03 2.750690000000000079e-02 9.988799845479799933e-01 2.088775987081589736e-02 4.245559983095936740e-02 1.869806199999999974e+00
4.232714829430860720e-02 7.369996601760474102e-03 -9.990766215197720568e-01 -3.936027999999999860e+00 -2.080663627653208878e-02 9.997624305880993267e-01 6.493556146825695853e-03 2.907380000000000034e-02 9.988871289610893323e-01 2.051257016236429642e-02 4.247043749723300454e-02 1.873757700000000082e+00
4.280955743154173793e-02 8.366707538450306181e-03 -9.990482170533520057e-01 -4.022451900000000080e+00 -2.158784413108226843e-02 9.997392162484098899e-01 7.447447937860540365e-03 2.938270000000000118e-02 9.988499921300934004e-01 2.124847523896915280e-02 4.297901257278124998e-02 1.877611499999999989e+00
4.280465196333089334e-02 8.494174349992885537e-03 -9.990473516167337475e-01 -4.108154299999999814e+00 -2.032534264697816173e-02 9.997643084133275293e-01 7.629421282373426670e-03 3.041850000000000109e-02 9.988766901958323619e-01 1.997940501949256598e-02 4.296721027115946168e-02 1.882179700000000011e+00
4.204720351109830084e-02 8.042270265759082076e-03 -9.990832570741383645e-01 -4.200516200000000033e+00 -1.982698987615677186e-02 9.997774037226462296e-01 7.213423462932088553e-03 3.124630000000000116e-02 9.989188771613775053e-01 1.950550933908903536e-02 4.219729797126414717e-02 1.886998699999999918e+00
4.143336719048227451e-02 8.745363577237406233e-03 -9.991029950406317139e-01 -4.294766899999999943e+00 -1.979837434932117321e-02 9.997725424845375075e-01 7.930174470204691059e-03 3.153589999999999866e-02 9.989450938146614556e-01 1.945204127863382759e-02 4.159708684164697967e-02 1.892563100000000054e+00
4.144722395915098612e-02 7.990023082040949298e-03 -9.991087464121353179e-01 -4.389885399999999827e+00 -1.974161795037172873e-02 9.997793594106842985e-01 7.176420909017619185e-03 3.337609999999999882e-02 9.989456422382458900e-01 1.942658043790201905e-02 4.159581500233144880e-02 1.896647999999999890e+00
3.981948696050002789e-02 7.461182528796036703e-03 -9.991790326130123301e-01 -4.489790400000000403e+00 -1.798913836700753721e-02 9.998154037251115733e-01 6.749027693289334252e-03 3.451839999999999770e-02 9.990449436131569882e-01 1.770562705085922117e-02 3.994635667643120502e-02 1.902447599999999905e+00
3.980009856177352950e-02 7.970888615422050752e-03 -9.991758689485817913e-01 -4.595398900000000175e+00 -1.743254008989057052e-02 9.998215261314346014e-01 7.281650240403923086e-03 3.481299999999999673e-02 9.990555833888760118e-01 1.712836299503696369e-02 3.993194811955436130e-02 1.907614900000000002e+00
3.987929496046033195e-02 9.642117621733507088e-03 -9.991579812027852059e-01 -4.705287499999999845e+00 -1.663057007554668426e-02 9.998213332889258620e-01 8.984744810905871334e-03 3.547410000000000146e-02 9.990660968987080670e-01 1.625826153447609487e-02 4.003252377077470836e-02 1.912673099999999904e+00
3.873397330604335526e-02 1.101639441376263753e-02 -9.991888301847892118e-01 -4.810898800000000364e+00 -1.549789712819423307e-02 9.998255767486458057e-01 1.042263228947577433e-02 3.603760000000000296e-02 9.991293682484420069e-01 1.508161574096533383e-02 3.889794814782954191e-02 1.918789899999999937e+00
3.781865079710253208e-02 1.050496357342749557e-02 -9.992294007845283765e-01 -4.914035799999999732e+00 -1.553429739583623084e-02 9.998300920349758591e-01 9.923339445444129270e-03 3.669519999999999726e-02 9.991638680698498032e-01 1.514703936922173408e-02 3.797541233538770378e-02 1.924139999999999961e+00
3.676737286012243811e-02 8.833729339060805708e-03 -9.992848070089572765e-01 -5.023164699999999705e+00 -1.530592407973243446e-02 9.998486105041541894e-01 8.275552004412045637e-03 3.951509999999999745e-02 9.992066297723560808e-01 1.499070708393962503e-02 3.689701505668618875e-02 1.930635199999999996e+00
3.531136406576919351e-02 8.630144847595031671e-03 -9.993390956866065045e-01 -5.138652300000000395e+00 -1.422975266301109570e-02 9.998656842471276285e-01 8.131888106268459621e-03 4.069129999999999969e-02 9.992750480758360032e-01 1.393320009663504347e-02 3.542942601994703011e-02 1.938259399999999966e+00
3.409597954126818847e-02 1.089894269315498307e-02 -9.993591332585562981e-01 -5.193773300000000148e+00 -1.385224309284975586e-02 9.998496363666498077e-01 1.043168341039247583e-02 4.018839999999999912e-02 9.993225603079409769e-01 1.348768718681542418e-02 3.424182754954230301e-02 1.940438499999999955e+00
3.349260560272439291e-02 1.032289288235415173e-02 -9.993856529150693113e-01 -5.248627700000000118e+00 -1.265098406003534875e-02 9.998709240514156438e-01 9.903930476371626199e-03 4.058769999999999739e-02 9.993588934773396382e-01 1.231150352749464834e-02 3.361887726619372518e-02 1.943513499999999894e+00
3.097707831041183676e-02 1.197957329233697438e-02 -9.994483030367726784e-01 -5.355050999999999561e+00 -9.294014545569988239e-03 9.998883969944163397e-01 1.169678800197591732e-02 4.174760000000000276e-02 9.994768841313828034e-01 8.926554748051507629e-03 3.108495950379686068e-02 1.951442600000000027e+00
2.732468994437713475e-02 9.962465522851012695e-03 -9.995769658211166586e-01 -5.460579400000000305e+00 -7.174446125698080538e-03 9.999265362021755310e-01 9.769827097174556621e-03 4.585380000000000011e-02 9.996008646666094677e-01 6.904453593531882129e-03 2.739415774105224965e-02 1.961049599999999948e+00
2.636102082577502365e-02 9.557708128827486702e-03 -9.996067960935178798e-01 -5.559403399999999884e+00 -6.994635234180065879e-03 9.999315771791679186e-01 9.376355257915679545e-03 4.720010000000000178e-02 9.996280166436736225e-01 6.744714620057783508e-03 2.642606981240602781e-02 1.965619999999999923e+00
2.506040240766037666e-02 9.070314490565922413e-03 -9.996447897259347348e-01 -5.655044099999999574e+00 -6.546293730958999829e-03 9.999388871521334154e-01 8.908871945485147270e-03 4.884560000000000290e-02 9.996645048562812219e-01 6.320708504216540451e-03 2.511824783798799476e-02 1.969489800000000068e+00
2.368918546175076065e-02 8.849646585930084908e-03 -9.996802019883475054e-01 -5.745244500000000087e+00 -4.262204736277423051e-03 9.999526251773527274e-01 8.751057747886589050e-03 5.031660000000000299e-02 9.997102860843960492e-01 4.053536261701328088e-03 2.372578219638377117e-02 1.973288300000000106e+00
2.272857900565995390e-02 8.909430936800844664e-03 -9.997019724581747147e-01 -5.827933800000000275e+00 -4.004616190776326065e-03 9.999530787335948467e-01 8.820622447964471258e-03 5.071309999999999707e-02 9.997336519021190471e-01 3.802942490669380688e-03 2.276319140332949686e-02 1.976281399999999966e+00
2.165886125178654101e-02 8.563987740384136280e-03 -9.997287391303992798e-01 -5.905733599999999583e+00 -3.611716132738548510e-03 9.999574563216495626e-01 8.487700119159721085e-03 5.119610000000000133e-02 9.997588955522485055e-01 3.426902496251981248e-03 2.168887049684253832e-02 1.979428299999999918e+00
1.190571720510979342e-02 8.679631209497943450e-03 -9.998914530587301730e-01 -5.976623499999999645e+00 -2.353201573504503513e-03 9.999598000882843341e-01 8.652204907006726814e-03 5.118770000000000264e-02 9.999263554583337488e-01 2.249935435848023253e-03 1.192566351814883241e-02 1.982242099999999896e+00
6.197129839743249768e-03 8.124851200152872349e-03 -9.999477898244111262e-01 -6.013278999999999819e+00 -2.675676304931199311e-03 9.999635466639976711e-01 8.108396849574582912e-03 5.169300000000000284e-02 9.999772179095185454e-01 2.625287819332521120e-03 6.218643405524248990e-03 1.982304599999999972e+00
4.651556167974248493e-03 7.862638966966314230e-03 -9.999582700961534565e-01 -6.083653499999999603e+00 -2.255994822806336834e-03 9.999666260831175935e-01 7.852210345256701793e-03 5.272480000000000222e-02 9.999866366669988293e-01 2.219375682895589896e-03 4.669139000128441630e-03 1.983117299999999972e+00
-4.267939810102504283e-03 8.323798571066883326e-03 -9.999562485764692532e-01 -6.151218899999999934e+00 -1.654405491932308542e-03 9.999639286757041612e-01 8.330923713462112801e-03 5.252910000000000218e-02 9.999895237612470567e-01 1.689888990308552243e-03 -4.254014921791782200e-03 1.983607899999999979e+00
-1.278613933795786327e-02 8.342084125943231149e-03 -9.998834553453047613e-01 -6.214488000000000234e+00 -1.447490848308982583e-03 9.999639963519190156e-01 8.361266061024894350e-03 5.346569999999999795e-02 9.999172062781370718e-01 1.554230463885893435e-03 -1.277360389986870182e-02 1.986367699999999958e+00
-4.117872128169994955e-02 7.907688309892099351e-03 -9.991205039329330573e-01 -6.276242700000000063e+00 1.429579944946346264e-04 9.999687170300711747e-01 7.908509609604218865e-03 5.409060000000000257e-02 9.991517865052418346e-01 1.828300494668153378e-04 -4.117856355626225984e-02 1.985679999999999890e+00
-6.325869486545719622e-02 6.961874025922808011e-03 -9.979728803098641965e-01 -6.338111399999999840e+00 -2.396382502662568539e-04 9.999755337053352067e-01 6.991034561427045615e-03 5.471600000000000075e-02 9.979971343132345574e-01 6.813961969658090256e-04 -6.325547882827831092e-02 1.983152400000000037e+00
-9.836017696131656163e-02 6.424987258614643648e-03 -9.951301397942207139e-01 -6.402492999999999768e+00 3.708610922375905027e-04 9.999793251335343802e-01 6.419639205703789493e-03 5.570119999999999932e-02 9.951508117115661634e-01 2.623817977382000496e-04 -9.836052615558465995e-02 1.978514899999999965e+00
-1.108070940565934887e-01 6.847959783371151618e-03 -9.938183402179385784e-01 -6.468043800000000232e+00 1.528963979562480979e-03 9.999762522080221094e-01 6.719917346755433993e-03 5.592359999999999692e-02 9.938407569504694727e-01 -7.748979309273344371e-04 -1.108149329166164820e-01 1.974190600000000018e+00
-1.179096629438112637e-01 6.401474030585219133e-03 -9.930036920952068913e-01 -6.531344400000000050e+00 4.492038863984971521e-04 9.999794629998907114e-01 6.393105217241618413e-03 5.710509999999999892e-02 9.930242240752967797e-01 3.077477636320566021e-04 -1.179101170000637078e-01 1.968900199999999989e+00
-1.466535380071092853e-01 6.507214518774574394e-03 -9.891665157844780065e-01 -6.591466399999999837e+00 2.380585391460639244e-03 9.999777884109253279e-01 6.225391392398920906e-03 5.741129999999999844e-02 9.891850547815566053e-01 -1.441819684024241328e-03 -1.466657715788092231e-01 1.962136899999999962e+00
-1.679991412728281674e-01 5.823604855616936263e-03 -9.857699397719928980e-01 -6.650928999999999647e+00 1.306961539537363284e-03 9.999829871186269870e-01 5.684832877228593491e-03 5.784790000000000071e-02 9.857862752052936051e-01 -3.333163564601133305e-04 -1.680038943509346572e-01 1.952344300000000032e+00
-2.012378420587652150e-01 5.983753074287406597e-03 -9.795241322308896326e-01 -6.709231899999999804e+00 2.150280130675201636e-03 9.999816307533483384e-01 5.666961375714142830e-03 5.868949999999999861e-02 9.795400488080572288e-01 -9.658442007738649721e-04 -2.012470122165512798e-01 1.941921900000000090e+00
-2.103285812590854342e-01 6.000118462299762305e-03 -9.776123395722757792e-01 -6.764790999999999777e+00 1.975132014758821004e-03 9.999817330974289931e-01 5.712471005327262284e-03 5.943559999999999816e-02 9.776287571256609965e-01 -7.294175078783292354e-04 -2.103365902334508597e-01 1.930490999999999957e+00
-2.586038360695140370e-01 6.301468060756253500e-03 -9.659629120573990368e-01 -6.816278900000000363e+00 3.586033375773841486e-03 9.999780946359270173e-01 5.563327505100352025e-03 5.995639999999999997e-02 9.659768094187143328e-01 -2.025277408267534603e-03 -2.586207685331164408e-01 1.917112499999999997e+00
-3.530973134091794918e-01 7.200074571928461939e-03 -9.355588950939314197e-01 -6.864732300000000009e+00 5.658631063506835979e-03 9.999685320987272696e-01 5.560099531812387301e-03 5.940829999999999722e-02 9.355694881502422122e-01 -3.330726418548062527e-03 -3.531269447434137732e-01 1.900277999999999912e+00
-4.854151406771811672e-01 9.135795694876156989e-03 -8.742360541858096301e-01 -6.910484799999999872e+00 8.541543678323373565e-03 9.999472356532228545e-01 5.706832840492775429e-03 5.922820000000000168e-02 8.742420621503770306e-01 -4.697142375904214510e-03 -4.854675618623316424e-01 1.875862600000000047e+00
-6.092820731961078318e-01 9.251129794205382312e-03 -7.928995976032424675e-01 -6.949197299999999800e+00 9.033683039637113721e-03 9.999480313043195290e-01 4.725173156090486069e-03 5.965519999999999851e-02 7.929021048355164858e-01 -4.283840350250095984e-03 -6.093339813757816525e-01 1.846555100000000005e+00
-6.282810154813348591e-01 7.605612815106770584e-03 -7.779493044147857139e-01 -6.987274199999999880e+00 7.096058523333572364e-03 9.999666401842639551e-01 4.045302464377247345e-03 5.975520000000000137e-02 7.779541191736024652e-01 -2.978787052065880354e-03 -6.283140260160696711e-01 1.815567300000000106e+00
-6.367645573375275703e-01 7.082533350503625487e-03 -7.710257688560619993e-01 -7.022623499999999908e+00 7.638569797152152015e-03 9.999666866863458070e-01 2.877111222319447478e-03 6.055159999999999709e-02 7.710204606689738949e-01 -4.057491696918855834e-03 -6.367974450254435537e-01 1.786154500000000089e+00
-6.374796045920568810e-01 6.970016330399094254e-03 -7.704357030937161177e-01 -7.059429200000000293e+00 7.132133862269560143e-03 9.999696195656347930e-01 3.145252347636158866e-03 6.079890000000000294e-02 7.704342193826319019e-01 -3.489816343822811986e-03 -6.375099487742610371e-01 1.756366099999999930e+00
-6.448280988987282747e-01 7.308802448355074949e-03 -7.642926823393134672e-01 -7.094667900000000138e+00 7.205477505051844159e-03 9.999679732840017765e-01 3.483317414509412135e-03 6.047519999999999979e-02 7.642936634334842605e-01 -3.260952783612720406e-03 -6.448601105839676384e-01 1.727345799999999931e+00
-6.526885200612342341e-01 6.702208403771973619e-03 -7.575967107787551225e-01 -7.128454200000000185e+00 6.790049542630939572e-03 9.999724573410452289e-01 2.996629192959111582e-03 6.072400000000000020e-02 7.575959285842848168e-01 -3.188253726397216516e-03 -6.527160516110291910e-01 1.699046700000000021e+00
-6.604064336260564438e-01 6.640640517702232383e-03 -7.508789811406547665e-01 -7.160937299999999617e+00 6.948686978481202238e-03 9.999721252232074420e-01 2.732128448143584208e-03 6.074729999999999713e-02 7.508761936395295100e-01 -3.413307794020503834e-03 -6.604341686764207964e-01 1.671789900000000051e+00
-6.676968400475226106e-01 6.881136970015079048e-03 -7.444014909607259423e-01 -7.191266999999999854e+00 7.210639750310831285e-03 9.999701499839758201e-01 2.775935052596069201e-03 6.085340000000000193e-02 7.443983721536091558e-01 -3.514127918116511338e-03 -6.677265266859111481e-01 1.645141500000000034e+00
-6.905237966142909745e-01 7.532304319251503788e-03 -7.232704547408439488e-01 -7.249137900000000023e+00 8.324813845663883022e-03 9.999623076077253092e-01 2.465935576625191868e-03 6.054450000000000109e-02 7.232617671243379842e-01 -4.318304699208712003e-03 -6.905604741517605838e-01 1.593465700000000096e+00
-7.004356714800858974e-01 7.511809156907872480e-03 -7.136760069117017435e-01 -7.278093300000000099e+00 8.351893808400845387e-03 9.999624120296570773e-01 2.328174745036673543e-03 6.032649999999999818e-02 7.136666700834882748e-01 -4.329809582467340420e-03 -7.004720813572267168e-01 1.565313100000000013e+00
-7.071669960556380419e-01 7.403931782464347536e-03 -7.070077945000365904e-01 -7.308133599999999674e+00 7.898738132585545607e-03 9.999654985071935176e-01 2.571328678490942144e-03 6.050610000000000016e-02 7.070024396178262727e-01 -3.766110649012491349e-03 -7.072010794569117964e-01 1.535593999999999903e+00
-7.596979450040357573e-01 8.046817345932152227e-03 -6.502263306628289774e-01 -7.352547200000000061e+00 9.081481813989863983e-03 9.999572057917004431e-01 1.764447028629793999e-03 6.061300000000000021e-02 6.502127029247487533e-01 -4.564571815173308969e-03 -7.597385113573201787e-01 1.487205600000000016e+00
-8.058363487620593402e-01 7.488496308310580059e-03 -5.920909570639228958e-01 -7.379584799999999944e+00 8.318221119760840776e-03 9.999645238468733988e-01 1.325988347835160798e-03 6.052769999999999678e-02 5.920798816133129305e-01 -3.856613895148011326e-03 -8.058700517565027255e-01 1.449684600000000101e+00
-8.223180947226483850e-01 8.968388843108019912e-03 -5.689573965537942923e-01 -7.408397199999999572e+00 9.558592584284745022e-03 9.999524201228368048e-01 1.946997249423584007e-03 5.954160000000000008e-02 5.689477870591644892e-01 -3.837380882896815164e-03 -8.223646941038011970e-01 1.408200700000000083e+00
-8.324567475659248039e-01 8.813711950250477378e-03 -5.540199291664700265e-01 -7.438158500000000117e+00 9.585929229325339945e-03 9.999529223766960850e-01 1.504324139118913680e-03 5.978889999999999899e-02 5.540071059045839075e-01 -4.058511052489778038e-03 -8.325020450997488997e-01 1.364336599999999899e+00
-8.394888187920553912e-01 1.017719106687995159e-02 -5.432816469430090667e-01 -7.468324700000000149e+00 1.057973530265808593e-02 9.999411918469628402e-01 2.383704805778223603e-03 5.965519999999999851e-02 5.432739569720288486e-01 -3.746682487697472561e-03 -8.395471219927390649e-01 1.319595700000000038e+00
-8.425624274937093539e-01 1.019052436289454890e-02 -5.385022831791134168e-01 -7.498210399999999609e+00 1.052422715169198768e-02 9.999416024235444622e-01 2.456091507608752431e-03 5.986310000000000242e-02 5.384958648112058155e-01 -3.597909927084238201e-03 -8.426204712831212307e-01 1.274781900000000023e+00
-8.484065832259182205e-01 1.021655246085050386e-02 -5.292465319628821829e-01 -7.525535600000000436e+00 1.064100117577955820e-02 9.999408632339468195e-01 2.244800420184833029e-03 6.000640000000000140e-02 5.292381681557939421e-01 -3.727209514381162221e-03 -8.484651255510362589e-01 1.231843800000000044e+00
-8.607934538154583537e-01 1.051197563883060279e-02 -5.088458786672280798e-01 -7.551031599999999955e+00 1.114764827120894031e-02 9.999362444919980275e-01 1.799135698195330861e-03 6.029779999999999862e-02 5.088323494103692557e-01 -4.123750648104273185e-03 -8.608557572985828799e-01 1.190998999999999919e+00
-8.689154215542240767e-01 1.105541854012030527e-02 -4.948371124987981373e-01 -7.573469199999999901e+00 1.175691065679999002e-02 9.999294480838279986e-01 1.695260032929609860e-03 6.034969999999999918e-02 4.948209426015166557e-01 -4.344718135160195553e-03 -8.689840954742916734e-01 1.152106400000000086e+00
-8.735340856004849552e-01 9.680449736190876314e-03 -4.866667136624704404e-01 -7.594539199999999823e+00 1.016044060966866946e-02 9.999470151642121385e-01 1.652970296308817677e-03 6.048509999999999998e-02 4.866569292024323645e-01 -3.500822344559273262e-03 -8.735861591750236910e-01 1.113648500000000041e+00
-8.782766274536377704e-01 9.899808681843364280e-03 -4.780503733464986360e-01 -7.615250099999999911e+00 1.056584918367557517e-02 9.999433401213825290e-01 1.295908145256747515e-03 6.071540000000000270e-02 4.780361163130790181e-01 -3.912842311673111508e-03 -8.783314642920133641e-01 1.076512600000000042e+00
-8.825364711078022006e-01 1.009436513250634368e-02 -4.701355984789482578e-01 -7.634163400000000266e+00 1.068748419877537520e-02 9.999418967199144026e-01 1.407432300627569407e-03 6.033859999999999918e-02 4.701224891941334638e-01 -3.782456444106573144e-03 -8.825930762118860962e-01 1.040769000000000055e+00
-8.869356825645660081e-01 1.044027534521113978e-02 -4.617749404682370273e-01 -7.652219299999999613e+00 1.096378821725007072e-02 9.999386955208634520e-01 1.549370182114153402e-03 6.028220000000000106e-02 4.617628074473462685e-01 -3.688610951308407201e-03 -8.869957744023334589e-01 1.007033199999999962e+00
-9.194538548530919453e-01 1.146668693677205079e-02 -3.930306907691622498e-01 -7.677153599999999578e+00 1.275509290987329215e-02 9.999184283426147957e-01 -6.665325915534924504e-04 6.060959999999999959e-02 3.929909876837524574e-01 -5.625988937881422000e-03 -9.195251121355092483e-01 9.487955999999999612e-01
-9.306721335829315489e-01 1.021366585825936833e-02 -3.657117181632679737e-01 -7.695292000000000243e+00 1.131911103531949188e-02 9.999355506743513589e-01 -8.787621701993762399e-04 6.076669999999999988e-02 3.656791729064752250e-01 -4.957371008658919415e-03 -9.307277620094495107e-01 9.007521000000000555e-01
-9.468846665121579687e-01 1.114960750814863316e-02 -3.213800158326181600e-01 -7.712111000000000161e+00 1.194742665061393830e-02 9.999284966997391555e-01 -5.103765550104543639e-04 6.060970000000000246e-02 3.213513456025785531e-01 -4.322931900220049889e-03 -9.469501702514228070e-01 8.515047999999999506e-01
-9.527597893005455010e-01 9.607463376800275123e-03 -3.035728587002504142e-01 -7.728708300000000087e+00 1.063156543698585282e-02 9.999420024589514844e-01 -1.720911020720545170e-03 6.072550000000000170e-02 3.035387186313104335e-01 -4.867069533671267677e-03 -9.528066739511301675e-01 7.998851999999999629e-01
-9.606614529168873151e-01 1.129136357629548400e-02 -2.774924827598094224e-01 -7.744539299999999571e+00 1.246029154687699862e-02 9.999193677255149293e-01 -2.449322758090284428e-03 6.090260000000000118e-02 2.774424517159946868e-01 -5.810607196703373827e-03 -9.607246862810510102e-01 7.451003999999999960e-01
-9.663122434262251259e-01 1.134803278101005793e-02 -2.571222867753321650e-01 -7.769419199999999748e+00 1.220780647242117149e-02 9.999239545406076735e-01 -1.747740542721346827e-03 5.974440000000000306e-02 2.570829003759427800e-01 -4.827762201463666261e-03 -9.663772943557906725e-01 6.555324000000000151e-01
-9.742697888778596438e-01 1.054192848768923871e-02 -2.251382824480353262e-01 -7.784265999999999686e+00 1.149727025628959065e-02 9.999296036285714173e-01 -2.932671795804006436e-03 5.997450000000000003e-02 2.250915175135320967e-01 -5.445689209687945044e-03 -9.743224072207755659e-01 5.942724000000000339e-01
-9.833390159606565373e-01 9.964926907422745270e-03 -1.815077957589079638e-01 -7.803937000000000346e+00 1.085135973032442906e-02 9.999335506939406315e-01 -3.891296520650090567e-03 5.993010000000000004e-02 1.814569582064320397e-01 -5.796070077065351885e-03 -9.833818067719837241e-01 4.986051000000000233e-01
-9.907449167202816431e-01 1.093300009358341360e-02 -1.352958961013834838e-01 -7.820264800000000349e+00 1.168120751242963939e-02 9.999205495443844738e-01 -4.737508829309867824e-03 5.975540000000000018e-02 1.352333515963211052e-01 -6.274082228496583903e-03 -9.907939122280760014e-01 3.976648999999999878e-01
-9.940919091784523598e-01 1.193824262597533402e-02 -1.078830592305535796e-01 -7.834750200000000220e+00 1.247633977293750342e-02 9.999128606356408877e-01 -4.314172147663240808e-03 5.970469999999999944e-02 1.078221547355180943e-01 -5.634669329499382776e-03 -9.941542302126653574e-01 2.936548999999999965e-01
