9.999999999201200085e-01 -1.000007559959699716e-06 -1.259999939949221900e-05 -3.130000000000000187e-05 9.999924399597003494e-07 9.999999999987799759e-01 -1.200006299951639642e-06 -4.400000000000000224e-06 1.260000059949221827e-05 1.199993699951640099e-06 9.999999999199000733e-01 -5.729999999999999688e-05
9.999581459613999801e-01 3.315188688249344831e-03 -8.527358876051327474e-03 -1.960299999999999890e-03 -3.326740334409453159e-03 9.999935674669109265e-01 -1.340829425484231377e-03 5.710000000000000015e-04 8.522858920988956449e-03 1.369141615076645583e-03 9.999627424694637057e-01 2.338849999999999957e-02
9.996356809904526353e-01 3.273140353506249784e-03 -2.679163755690081722e-02 -2.611299999999999993e-03 -3.307059026573883499e-03 9.999937852557243545e-01 -1.221806254257903554e-03 7.246999999999999970e-04 2.678747191036969649e-02 1.309962653832738404e-03 9.996402929786777358e-01 3.453780000000000044e-02
9.992331632347962733e-01 4.151675901910793082e-03 -3.893390654671781415e-02 -3.721599999999999821e-03 -4.214716516939808963e-03 9.999899364926128076e-01 -1.537230686014183717e-03 6.587999999999999672e-04 3.892713265146686974e-02 1.700147259998991247e-03 9.992406055814732069e-01 5.539530000000000148e-02
9.969321097427567002e-01 4.056774803040807433e-03 -7.816592059237430223e-02 -7.482400000000000162e-03 -4.169306405027806660e-03 9.999904936642910469e-01 -1.276505052260088879e-03 4.660999999999999996e-04 7.815999902736019134e-02 1.598486548227619642e-03 9.969395465086126062e-01 1.015551999999999983e-01
9.955851385506142570e-01 4.028631035055916902e-03 -9.377634045502969418e-02 -8.462600000000000677e-03 -4.195073886089073327e-03 9.999899558613921657e-01 -1.577824901960293586e-03 6.794999999999999825e-04 9.376904207810010661e-02 1.964257700602641508e-03 9.955920391603386710e-01 1.102038999999999935e-01
9.947930265469971944e-01 4.442426990581281251e-03 -1.018189529306739727e-01 -9.477400000000000407e-03 -4.657698254303774266e-03 9.999873920059779708e-01 -1.876612920811267238e-03 4.815999999999999968e-04 1.018093324820338041e-01 2.341083406471279257e-03 9.948011756869041822e-01 1.186992999999999937e-01
9.886316273544885069e-01 3.719038082994540525e-03 -1.503119228476337554e-01 -1.357839999999999915e-02 -3.984969338999190362e-03 9.999909824152874993e-01 -1.468028431401346848e-03 3.436000000000000035e-04 1.503051077434928995e-01 2.050327740972803306e-03 9.886375325377706469e-01 1.443927999999999878e-01
9.759873174661203299e-01 4.635395199806523377e-03 -2.177780274881468414e-01 -2.269080000000000055e-02 -5.097241596924304875e-03 9.999857937379644790e-01 -1.558990171814635551e-03 5.534000000000000074e-04 2.177677071408637977e-01 2.631621856354118914e-03 9.759970800637756128e-01 1.820453999999999961e-01
9.719179560543768082e-01 4.104663020326061729e-03 -2.352841652992653521e-01 -2.517170000000000171e-02 -4.502265133318311338e-03 9.999892003796470030e-01 -1.152706703066432199e-03 3.138999999999999863e-04 2.352768928470277132e-01 2.179648036623290513e-03 9.719259399906376995e-01 1.916428000000000020e-01
9.596125038533778184e-01 4.632962445382273614e-03 -2.812870030897812179e-01 -3.161980000000000346e-02 -5.248521891864527458e-03 9.999851967536333985e-01 -1.435023187170727816e-03 3.668999999999999736e-04 2.812761907204403555e-01 2.853407187342238156e-03 9.596226146778855659e-01 2.119871999999999868e-01
9.506194728345084277e-01 3.946569758816303661e-03 -3.103337597732160336e-01 -3.896979999999999889e-02 -4.563975053848748006e-03 9.999887869035095633e-01 -1.263407675843172037e-03 4.247000000000000232e-04 3.103252938442969122e-01 2.617375476757156233e-03 9.506268254925612782e-01 2.342559999999999920e-01
9.440707661584639698e-01 4.853801404027057939e-03 -3.297071869051400039e-01 -4.756620000000000292e-02 -5.608365034238315880e-03 9.999833785726195412e-01 -1.337467805871872441e-03 2.649999999999999903e-04 3.296952148979620523e-01 3.111782514777603360e-03 9.440822962448598421e-01 2.572356000000000087e-01
9.231555874795944749e-01 2.608920547653296226e-03 -3.844176827862903489e-01 -5.729059999999999708e-02 -3.216630602372062223e-03 9.999943868016170079e-01 -9.378980892857735965e-04 1.901999999999999882e-04 3.844130780719781648e-01 2.102355544153934348e-03 9.231587975578163796e-01 2.807722999999999747e-01
9.095790314077928373e-01 4.267233333741213969e-03 -4.155090568723346367e-01 -6.910750000000000226e-02 -5.122621974271764772e-03 9.999864336812677168e-01 -9.440325885681070429e-04 3.544999999999999974e-04 4.154993915367029000e-01 2.987168072770327639e-03 9.095885511919852284e-01 3.060836000000000112e-01
8.825422512168390465e-01 3.525528667588260275e-03 -4.702198905456123623e-01 -8.218369999999999842e-02 -4.070679882057223926e-03 9.999917045826179907e-01 -1.425876841568966174e-04 4.279999999999999950e-04 4.702154871783908452e-01 2.039954304358797352e-03 8.825492814591288093e-01 3.315310000000000201e-01
8.691908047610777954e-01 4.428314657276119851e-03 -4.944570102122995414e-01 -9.649800000000000044e-02 -5.475786381919848025e-03 9.999847833570293387e-01 -6.699387246333439114e-04 5.284000000000000502e-04 4.944465195370370547e-01 3.289845542169979493e-03 8.692018271000234719e-01 3.563726999999999867e-01
8.530364772689875696e-01 3.799164107917871527e-03 -5.218374601354307529e-01 -1.115637000000000018e-01 -4.792241584761422479e-03 9.999883639615314568e-01 -5.534998942270444571e-04 6.009999999999999717e-04 5.218292851777384112e-01 2.972926776887487368e-03 8.530447578159483513e-01 3.809754000000000196e-01
8.192202070848699780e-01 3.985832011768187036e-03 -5.734652260137458324e-01 -1.292626000000000053e-01 -5.970762980560947661e-03 9.999809278836627735e-01 -1.579195478283016742e-03 1.009200000000000028e-03 5.734479944103498816e-01 4.717733788868394215e-03 8.192283812799973086e-01 4.054827999999999766e-01
7.970186280739384177e-01 4.202367888256786088e-03 -6.039401018373169450e-01 -1.475539999999999907e-01 -6.767053949114526859e-03 9.999751580235023418e-01 -1.972388582690921821e-03 1.683400000000000044e-03 6.039168100690581742e-01 5.658925693371862943e-03 7.970272662061255176e-01 4.311118999999999923e-01
7.541580924990537449e-01 4.389449876315085729e-03 -6.566782349430899668e-01 -1.696004999999999874e-01 -7.533228250226929774e-03 9.999696895068644897e-01 -1.967368718621148420e-03 1.403200000000000064e-03 6.566496950355789064e-01 6.430614070860075047e-03 7.541683003231791638e-01 4.564534000000000091e-01
7.444720074006376809e-01 4.989669205236496596e-03 -6.676350300861146891e-01 -1.928061000000000080e-01 -8.746603034251704267e-03 9.999591486795535999e-01 -2.279891976292300511e-03 1.882500000000000059e-03 6.675963804067741592e-01 7.536854336170874073e-03 7.444852373919104149e-01 4.824833000000000038e-01
7.166417409034510078e-01 5.854744219300421840e-03 -6.974169034121538990e-01 -2.172376000000000029e-01 -1.034703527550473283e-02 9.999439639164838800e-01 -2.237831092173018805e-03 2.283400000000000100e-03 6.973647209716581363e-01 8.819920471081578450e-03 7.166621623519726647e-01 5.073722000000000509e-01
7.079804696898081007e-01 6.176535829559921115e-03 -7.062050020659332850e-01 -2.417455000000000020e-01 -1.153974676475251829e-02 9.999294291734844853e-01 -2.823281316978487263e-03 2.664000000000000135e-03 7.061377264970368772e-01 1.014825492070328856e-02 7.080017825822617628e-01 5.320991000000000470e-01
6.589340246758841335e-01 4.306130620377105617e-03 -7.521884128086004928e-01 -2.675243999999999955e-01 -1.071456433726200759e-02 9.999358927429431443e-01 -3.661763978737474483e-03 3.004399999999999953e-03 7.521244240386719682e-01 1.047223201870340660e-02 6.589379205365573089e-01 5.549344000000000499e-01
6.262777345764327652e-01 5.425443448184964247e-03 -7.795811463453959922e-01 -2.955787000000000275e-01 -1.259622325793178718e-02 9.999156701221717514e-01 -3.160348677677108330e-03 2.710999999999999868e-03 7.794982580695403174e-01 1.179903417736824500e-02 6.262932607485359737e-01 5.775270000000000126e-01
5.704069748278682850e-01 5.393992490292472651e-03 -8.213445001415267122e-01 -3.240385000000000071e-01 -1.299947405749593901e-02 9.999124743223122280e-01 -2.461172253173883953e-03 3.049300000000000014e-03 8.212593358628856866e-01 1.208091634131994857e-02 5.704271686362826221e-01 5.977679000000000187e-01
4.037898867067507558e-01 5.895125209154526355e-03 -9.148327578809788418e-01 -3.811833000000000027e-01 -1.585764601571711119e-02 9.998741049614245924e-01 -5.561388588245629733e-04 3.540800000000000197e-03 9.147143064674289059e-01 1.473165728485679310e-02 4.038325343721725913e-01 6.262423000000000295e-01
3.729248763182831383e-01 6.353086572076095673e-03 -9.278397894647550936e-01 -4.081579000000000179e-01 -1.713137425935006009e-02 9.998532464633214101e-01 -3.940485533457556422e-05 3.610400000000000154e-03 9.277033753517228698e-01 1.590986573683927235e-02 3.729789853775362651e-01 6.368909000000000376e-01
3.572229779123004545e-01 6.851538522523923334e-03 -9.339940045157371085e-01 -4.348351999999999773e-01 -1.947154648694245788e-02 9.998104050928201536e-01 -1.128961368058716691e-04 3.641500000000000205e-03 9.338161504969140214e-01 1.822663677163830626e-02 3.572886603058090804e-01 6.469787000000000177e-01
3.275527720070587345e-01 6.712002785588686883e-03 -9.448090445000503212e-01 -4.618375000000000119e-01 -1.946580903305188126e-02 9.998104604480819724e-01 3.541994960782057777e-04 3.813099999999999823e-03 9.446323432051120239e-01 1.827545340615427741e-02 3.276213423658765889e-01 6.566370000000000262e-01
3.035654288616070895e-01 6.416132821200086836e-03 -9.527889921906576021e-01 -4.891611000000000153e-01 -1.974687281115841686e-02 9.998049141293443576e-01 4.412448235583538159e-04 3.780299999999999893e-03 9.526059476059596243e-01 1.868065637056427752e-02 3.036329060943764313e-01 6.654968999999999468e-01
2.438457156453991692e-01 6.578257399013847685e-03 -9.697917268625130260e-01 -5.161362000000000450e-01 -1.863945757535529629e-02 9.998240748165341252e-01 2.095241885330644156e-03 3.890900000000000088e-03 9.696348991154760677e-01 1.756547599280569930e-02 2.439254321928455704e-01 6.725313000000000541e-01
2.072394459215732010e-01 6.684192233492194588e-03 -9.782674141707393689e-01 -5.438830000000000053e-01 -1.908573554369717706e-02 9.998139629400112360e-01 2.788226846185369590e-03 4.141099999999999989e-03 9.781040572213547390e-01 1.809312257117209888e-02 2.073284644296319312e-01 6.790156000000000525e-01
1.695918656266427460e-01 6.941082192275199562e-03 -9.854899393150978737e-01 -5.717170999999999781e-01 -1.863864226269715957e-02 9.998189324112662923e-01 3.834502131809987453e-03 4.127900000000000319e-03 9.853381146225280718e-01 1.771789406209824461e-02 1.696905303843626589e-01 6.837069000000000063e-01
1.661308675016948677e-01 7.390900162470987779e-03 -9.860760160646452333e-01 -6.004003999999999452e-01 -2.030320518077376873e-02 9.997855721159137898e-01 4.073039189888888988e-03 4.257099999999999773e-03 9.858946772969826577e-01 1.934384614401582145e-02 1.662453033737643082e-01 6.885251000000000010e-01
1.513146695561544408e-01 6.751262434044029079e-03 -9.884625896980920867e-01 -6.278920000000000057e-01 -2.076472672771461497e-02 9.997777276057328022e-01 3.649864030415580704e-03 4.340400000000000334e-03 9.882675229415542884e-01 1.997287758596274360e-02 1.514212246017744290e-01 6.928235999999999839e-01
1.171472609724199671e-01 7.201059482800662402e-03 -9.930884472135323993e-01 -6.567307000000000006e-01 -1.987529090857760930e-02 9.997904343629863133e-01 4.905116468609634767e-03 4.666400000000000235e-03 9.929156520359416760e-01 1.916330082726824813e-02 1.172658340841205016e-01 6.965497000000000494e-01
9.982010534578465710e-02 7.792920511507909001e-03 -9.949749830818146457e-01 -6.855194999999999483e-01 -2.143005438990757544e-02 9.997542127127559963e-01 5.680398924647605575e-03 4.656600000000000322e-03 9.947746977771407817e-01 2.075534998497625613e-02 9.996257354329718403e-02 6.995192999999999550e-01
8.432760764309611690e-02 8.635045901065771523e-03 -9.964006676891976610e-01 -7.133810999999999902e-01 -2.153214372397588283e-02 9.997447462963062748e-01 6.841713205349017439e-03 4.774999999999999731e-03 9.962054112359772784e-01 2.087769707656206633e-02 8.449201375832648964e-02 7.019898999999999445e-01
8.254823167962736796e-02 8.404887705943723392e-03 -9.965516280199520072e-01 -7.393416999999999906e-01 -2.182106140560772373e-02 9.997399464494997057e-01 6.624254847453414294e-03 4.978699999999999966e-03 9.963481473489570472e-01 2.119899374502924594e-02 8.271016828963018153e-02 7.042437999999999754e-01
6.871840314583566034e-02 8.436839810908189352e-03 -9.976004214128476599e-01 -7.664714000000000249e-01 -2.313998820332503759e-02 9.997086934282155557e-01 6.860701859154268861e-03 4.986599999999999887e-03 9.973676964966512459e-01 2.261300550690463484e-02 6.889361339709454413e-02 7.059942000000000162e-01
5.769948099280754195e-02 8.141710719644076888e-03 -9.983007975754191188e-01 -7.965879000000000154e-01 -2.151193129058677142e-02 9.997447107560962776e-01 6.910146695870414933e-03 5.106099999999999701e-03 9.981022025350457794e-01 2.107666628684450733e-02 5.785989485752007777e-02 7.079079000000000343e-01
5.075857378705055795e-02 7.418155347428583360e-03 -9.986834023645061453e-01 -8.293899000000000132e-01 -2.447409397849339974e-02 9.996813521321826768e-01 6.181660222197394444e-03 5.432900000000000056e-03 9.984110305435514032e-01 2.412809918771557580e-02 5.092395230685986540e-02 7.093300999999999634e-01
5.189591650700822040e-02 8.689749248993938399e-03 -9.986146915141431712e-01 -8.655540000000000456e-01 -2.591572071324144133e-02 9.996370969362309289e-01 7.351860228375970904e-03 4.778300000000000082e-03 9.983161770049662209e-01 2.549828792083729673e-02 5.210228443451569991e-02 7.106620999999999633e-01
5.516154155961361383e-02 9.681865990471636568e-03 -9.984305012386738287e-01 -9.051784000000000496e-01 -2.800962864758364465e-02 9.995744654217018077e-01 8.145476041554845087e-03 5.007199999999999845e-03 9.980844979438321385e-01 2.751635055492699169e-02 5.540925388729656120e-02 7.125247000000000108e-01
6.071228893728106840e-02 9.947032139059159769e-03 -9.981057431573174821e-01 -9.462298999999999571e-01 -3.101272958514882105e-02 9.994863757180915131e-01 8.074364222190485302e-03 5.472499999999999934e-03 9.976734077721400862e-01 3.046377037627940806e-02 6.098959024937611328e-02 7.144424000000000330e-01
7.160453768011898479e-02 1.207497030721969844e-02 -9.973600078585945772e-01 -9.863815000000000222e-01 -3.324494849958781889e-02 9.994000367170499111e-01 9.712878523853702914e-03 5.393600000000000130e-03 9.968789111937698122e-01 3.246169592056378367e-02 7.196300935261590315e-02 7.153165999999999691e-01
8.135848874301261635e-02 1.316565331499915982e-02 -9.965979439484322633e-01 -1.025380399999999970e+00 -3.758861782851995875e-02 9.992419319676193457e-01 1.013198930917229464e-02 5.877099999999999685e-03 9.959758491646244494e-01 3.663641590561175082e-02 8.179169218445403455e-02 7.170912000000000397e-01
9.293827390719222592e-02 1.436659250046033211e-02 -9.955682187891886636e-01 -1.063689000000000107e+00 -3.866132982429345416e-02 9.991938999906417873e-01 1.080980100225920060e-02 6.297600000000000420e-03 9.949209912447164461e-01 3.748534702276295344e-02 9.341878793483737731e-02 7.187331000000000136e-01
9.976352335850319220e-02 1.699161153206529482e-02 -9.948660837241566357e-01 -1.105078000000000005e+00 -4.134424516462568977e-02 9.990614575174041612e-01 1.291733312132593674e-02 5.697100000000000081e-03 9.941518459465156221e-01 3.984330860688359982e-02 1.003723964065416085e-01 7.217481000000000035e-01
1.040288551681955026e-01 1.569068438847906130e-02 -9.944505013904995083e-01 -1.150803999999999938e+00 -4.178074788912840287e-02 9.990618467121474833e-01 1.139278499484153509e-02 6.696299999999999648e-03 9.936963149766732117e-01 4.036370730662303119e-02 1.045868286843308903e-01 7.264178000000000024e-01
1.052118862662105164e-01 1.595861568484858994e-02 -9.943217696368361613e-01 -1.192079200000000005e+00 -4.213791393913025179e-02 9.990447435342163507e-01 1.157569114611200524e-02 6.980300000000000046e-03 9.935566693436085339e-01 4.068074485644317811e-02 1.057838447058931930e-01 7.316544000000000381e-01
1.072161245399287505e-01 1.906320839087995850e-02 -9.940529647480984554e-01 -1.231389800000000090e+00 -4.252720680790551822e-02 9.989890504806470117e-01 1.457098832931766688e-02 6.158799999999999865e-03 9.933257971681577203e-01 4.071205111046802272e-02 1.079184394560194216e-01 7.370788000000000340e-01
1.093026430653165765e-01 2.001480798905792835e-02 -9.938069931732703699e-01 -1.272203100000000031e+00 -4.066109687862436844e-02 9.990504513826726773e-01 1.564834792254870405e-02 5.645299999999999797e-03 9.931765237960282766e-01 3.869887664053251602e-02 1.100126789383738535e-01 7.415485000000000548e-01
1.108562646041774125e-01 2.191217889820383860e-02 -9.935948595951679119e-01 -1.316372300000000051e+00 -3.620758020487896411e-02 9.991822488159775029e-01 1.799568800444631064e-02 5.904200000000000073e-03 9.931766709572450447e-01 3.398073081879238178e-02 1.115589987374614456e-01 7.470573999999999826e-01
1.082061976835869410e-01 2.435722540479211273e-02 -9.938300379609384949e-01 -1.358448600000000006e+00 -3.289080095081996918e-02 9.992402213350541906e-01 2.090873690794307210e-02 6.477799999999999704e-03 9.935842259193096160e-01 3.042541103834409122e-02 1.089251135756753586e-01 7.534463000000000132e-01
8.857428584628450341e-02 2.496694715391459263e-02 -9.957566205838829232e-01 -1.417079100000000036e+00 -3.131191594917083487e-02 9.992615422523412061e-01 2.226957779268781343e-02 7.844900000000000137e-03 9.955772997645201405e-01 2.920653566046731500e-02 8.929064042944878654e-02 7.609388000000000263e-01
8.569399470154959175e-02 2.445002367167991089e-02 -9.960214533907114642e-01 -1.435983900000000091e+00 -2.962160203045163462e-02 9.993194347382856613e-01 2.198244862390844739e-02 8.483700000000000269e-03 9.958810671788276281e-01 2.761998727022738770e-02 8.635992321645580283e-02 7.632217000000000029e-01
8.384306444538500158e-02 2.509452185866336421e-02 -9.961629412486151525e-01 -1.471945899999999918e+00 -3.116881490072268696e-02 9.992597457616069212e-01 2.254917910109587378e-02 9.509999999999999357e-03 9.959913882770731197e-01 2.915862605017386852e-02 8.456316576840428034e-02 7.680447000000000246e-01
8.446869301471757185e-02 2.298366270542377687e-02 -9.961610267165789123e-01 -1.506645199999999907e+00 -3.182407954007207551e-02 9.992861500009947440e-01 2.035726842227461586e-02 1.104400000000000000e-02 9.959178017596695964e-01 2.998235589196895229e-02 8.513982894835259163e-02 7.722002999999999506e-01
8.391838801393190772e-02 2.366996854121829891e-02 -9.961914659052248933e-01 -1.541730800000000068e+00 -2.962383589387967975e-02 9.993352294497320765e-01 2.124917710368800020e-02 1.156519999999999944e-02 9.960321945098338237e-01 2.772781581569577422e-02 8.456379680463266268e-02 7.761938999999999922e-01
8.652068241861449183e-02 2.598965933515571050e-02 -9.959109945780595385e-01 -1.577193400000000079e+00 -3.049154831541324787e-02 9.992604216470026834e-01 2.342808594792670021e-02 1.133950000000000062e-02 9.957833283376187339e-01 2.833985422505159654e-02 8.724915854813020122e-02 7.803421999999999858e-01
8.514916169626318698e-02 2.247063739403175331e-02 -9.961147979613240722e-01 -1.618103899999999928e+00 -2.714048161196724179e-02 9.994270005319163541e-01 2.022535205249290091e-02 1.402579999999999973e-02 9.959985012640801827e-01 2.531286358519621582e-02 8.571023519290532633e-02 7.854022000000000503e-01
7.723184595264567798e-02 2.084207889409438880e-02 -9.967952897752471175e-01 -1.684621600000000052e+00 -2.733791192078416366e-02 9.994498343074001978e-01 1.877943755072531903e-02 1.625710000000000002e-02 9.966382897232867188e-01 2.579993120693329159e-02 7.775913455767913263e-02 8.029612000000000416e-01
7.424166457695696719e-02 1.935724602851004311e-02 -9.970523919368705634e-01 -1.727641600000000111e+00 -2.722106090479098350e-02 9.994783832741475083e-01 1.737743395653951889e-02 1.804590000000000014e-02 9.968686919971259108e-01 2.585069426317144342e-02 7.472986365604961101e-02 8.101973000000000091e-01
7.306958054380051359e-02 1.810492008033155742e-02 -9.971624984264289004e-01 -1.771189600000000031e+00 -2.543166486993445746e-02 9.995439172825086871e-01 1.628458920209063104e-02 1.929710000000000106e-02 9.970025410304110824e-01 2.416959437852261861e-02 7.349669303092010164e-02 8.150351000000000123e-01
7.232630333530087885e-02 1.822591277630161710e-02 -9.972144814177744676e-01 -1.817172999999999927e+00 -2.325809812427828693e-02 9.995919576259699735e-01 1.658249441798571866e-02 2.010100000000000081e-02 9.971098067502354168e-01 2.199396173843471552e-02 7.272069120653890106e-02 8.188440000000000163e-01
7.344631073512807029e-02 1.995649012054682286e-02 -9.970994824697622105e-01 -1.863984000000000085e+00 -2.451921245574580077e-02 9.995336913053309846e-01 1.819912542100182024e-02 2.048410000000000161e-02 9.969977169783034165e-01 2.311143542941181128e-02 7.390137950297759328e-02 8.240988000000000202e-01
7.138813030289666017e-02 2.038616689822615041e-02 -9.972402614470867732e-01 -1.887063600000000063e+00 -2.284135576920202915e-02 9.995623482456891251e-01 1.879852218097347732e-02 2.119700000000000056e-02 9.971870473078163766e-01 2.143632824812773813e-02 7.182253485332534826e-02 8.276054999999999939e-01
7.200225496495463173e-02 2.014875250581187049e-02 -9.972009341413700101e-01 -1.932126299999999963e+00 -2.192622273830714674e-02 9.995862983886167896e-01 1.861378065233485618e-02 2.250219999999999998e-02 9.971634349676042897e-01 2.052461561644048499e-02 7.241425355139385900e-02 8.317691000000000390e-01
6.821722112772045377e-02 1.754676189663185656e-02 -9.975161762540771804e-01 -1.978376300000000088e+00 -2.300231174308758550e-02 9.996072018992268049e-01 1.601048299309912673e-02 2.410189999999999902e-02 9.974052859274840088e-01 2.185298739626712408e-02 6.859404162004956174e-02 8.385639000000000287e-01
6.635066911522731481e-02 1.590892532491912023e-02 -9.976695318606095819e-01 -2.028230900000000059e+00 -2.265649239887921121e-02 9.996391129097528250e-01 1.443354749124668365e-02 2.574279999999999971e-02 9.975391080354399920e-01 2.164601663144265567e-02 6.668716446101274897e-02 8.439208999999999739e-01
6.308946195883531616e-02 1.844755092258321127e-02 -9.978373653330002702e-01 -2.076964100000000091e+00 -2.058806335492389950e-02 9.996404390627776637e-01 1.717918035503390381e-02 2.573280000000000012e-02 9.977954957991334028e-01 1.945971364989327115e-02 6.344657679990184374e-02 8.493825999999999876e-01
6.215481644091435526e-02 1.874948449237879428e-02 -9.978903925905221461e-01 -2.101146899999999818e+00 -1.882780935177361115e-02 9.996676426206028143e-01 1.761016446203507099e-02 2.571810000000000068e-02 9.978889178602042831e-01 1.769353352602877003e-02 6.248717054847163777e-02 8.524812999999999974e-01
5.891368564620521470e-02 1.965424571602265164e-02 -9.980695808754589393e-01 -2.147324799999999811e+00 -1.446748828828620277e-02 9.997179703624440306e-01 1.883272463091540880e-02 2.604319999999999899e-02 9.981582386707070764e-01 1.333005475344312477e-02 5.918141781050700878e-02 8.581393999999999966e-01
5.931221900391275836e-02 1.982770822064334332e-02 -9.980425455177494021e-01 -2.169803100000000207e+00 -1.340551776317623796e-02 9.997283810142205684e-01 1.906452958209824480e-02 2.608929999999999930e-02 9.981494641436886583e-01 1.224851751856383467e-02 5.956190937389749251e-02 8.599400999999999851e-01
5.633542053976485497e-02 1.877802092776591561e-02 -9.982352960713443135e-01 -2.212321300000000157e+00 -1.264365970061981023e-02 9.997563593213859567e-01 1.809308889666541575e-02 2.752059999999999923e-02 9.983318377483425543e-01 1.160206561281654225e-02 5.655911784613631976e-02 8.646357999999999544e-01
5.627996051505081837e-02 1.804258926768379304e-02 -9.982519877350317650e-01 -2.234325600000000023e+00 -1.302977433575323515e-02 9.997648279463396959e-01 1.733533334508065987e-02 2.853620000000000115e-02 9.983300010643694211e-01 1.203136625422818531e-02 5.650181590774716600e-02 8.663562000000000207e-01
5.498358852553172221e-02 1.624383887871402171e-02 -9.983551185281405171e-01 -2.276607299999999778e+00 -1.193019398169122176e-02 9.998069740654973447e-01 1.561041580333839655e-02 3.034219999999999973e-02 9.984159831775603067e-01 1.105225354741183087e-02 5.516676741580461840e-02 8.696795999999999971e-01
5.402209551326342396e-02 1.610848733917173703e-02 -9.984098005488529770e-01 -2.315115200000000151e+00 -1.113740111327063929e-02 9.998173941764711969e-01 1.552857361810934707e-02 3.125379999999999825e-02 9.984776269365270851e-01 1.028080433695085887e-02 5.419163744884791800e-02 8.725787999999999878e-01
5.311176093215428523e-02 1.619820843246639122e-02 -9.984571893147267119e-01 -2.350398100000000046e+00 -1.009718319585290944e-02 9.998260252443307294e-01 1.568330754759061918e-02 3.172090000000000326e-02 9.985375244537357808e-01 9.248637072634102382e-03 5.326607710451014555e-02 8.752315999999999985e-01
5.109132457870931010e-02 1.591402455313574438e-02 -9.985671837063920808e-01 -2.383314599999999839e+00 -9.726297196694022248e-03 9.998335419649307942e-01 1.543656388911093802e-02 3.219219999999999721e-02 9.986466220318550580e-01 8.923686703555571559e-03 5.123760454961012734e-02 8.784113999999999534e-01
4.033611145099889189e-02 1.615643364981062674e-02 -9.990555378780159312e-01 -2.412928099999999798e+00 -7.586134533285503016e-03 9.998453971739988955e-01 1.586292258101512642e-02 3.256440000000000029e-02 9.991573693247002286e-01 6.939121103400147303e-03 4.045244025342420446e-02 8.811364999999999892e-01
3.446224763940590463e-02 1.583981211071138276e-02 -9.992804680568602160e-01 -2.428083899999999851e+00 -7.586524300641785644e-03 9.998497306527242001e-01 1.558719868066825442e-02 3.282349999999999851e-02 9.993772051316139882e-01 7.043895653132258017e-03 3.457723813944302282e-02 8.817481000000000346e-01
3.288745077797861072e-02 1.536788372555634996e-02 -9.993409046622296898e-01 -2.458663699999999785e+00 -7.236326679877610329e-03 9.998592326985676904e-01 1.513771328879087372e-02 3.334209999999999952e-02 9.994328647575623226e-01 6.733716450024059517e-03 3.299402832729814161e-02 8.831257999999999608e-01
2.367013984358182221e-02 1.528877161388237337e-02 -9.996029101309799048e-01 -2.488376600000000050e+00 -6.989990855534278583e-03 9.998611442611896605e-01 1.512720147760195262e-02 3.386249999999999677e-02 9.996953858589249231e-01 6.629152226564126102e-03 2.377372148259948581e-02 8.846838000000000202e-01
1.441134415751683592e-02 1.481165574036368872e-02 -9.997864412032214654e-01 -2.516219599999999890e+00 -6.646261213732128012e-03 9.998696087972517299e-01 1.471708583618842187e-02 3.478099999999999942e-02 9.998740622555685187e-01 6.432748857203219282e-03 1.450790717807726171e-02 8.872906999999999877e-01
-1.451785319705938861e-02 1.373070259041996206e-02 -9.998003299383942943e-01 -2.543297299999999872e+00 -5.408922388710603671e-03 9.998900011097765494e-01 1.381047570810205703e-02 3.554910000000000014e-02 9.998799805462360579e-01 5.608340847755811584e-03 -1.444198794466522440e-02 8.881168999999999869e-01
-3.673071994428125236e-02 1.307092838838430637e-02 -9.992397135039420286e-01 -2.569869800000000204e+00 -5.633326471167769862e-03 9.998958607242637298e-01 1.328658493944409255e-02 3.592580000000000079e-02 9.993093214041605110e-01 6.117069359550485023e-03 -3.665326202681595813e-02 8.877028000000000141e-01
-7.211889652131635298e-02 1.238737664595216011e-02 -9.973191152606968313e-01 -2.597567300000000134e+00 -4.652233555656760597e-03 9.999078170345678807e-01 1.275594591196317455e-02 3.643450000000000161e-02 9.973851921336567283e-01 5.559706196970106221e-03 -7.205461941827240313e-02 8.866420000000000412e-01
-8.439113447348081665e-02 1.270460256380269957e-02 -9.963517097370657716e-01 -2.625925800000000088e+00 -3.523639662774179573e-03 9.999086573026644276e-01 1.304841042846615132e-02 3.665419999999999789e-02 9.964264751529865460e-01 4.611954561636251969e-03 -8.433865951813324102e-02 8.855971000000000259e-01
-9.243446377558972582e-02 1.239495490874627237e-02 -9.956416197605086893e-01 -2.653481000000000201e+00 -4.277348223074601587e-03 9.999083486542256205e-01 1.284517745140641327e-02 3.730830000000000257e-02 9.957095832614537567e-01 5.446043002924777846e-03 -9.237297449423476081e-02 8.845555999999999974e-01
-1.208286625414365656e-01 1.241743822988589790e-02 -9.925957090055623766e-01 -2.679321299999999795e+00 -2.729831291747942916e-03 9.999138209247105946e-01 1.284129062300431653e-02 3.760890000000000066e-02 9.926696239583272519e-01 4.261214797781617825e-03 -1.207843521275869803e-01 8.822828999999999811e-01
-1.430938810387525073e-01 1.167961556587982994e-02 -9.896402011789435793e-01 -2.704957199999999951e+00 -3.041110657838086602e-03 9.999204557606667931e-01 1.224066163845330055e-02 3.801829999999999793e-02 9.897044472241365298e-01 4.761169143558775102e-03 -1.430469797414551936e-01 8.791282000000000263e-01
-1.769471059884272779e-01 1.159587700723752751e-02 -9.841520498981616294e-01 -2.730305400000000215e+00 -2.339728912378818450e-03 9.999228109044151491e-01 1.220237278687208958e-02 3.860580000000000261e-02 9.842175813055450417e-01 4.461823556152563416e-03 -1.769063163926514193e-01 8.755741999999999692e-01
-1.870302136362100021e-01 1.188255649067606126e-02 -9.822822934566416420e-01 -2.754505599999999887e+00 -2.196420069074801577e-03 9.999192830658051312e-01 1.251411571172971436e-02 3.893250000000000183e-02 9.823517063282752870e-01 4.498022277878049521e-03 -1.869890180452153938e-01 8.715321000000000318e-01
-2.367854462170333740e-01 1.222279551080479761e-02 -9.714850774611523132e-01 -2.777377599999999891e+00 1.001370617119053466e-03 9.999234007788134759e-01 1.233652430061544548e-02 3.941979999999999790e-02 9.715614492746649233e-01 1.948292799749279727e-03 -2.367795481845483829e-01 8.666544999999999943e-01
-3.326283447134125160e-01 1.399231523441995736e-02 -9.429541873323411538e-01 -2.798482200000000031e+00 4.834160080772712843e-03 9.999020846595643164e-01 1.313209769118812639e-02 3.901450000000000057e-02 9.430456061026576409e-01 -1.902835727647491162e-04 -3.326634163875451522e-01 8.601682000000000494e-01
-4.671039528665159035e-01 1.601616487198411973e-02 -8.840573395879194329e-01 -2.818501700000000110e+00 8.836520368071407172e-03 9.998705599792344634e-01 1.344541537464014752e-02 3.886509999999999965e-02 8.841582511769379149e-01 -1.531584018385034711e-03 -4.671850180882669568e-01 8.506839000000000484e-01
-5.930915236899521048e-01 1.617680466904763970e-02 -8.049725184860849758e-01 -2.835521200000000075e+00 1.009553472521809020e-02 9.998689541373497747e-01 1.265522543830362862e-02 3.913559999999999955e-02 8.050717512779483886e-01 -6.209210753791933116e-04 -5.931771149928790621e-01 8.385793000000000275e-01
-6.132986239779544269e-01 1.482778746239830220e-02 -7.897119313684688446e-01 -2.852247999999999895e+00 8.703214655078617135e-03 9.998899393811506719e-01 1.201512293013886311e-02 3.929450000000000304e-02 7.898031728737324730e-01 4.958259056036355694e-04 -6.133601733690051683e-01 8.262787999999999800e-01
-6.225948348063117255e-01 1.407934412608031864e-02 -7.824176913525668908e-01 -2.868259399999999903e+00 8.451852715247209699e-03 9.999008002360628700e-01 1.126746967872109366e-02 3.972350000000000186e-02 7.824987142853212507e-01 4.021893341928407806e-04 -6.226520700885512793e-01 8.139566000000000301e-01
-6.233548213621712408e-01 1.459216467690455619e-02 -7.818029389907521498e-01 -2.883537299999999970e+00 8.472584334806210551e-03 9.998932097852882839e-01 1.190732295535238891e-02 3.988810000000000272e-02 7.818932037044605821e-01 7.985958399368674882e-04 -6.234118865128088771e-01 8.022177000000000335e-01
-6.308366289344524702e-01 1.477132789655905519e-02 -7.757750675722888678e-01 -2.897976900000000189e+00 8.622822825750045203e-03 9.998904951007822062e-01 1.202683389875999417e-02 4.007809999999999845e-02 7.758677687087748298e-01 8.975963931382316754e-04 -6.308949197763312755e-01 7.907467999999999719e-01
-6.383980686783290448e-01 1.421191032351873731e-02 -7.695751604052302186e-01 -2.911759899999999845e+00 8.293321387825795116e-03 9.998984916320801108e-01 1.158564854677125028e-02 4.044319999999999860e-02 7.696616962848922272e-01 1.013921519316494414e-03 -6.384511298721422534e-01 7.793818999999999608e-01
-6.463275722113023258e-01 1.451192053799201312e-02 -7.629220625737229700e-01 -2.925146100000000082e+00 9.152797963660180142e-03 9.998946520342774091e-01 1.126548368636416664e-02 4.055879999999999902e-02 7.630051740905043900e-01 2.983212200375843365e-04 -6.463923075931283790e-01 7.685410000000000297e-01
-6.536360250859911680e-01 1.430640413223940692e-02 -7.566738224034119664e-01 -2.937956300000000187e+00 9.366791928520303359e-03 9.998976579760148198e-01 1.081373122692305504e-02 4.092579999999999829e-02 7.567510884820405348e-01 -1.936195669663930141e-05 -6.537031357629863315e-01 7.574893000000000320e-01
-6.763968818040700937e-01 1.503300798979509065e-02 -7.363839127496675241e-01 -2.962252100000000166e+00 1.071017098473294946e-02 9.998867284256945931e-01 1.057461846304472500e-02 4.111340000000000133e-02 7.364594697084211328e-01 -7.341586612844112902e-04 -6.764812713503984831e-01 7.364106000000000263e-01
-6.865287483366464549e-01 1.502824608875198524e-02 -7.269473361439694470e-01 -2.974226999999999954e+00 1.091456524832633800e-02 9.998867334653691596e-01 1.036303552989680660e-02 4.109100000000000252e-02 7.270207355865151433e-01 -8.197923211321249751e-04 -6.866150143769014225e-01 7.251028000000000473e-01
-6.933735043353612681e-01 1.524648179434859308e-02 -7.204170516295373972e-01 -2.986813099999999999e+00 1.110188806583590343e-02 9.998834959807797462e-01 1.047580768378857455e-02 4.141840000000000105e-02 7.204928393586396140e-01 -7.343419834588624240e-04 -6.934619882695639559e-01 7.130611999999999506e-01
-7.222541426038590062e-01 1.607263672987663261e-02 -6.914409763964776134e-01 -2.998966499999999868e+00 1.239142050517978190e-02 9.998701885118703725e-01 1.029848644707591528e-02 4.155949999999999922e-02 6.915167432459091712e-01 -1.129811394090567134e-03 -7.223595485191466326e-01 7.005890999999999647e-01
-7.764656483037787327e-01 1.651067652836839261e-02 -6.299432470983151733e-01 -3.010234599999999983e+00 1.395337175589438788e-02 9.998620765036594360e-01 9.007296288684451049e-03 4.169819999999999777e-02 6.300050796785968688e-01 -1.795976159620439605e-03 -7.765889350543179193e-01 6.863027000000000433e-01
-8.000545903140310333e-01 1.578723099543234351e-02 -5.997194476210904179e-01 -3.021963400000000188e+00 1.287246141952481937e-02 9.998752936968082761e-01 9.148595068327127627e-03 4.161949999999999678e-02 5.997890898094527801e-01 -4.004899727017988478e-04 -8.001580389856313147e-01 6.707632999999999512e-01
-8.163002566357504541e-01 1.590367482130120025e-02 -5.774088362188321000e-01 -3.034083799999999886e+00 1.300931781767988848e-02 9.998735275911240228e-01 9.148031066858412080e-03 4.166569999999999996e-02 5.774812972437517455e-01 -4.415495351911980643e-05 -8.164039131361470192e-01 6.535900000000000043e-01
-8.241692424862705479e-01 1.689772203622745203e-02 -5.660914473206540842e-01 -3.046994900000000062e+00 1.390803898830872756e-02 9.998572226449058409e-01 9.596914937361323769e-03 4.179109999999999769e-02 5.661727882820809521e-01 3.626019384648550281e-05 -8.242865839585717946e-01 6.353714000000000306e-01
-8.307892245126576869e-01 1.756469210167913714e-02 -5.563099370180525360e-01 -3.059394100000000005e+00 1.499461720888781852e-02 9.998454707601671654e-01 9.175840840964616732e-03 4.202609999999999679e-02 5.563851416855191134e-01 -7.184648585696201684e-04 -8.309242191197890870e-01 6.170889999999999986e-01
-8.348481436244958864e-01 1.846739406791102558e-02 -5.501704576247922196e-01 -3.071116200000000074e+00 1.563365791530664170e-02 9.998293878372771504e-01 9.837883772571337157e-03 4.197959999999999886e-02 5.502582719295731062e-01 -3.880377248889760322e-04 -8.349944212986118997e-01 5.994907999999999904e-01
-8.408950240163545198e-01 1.784223102792896823e-02 -5.409040704011017775e-01 -3.081979500000000094e+00 1.519478522320055931e-02 9.998407537393251276e-01 9.358721280125117947e-03 4.230500000000000232e-02 5.409849139177126398e-01 -3.492190204865165681e-04 -8.410322234965319499e-01 5.825238999999999834e-01
-8.544043730345778354e-01 1.776654342768712105e-02 -5.193048404107372118e-01 -3.092107799999999962e+00 1.535835819603843452e-02 9.998421050084920214e-01 8.937890450752706412e-03 4.257049999999999723e-02 5.193816401962156881e-01 -3.390970651375680919e-04 -8.545423318012210778e-01 5.662663000000000002e-01
-8.601226798560828168e-01 1.801200906660806872e-02 -5.097691076620619599e-01 -3.101624300000000112e+00 1.594973640988919111e-02 9.998373730067718901e-01 8.416260890221925750e-03 4.281370000000000314e-02 5.098377992123038771e-01 -8.916660258486883671e-04 -8.602700874876755277e-01 5.505503000000000480e-01
-8.650397222677139730e-01 1.820524589707820870e-02 -5.013729628937155791e-01 -3.110279600000000144e+00 1.609413968482805921e-02 9.998340365117471817e-01 8.536867132124363600e-03 4.278099999999999958e-02 5.014451690532091277e-01 -6.844373259983398475e-04 -8.651891550283933308e-01 5.354307000000000372e-01
-8.698612010660815574e-01 1.868647120940119394e-02 -4.929424983439889552e-01 -3.118701699999999910e+00 1.651583899718390980e-02 9.998252553684741084e-01 8.757042285200640486e-03 4.284210000000000101e-02 4.930199975072943053e-01 -5.239476175278217143e-04 -8.700178202409425410e-01 5.205393000000000381e-01
-8.742416213505865841e-01 1.869695921914991607e-02 -4.851309217255227457e-01 -3.126822699999999955e+00 1.674676662718560180e-02 9.998248598004030319e-01 8.354372067305305960e-03 4.304770000000000124e-02 4.852021571529050448e-01 -8.206345482817318550e-04 -8.744016201112084774e-01 5.059179999999999788e-01
-8.844398972071533249e-01 1.942369095401925982e-02 -4.662497061210044702e-01 -3.134286400000000139e+00 1.780571886964903844e-02 9.998104489551553620e-01 7.875438757658663469e-03 4.305609999999999993e-02 4.663142980906067603e-01 -1.336558944962227234e-03 -8.846181034810737254e-01 4.916978000000000182e-01
-9.111167692554646980e-01 1.948192886209295857e-02 -4.116876087876529255e-01 -3.141216000000000008e+00 1.873426742516456564e-02 9.998073738838801905e-01 5.851696460119793809e-03 4.335270000000000096e-02 4.117223093366761399e-01 -2.381086985246431455e-03 -9.113062440361319183e-01 4.753681000000000156e-01
-9.230174138706181974e-01 1.833222738936196236e-02 -3.843211978677994467e-01 -3.149050200000000022e+00 1.746388101667455464e-02 9.998309636550904989e-01 5.749519664161154703e-03 4.333750000000000102e-02 3.843616351191036506e-01 -1.404832900336793356e-03 -9.231815422185881692e-01 4.559193000000000273e-01
-9.400095727194816009e-01 1.904787921123392638e-02 -3.406158855562837484e-01 -3.156328199999999917e+00 1.823523479169452191e-02 9.998181126655619755e-01 5.587288963840250818e-03 4.348629999999999857e-02 3.406603578460941639e-01 -9.591055353400353492e-04 -9.401859394336540277e-01 4.357353999999999949e-01
-9.484428674733484943e-01 1.809306765706941711e-02 -3.164313006668094674e-01 -3.166814299999999971e+00 1.765031461966579812e-02 9.998351219309411508e-01 4.265600446238498010e-03 4.387789999999999746e-02 3.164563058824375608e-01 -1.539433693553215500e-03 -9.486058383813289474e-01 4.034286000000000261e-01
-9.584937178462413776e-01 1.789960754773423091e-02 -2.845512201677015685e-01 -3.177900999999999865e+00 1.778148019889055215e-02 9.998374004108779856e-01 2.998616606721027974e-03 4.396320000000000089e-02 2.845586263166645646e-01 -2.185586707210613201e-03 -9.586561486787213981e-01 3.670990000000000086e-01
-9.663078341512494340e-01 2.024296387611437473e-02 -2.565918784206380199e-01 -3.185068600000000139e+00 1.990135529355046076e-02 9.997942311935414939e-01 3.928273105981846050e-03 4.376150000000000179e-02 2.566185997066483537e-01 -1.310605060892701314e-03 -9.665118605578377764e-01 3.421914999999999818e-01
