9.999998374600608253e-01 -5.801917238233464500e-05 -5.671980495754515858e-04 -2.814000000000000095e-04 5.798082965782601220e-05 9.999999960331195092e-01 -6.761644999085538019e-05 -4.020000000000000136e-05 5.672019703759125777e-04 6.758355238698704264e-05 9.999998368571807461e-01 -2.434000000000000074e-04
9.999770938239961326e-01 3.505011458091818969e-03 -5.790226419884223624e-03 -5.194700000000000012e-03 -3.517743851842440161e-03 9.999914141554858693e-01 -2.190226815770653698e-03 1.435999999999999993e-03 5.782499935815383491e-03 2.210545179439046912e-03 9.999808379086581045e-01 3.516840000000000244e-02
9.996143383941228366e-01 2.866019692891435666e-03 -2.762173796125145034e-02 -6.551999999999999665e-03 -2.957810671383195086e-03 9.999902370518157779e-01 -3.282858066618249589e-03 1.275199999999999988e-03 2.761205955578708085e-02 3.363291865608350646e-03 9.996130563547649395e-01 5.163659999999999778e-02
9.978053455910973479e-01 3.272879150213791298e-03 -6.613456412420729014e-02 -8.272299999999999792e-03 -3.514182138299028722e-03 9.999875853268500592e-01 -3.532664161025675896e-03 1.818799999999999974e-03 6.612218110233245016e-02 3.757320088018989424e-03 9.978044596573150127e-01 6.782549999999999690e-02
9.959148175665235581e-01 3.153531741919143091e-03 -9.024262512244950185e-02 -9.980700000000000335e-03 -3.429327306692663262e-03 9.999899111310390776e-01 -2.901267026694178026e-03 1.727900000000000096e-03 9.023256543876949365e-02 3.198886320161947912e-03 9.959155844049478734e-01 8.431660000000000543e-02
9.947138405963755758e-01 3.733381294190038675e-03 -1.026179184651522941e-01 -1.172529999999999926e-02 -4.108222184876885417e-03 9.999856385798081559e-01 -3.441677587033865719e-03 2.053000000000000137e-03 1.026035956313819247e-01 3.845061539897349362e-03 9.947148926527974444e-01 1.017784000000000050e-01
9.919227842286234553e-01 4.025558209308560328e-03 -1.267792767341697491e-01 -1.433360000000000016e-02 -4.669602435311726030e-03 9.999776574240109017e-01 -4.783248465585813319e-03 2.371499999999999910e-03 1.267571889134176677e-01 5.336621955026108269e-03 9.919194198748592095e-01 1.186542000000000013e-01
9.857438630054361495e-01 3.815964104822726702e-03 -1.682096161492275810e-01 -1.739910000000000068e-02 -4.628951157534033634e-03 9.999794234826443473e-01 -4.441331163000928478e-03 2.103499999999999901e-03 1.681892070208458323e-01 5.156649034885284894e-03 9.857412437411909867e-01 1.359325000000000117e-01
9.811512947073245394e-01 5.596350885202387021e-03 -1.931600832235028931e-01 -2.119800000000000156e-02 -6.556337767235957681e-03 9.999691278516470438e-01 -4.331025132488006309e-03 1.944500000000000048e-03 1.931298820204237210e-01 5.515813664911261953e-03 9.811576960256649382e-01 1.536899999999999933e-01
9.802745675859177998e-01 6.453168663108499979e-03 -1.975351329724592264e-01 -2.500130000000000061e-02 -7.434591278779397079e-03 9.999634284134581996e-01 -4.227137106833847059e-03 1.915599999999999942e-03 1.975006303705362232e-01 5.612347976377511129e-03 9.802866940611979496e-01 1.715849000000000124e-01
9.782265434446809627e-01 6.229353674486517826e-03 -2.074464385162348157e-01 -2.872809999999999947e-02 -7.317451928100814941e-03 9.999631993179328715e-01 -4.478270550561960078e-03 1.971899999999999955e-03 2.074109076146955222e-01 5.898742462784604262e-03 9.782361270367221362e-01 1.896260999999999919e-01
9.689802928717278219e-01 7.682880951151999614e-03 -2.470185526767392781e-01 -3.780170000000000058e-02 -8.975952211917950785e-03 9.999512727640121890e-01 -4.109060661675724944e-03 1.740299999999999963e-03 2.469749467215449079e-01 6.198825527661788216e-03 9.690020383125970138e-01 2.247781000000000085e-01
9.682652254089937349e-01 8.789657213917745696e-03 -2.497702848413563825e-01 -4.253090000000000342e-02 -1.014543604871926373e-02 9.999399585795529788e-01 -4.141178975030117976e-03 1.772700000000000100e-03 2.497188887350170750e-01 6.543788045444899615e-03 9.682962642946447707e-01 2.428941000000000017e-01
9.593984678341752614e-01 9.267370138410887387e-03 -2.819019257971728254e-01 -5.262019999999999892e-02 -1.068490711847107713e-02 9.999368186231047950e-01 -3.491635973833249595e-03 1.676699999999999935e-03 2.818517565623934185e-01 6.361966097191225702e-03 9.594368727071477254e-01 2.772874000000000172e-01
9.324722973653996050e-01 1.092495850231759921e-02 -3.610762522346442904e-01 -7.292490000000000083e-02 -1.325330231995351313e-02 9.999042794893829855e-01 -3.972635955359894895e-03 2.299300000000000215e-03 3.609982889484515955e-01 8.489825707312360914e-03 9.325278324188236434e-01 3.301756000000000135e-01
9.050148975086814707e-01 1.115263629906343250e-02 -4.252336463533096245e-01 -8.894199999999999329e-02 -1.407785870086286119e-02 9.998939176768621984e-01 -3.737283400399056023e-03 3.057600000000000161e-03 4.251468560177169564e-01 9.368676341787628842e-03 9.050758966638398073e-01 3.647822000000000009e-01
8.411181492032866469e-01 1.072059139037119177e-02 -5.407451599423506172e-01 -1.076572999999999974e-01 -1.390627906938412400e-02 9.999016697076603677e-01 -1.807295846648430612e-03 3.389500000000000152e-03 5.406726130323987745e-01 9.039902437172796928e-03 8.411845253454466320e-01 3.961987000000000148e-01
8.080506380926283372e-01 1.386150550474560088e-02 -5.889499341567482338e-01 -1.274326000000000070e-01 -1.791602693659528900e-02 9.998389448631991305e-01 -1.048958365204352011e-03 3.315900000000000097e-03 5.888405406023801136e-01 1.139925436099430145e-02 8.081688404925730929e-01 4.236363000000000212e-01
7.882615864385792426e-01 1.415894534775532024e-02 -6.151773692293740492e-01 -1.478552999999999951e-01 -1.849870648548582533e-02 9.998286452681315328e-01 -6.913462638779236530e-04 3.390100000000000058e-03 6.150621669422515758e-01 1.192494729263032446e-02 7.883884362599250517e-01 4.495937999999999879e-01
7.779629800448693011e-01 1.653221146777700962e-02 -6.280925788955725730e-01 -1.686520999999999992e-01 -2.196432804404076233e-02 9.997583585966449693e-01 -8.903424711863205596e-04 3.513899999999999923e-03 6.279260863933590064e-01 1.448828492703453305e-02 7.781381108945846226e-01 4.749662000000000051e-01
7.576673148672228297e-01 1.635855693302955272e-02 -6.524359260471188637e-01 -1.899803999999999937e-01 -2.187452257423527779e-02 9.997606676715053986e-01 -3.356176025467970392e-04 3.702299999999999949e-03 6.522742868180855247e-01 1.452601088030360497e-02 7.578438162074447870e-01 5.002200999999999453e-01
7.414936857357063982e-01 1.665894207617341083e-02 -6.707530049600822775e-01 -2.120962000000000125e-01 -2.279857843742680301e-02 9.997400089370745979e-01 -3.732984468720968244e-04 3.579500000000000216e-03 6.705723964161587336e-01 1.556901343697277007e-02 7.416807042018078722e-01 5.244879000000000069e-01
6.983360777829658028e-01 1.556338305523501109e-02 -7.156007990315406131e-01 -2.350944000000000089e-01 -2.100159706474458848e-02 9.997786619995733259e-01 1.248972006441702309e-03 3.814500000000000182e-03 7.154618476113409065e-01 1.415655742823046861e-02 6.985083653717738539e-01 5.475744999999999640e-01
6.710616734550787221e-01 1.637824254856547201e-02 -7.412206038627701110e-01 -2.596279000000000226e-01 -2.152231607049829437e-02 9.997649718207822778e-01 2.605960696554508564e-03 3.947400000000000214e-03 7.410890771902057805e-01 1.420402376831211497e-02 6.712564527646333046e-01 5.703770999999999702e-01
6.422749359480931508e-01 1.726034176714648025e-02 -7.662799666277031463e-01 -2.850863000000000147e-01 -2.259986451978164904e-02 9.997381935995308666e-01 3.576364359856325573e-03 3.900799999999999840e-03 7.661410788990237197e-01 1.502081423985513441e-02 6.424968656445038118e-01 5.916603999999999752e-01
6.399624843379866368e-01 1.805466761084349031e-02 -7.681940169107113192e-01 -3.113816999999999835e-01 -2.349287636900025678e-02 9.997163002215287975e-01 3.924771495117982713e-03 3.962799999999999830e-03 7.680469408830836731e-01 1.553538055021441364e-02 6.402050831970149680e-01 6.133486999999999689e-01
6.281583158269228306e-01 1.708010134776863712e-02 -7.778980655557858892e-01 -3.373852999999999991e-01 -2.357877779226643863e-02 9.997177452696633937e-01 2.910503524010754108e-03 4.445199999999999846e-03 7.777282118422261803e-01 1.651362864092286928e-02 6.283837430852289296e-01 6.343729000000000173e-01
6.007372251534516261e-01 1.678835072282628543e-02 -7.992702531653096409e-01 -3.646783000000000108e-01 -2.202564141755861127e-02 9.997475261601986851e-01 4.444666096326642737e-03 4.867699999999999978e-03 7.991430769487249952e-01 1.493436361449951462e-02 6.009553289125189046e-01 6.553265000000000340e-01
5.865091231131106531e-01 1.840792935486031817e-02 -8.097334108470247704e-01 -3.930410999999999766e-01 -2.419507414794132977e-02 9.996937255732513128e-01 5.201291805753878797e-03 4.697400000000000013e-03 8.095811552229127406e-01 1.654095481946108587e-02 5.867748715832972195e-01 6.760791000000000439e-01
5.742733171503584533e-01 1.943978236391539355e-02 -8.184328024161588999e-01 -4.205482999999999860e-01 -2.461799732997975443e-02 9.996759881184069663e-01 6.470934008916743446e-03 4.713600000000000081e-03 8.182934140127151590e-01 1.643209180628716487e-02 5.745658142826501891e-01 6.950870999999999578e-01
5.728015269711878021e-01 1.879572972305475903e-02 -8.194785727788456153e-01 -4.469047999999999909e-01 -2.404712190176265529e-02 9.996920895857654976e-01 6.120616626411235113e-03 5.015200000000000040e-03 8.193412882478934289e-01 1.620020258588178094e-02 5.730771386196267247e-01 7.138364999999999849e-01
5.605357732622179290e-01 1.903660430763141204e-02 -8.279113808794766882e-01 -4.745153999999999761e-01 -2.464228709260316008e-02 9.996764684149281877e-01 6.302077776634696336e-03 5.071299999999999940e-03 8.277634955590715826e-01 1.686908989518102336e-02 5.608235277036218713e-01 7.326061000000000378e-01
5.507712441196074282e-01 1.745823637734388034e-02 -8.344736344747702983e-01 -5.054193999999999631e-01 -2.301453272696598468e-02 9.997187367540729674e-01 5.725265600820127372e-03 5.368799999999999961e-03 8.343388807518796746e-01 1.605170911253096105e-02 5.510181255641845022e-01 7.535617000000000010e-01
5.437483586211430131e-01 1.807862295811403161e-02 -8.390535655658412084e-01 -5.406524999999999803e-01 -2.487013926154519813e-02 9.996759844876798029e-01 5.422380630277828274e-03 5.674600000000000130e-03 8.388797283698804508e-01 1.791896845598586752e-02 5.440217935887763367e-01 7.762968000000000091e-01
5.432261599916917705e-01 1.863200532569481496e-02 -8.393796444268970536e-01 -5.791357999999999784e-01 -2.563059326477580210e-02 9.996557847098452854e-01 5.602212512852909089e-03 5.641199999999999860e-03 8.391950975724158379e-01 1.847052987022344828e-02 5.435167225916205380e-01 8.008733000000000102e-01
5.438742883233416148e-01 1.852723029623732157e-02 -8.389621566187172030e-01 -6.224260000000000348e-01 -2.579734802895100945e-02 9.996528651991636316e-01 5.352189624452625277e-03 6.367699999999999576e-03 8.387700849073315146e-01 1.873208041444160768e-02 5.441634440385489935e-01 8.283591000000000149e-01
5.438556348748420088e-01 1.953619368909653362e-02 -8.389513606586646022e-01 -6.681854999999999878e-01 -2.642760358079272384e-02 9.996318364177370075e-01 6.146005945259257544e-03 6.682399999999999798e-03 8.387625588829409340e-01 1.882893401775032061e-02 5.441717018183656052e-01 8.583596000000000004e-01
5.445223014839241094e-01 2.089888031198531768e-02 -8.384859569416508451e-01 -7.167487999999999637e-01 -2.745811783531311098e-02 9.995978612347521386e-01 7.082907584549318070e-03 6.731199999999999684e-03 8.382967940721189892e-01 1.916644506982238469e-02 5.448771718761880045e-01 8.894663999999999904e-01
5.453373673041068681e-01 2.249387681641334957e-02 -8.379147816619502143e-01 -7.643796999999999953e-01 -2.897386684633045106e-02 9.995483474574837768e-01 7.975972353542812657e-03 7.086699999999999597e-03 8.377157458600122952e-01 1.992803554747402117e-02 5.457427988873713165e-01 9.201074000000000197e-01
5.458442866945694139e-01 2.265866137613589681e-02 -8.375802049640010960e-01 -8.125968999999999554e-01 -2.892163925696323440e-02 9.995481103770998965e-01 8.192302744584770841e-03 7.499399999999999816e-03 8.373873377748117797e-01 1.975247088873833060e-02 5.462529509560591912e-01 9.515173000000000103e-01
5.468863764896780832e-01 2.450269984976781099e-02 -8.368481994424449288e-01 -8.632125999999999966e-01 -2.994027251629350142e-02 9.995046315336587606e-01 9.699052758649084199e-03 7.240199999999999587e-03 8.366713042118990584e-01 1.975118332751652980e-02 5.473490837349804794e-01 9.842826999999999549e-01
5.468548023941336433e-01 2.356549510834314923e-02 -8.368957477122056510e-01 -9.159083000000000085e-01 -2.849614670079348225e-02 9.995485181571943656e-01 9.525201990713952349e-03 7.732799999999999743e-03 8.367423705787104815e-01 1.863940154768117460e-02 5.472794331858857886e-01 1.019044499999999909e+00
5.479222841526247834e-01 2.503648593679757423e-02 -8.361544982244053514e-01 -9.648385000000000433e-01 -2.956345161315600267e-02 9.995071749225451496e-01 1.055507494380772404e-02 8.054199999999999207e-03 8.360066823044460804e-01 1.893625227676667272e-02 5.483924192510539752e-01 1.050783000000000023e+00
5.492555199848543346e-01 2.538567477540134773e-02 -8.352687838548528143e-01 -1.011367200000000022e+00 -3.030972623630949145e-02 9.994859733839952520e-01 1.044554948900729141e-02 9.026799999999999755e-03 8.351046007906118840e-01 1.957949245626352391e-02 5.497426208813610549e-01 1.080650399999999900e+00
5.490908914332667257e-01 2.420734812173618369e-02 -8.354119925174245953e-01 -1.055731299999999928e+00 -2.734252061152374694e-02 9.995656809246331598e-01 1.099254676054615791e-02 9.373199999999999935e-03 8.353152575594611218e-01 1.680636232465165109e-02 5.495143006999759772e-01 1.110518099999999952e+00
5.500898226605807073e-01 2.383169743694771997e-02 -8.347653785361038858e-01 -1.102594499999999922e+00 -2.774389732080716903e-02 9.995624707133211606e-01 1.025394084893927610e-02 1.041279999999999983e-02 8.346445130513370225e-01 1.751905644590530040e-02 5.505103264195339019e-01 1.141153800000000107e+00
5.511584546961491027e-01 2.473863626732493784e-02 -8.340337869010979732e-01 -1.146113900000000019e+00 -2.768473389179285440e-02 9.995522308629933850e-01 1.135311790451600834e-02 1.058770000000000024e-02 8.339411929664427570e-01 1.683263652688493997e-02 5.515965455124425265e-01 1.169141900000000067e+00
5.360380456359327139e-01 2.442089553238859997e-02 -8.438405261020625048e-01 -1.206132399999999993e+00 -2.695798394160257502e-02 9.995668848595395950e-01 1.180295700238006770e-02 1.161380000000000051e-02 8.437632847740021980e-01 1.642140534765211546e-02 5.364642175521068257e-01 1.208316299999999899e+00
5.338441333386398924e-01 2.418522891255905222e-02 -8.452369584929207980e-01 -1.225479699999999950e+00 -2.583040740108495659e-02 9.995908189345295014e-01 1.228758541335691137e-02 1.186800000000000008e-02 8.451882815996744069e-01 1.527315960250804489e-02 5.342504087432651261e-01 1.220572900000000072e+00
5.335425211448016070e-01 2.462750828931269120e-02 -8.454146106886897272e-01 -1.261207799999999990e+00 -2.621893750974133713e-02 9.995771722568425055e-01 1.257155594486334370e-02 1.231409999999999970e-02 8.453667520350616194e-01 1.545841319393374651e-02 5.339626316655655680e-01 1.243517200000000100e+00
5.323119941035256986e-01 2.357601696076470563e-02 -8.462198959831856993e-01 -1.295569399999999982e+00 -2.713719976317092650e-02 9.995736132928768614e-01 1.077794032437605007e-02 1.327279999999999953e-02 8.461131799721250957e-01 1.722681145446801343e-02 5.327248104270820850e-01 1.265342699999999931e+00
5.327992712510937201e-01 2.372820388469646519e-02 -8.459089247044918602e-01 -1.331646200000000002e+00 -2.775222161859425968e-02 9.995590708170576377e-01 1.055832101106995297e-02 1.419079999999999994e-02 8.457864687671089454e-01 1.785038620721264915e-02 5.332228548765679532e-01 1.287849100000000080e+00
5.329967604498970779e-01 2.445452779328804310e-02 -8.457638142060242004e-01 -1.367365699999999906e+00 -2.808369300261402690e-02 9.995427984463520765e-01 1.120268991671057555e-02 1.457740000000000077e-02 8.456510861680779367e-01 1.778117387695040547e-02 5.334398469540007071e-01 1.310539499999999968e+00
5.325074923530811466e-01 2.249709329023607748e-02 -8.461262620799119283e-01 -1.405209500000000000e+00 -2.628865455418271171e-02 9.996040432576789314e-01 1.003311240997643156e-02 1.497719999999999954e-02 8.460169485474651196e-01 1.690081348310753726e-02 5.328880607351277332e-01 1.334609300000000109e+00
5.314517619112227864e-01 2.198192770751414282e-02 -8.468032945234202913e-01 -1.444011699999999898e+00 -2.593574605835684971e-02 9.996168256134846386e-01 9.671557621022078277e-03 1.599379999999999899e-02 8.466914206709863500e-01 1.682250887002129797e-02 5.318182409032852220e-01 1.359471199999999991e+00
5.323003675460583617e-01 2.144233127842289088e-02 -8.462839624733990984e-01 -1.502496700000000018e+00 -2.605232414457441664e-02 9.996205964469574434e-01 8.940892891376476734e-03 1.715409999999999852e-02 8.461545929184555170e-01 1.728842353644220731e-02 5.326570334602063195e-01 1.395783699999999961e+00
5.306413266833125419e-01 2.030495563302872619e-02 -8.473532269322603394e-01 -1.522361899999999935e+00 -2.421727650813232380e-02 9.996680819534803364e-01 8.789166170820242666e-03 1.745510000000000117e-02 8.472504387336146081e-01 1.585669259935260783e-02 5.309569279758076243e-01 1.409129099999999912e+00
5.304954487518894757e-01 1.976177961757832197e-02 -8.474574036020202650e-01 -1.564572700000000038e+00 -2.364280808830333119e-02 9.996842361053037695e-01 8.511504464840663822e-03 1.767590000000000133e-02 8.473580096271179363e-01 1.552095837574503194e-02 5.307951614058546985e-01 1.435677099999999928e+00
5.304316915909736974e-01 1.950347526257275796e-02 -8.475032949839313989e-01 -1.587154500000000024e+00 -2.392921584734740079e-02 9.996814146297342552e-01 8.028815156948455878e-03 1.818619999999999959e-02 8.473898826306986987e-01 1.602135127183720864e-02 5.307294066834389312e-01 1.449718999999999980e+00
5.298472068219539644e-01 2.077394395960153323e-02 -8.478386525013688058e-01 -1.631576200000000032e+00 -2.413663152253778255e-02 9.996643802145318558e-01 9.410098248223280892e-03 1.855120000000000033e-02 8.477495859283676882e-01 1.547805487324923138e-02 5.301707926466920906e-01 1.477737899999999938e+00
5.299212728489149926e-01 2.053804603612646371e-02 -8.477981087777937130e-01 -1.653249600000000097e+00 -2.376034175745402391e-02 9.996738115633070354e-01 9.365715886071969420e-03 1.913799999999999876e-02 8.477139203420895885e-01 1.518088072239499875e-02 5.302364096502026891e-01 1.491204900000000055e+00
5.299248540465798518e-01 2.061962480966897035e-02 -8.477938901268511351e-01 -1.694147000000000070e+00 -2.315897193905474064e-02 9.996833879366711084e-01 9.837982627820696796e-03 1.964250000000000024e-02 8.477283238646902142e-01 1.442064340338913495e-02 5.302346027574919018e-01 1.516770699999999916e+00
5.298342517853926736e-01 1.909810490256269588e-02 -8.478861527493792849e-01 -1.735856700000000030e+00 -2.339275231932948923e-02 9.996951408890647484e-01 7.899646936383467044e-03 2.038190000000000141e-02 8.477785352165621013e-01 1.564888724234789544e-02 5.301194842242046290e-01 1.542828599999999994e+00
5.298281422762821657e-01 1.866333391458475585e-02 -8.478996518570204310e-01 -1.779442399999999980e+00 -2.345902555446098200e-02 9.996978115244591345e-01 7.345730272901438394e-03 2.066410000000000122e-02 8.477805221707436223e-01 1.599892497637839250e-02 5.301058579449027253e-01 1.570038299999999998e+00
5.292718020102903376e-01 1.867285104510163496e-02 -8.482468297792967737e-01 -1.802026499999999976e+00 -2.370241282584985981e-02 9.996930055723497466e-01 7.217356576677061430e-03 2.101969999999999880e-02 8.481211913535781077e-01 1.628555321655860214e-02 5.295519101404673190e-01 1.584322599999999914e+00
5.285434373275590403e-01 2.027152498005786035e-02 -8.486641857253972576e-01 -1.824207399999999923e+00 -2.271484208987312181e-02 9.996946113750209140e-01 9.732416790186390956e-03 2.092350000000000113e-02 8.486023042667282246e-01 1.413326794229358661e-02 5.288424906628348410e-01 1.598024099999999947e+00
5.292112506311045239e-01 1.964678939778174288e-02 -8.482626102050129235e-01 -1.845940600000000043e+00 -2.338143250885714453e-02 9.996899103510440421e-01 8.566898864537830088e-03 2.133080000000000045e-02 8.481678848077757182e-01 1.529989570816324418e-02 5.295065177804927359e-01 1.611613900000000044e+00
5.282976603587958842e-01 1.942647753650598649e-02 -8.488369655180822981e-01 -1.886899700000000069e+00 -2.053887937165603875e-02 9.997380677282828865e-01 1.009704754250996366e-02 2.165569999999999995e-02 8.488107777906563900e-01 1.209991344773890358e-02 5.285582802312138728e-01 1.637834500000000082e+00
5.286925345987499858e-01 1.898463397338684411e-02 -8.486010767919435205e-01 -1.906044400000000083e+00 -2.014938465170329485e-02 9.997488254284889742e-01 9.812662865629036973e-03 2.183239999999999834e-02 8.485742195929045772e-01 1.191090791053802875e-02 5.289422691703127288e-01 1.649744199999999994e+00
5.285784952660897984e-01 1.975913260725417619e-02 -8.486544355748371071e-01 -1.924476999999999993e+00 -2.044000180218849549e-02 9.997354609728419383e-01 1.054582380593777936e-02 2.182790000000000077e-02 8.486383096870910858e-01 1.177220251390103008e-02 5.288425423312773654e-01 1.661307700000000054e+00
5.274571328555995864e-01 1.928892878696731802e-02 -8.493626494177863862e-01 -1.961422299999999952e+00 -2.045325217246492591e-02 9.997407740484153260e-01 1.000245872997843760e-02 2.242819999999999883e-02 8.493354092908877995e-01 1.209636025119401742e-02 5.277149236030316271e-01 1.685173299999999985e+00
5.270323740075022467e-01 1.929476669552058696e-02 -8.496261464468838343e-01 -1.979931700000000072e+00 -2.010880193497647031e-02 9.997454569055832518e-01 1.023022391673293965e-02 2.266869999999999996e-02 8.496072697621862568e-01 1.169330470021361437e-02 5.272862161980262918e-01 1.696628599999999931e+00
5.270906629828896461e-01 1.904948283284131974e-02 -8.495955215277792849e-01 -2.014561399999999836e+00 -1.921399355854553834e-02 9.997602989279175123e-01 1.049605350087683825e-02 2.323510000000000159e-02 8.495918169614100623e-01 1.079175107952283497e-02 5.273303354263317866e-01 1.718234899999999898e+00
5.268191981801648716e-01 1.874058438406936422e-02 -8.497707472758472269e-01 -2.030860399999999899e+00 -1.923639975703952260e-02 9.997637170993370903e-01 1.012279092464682569e-02 2.344819999999999890e-02 8.497596679963080879e-01 1.101364919816850800e-02 5.270552211847865376e-01 1.728506799999999899e+00
5.265597808182621575e-01 1.901699533984140336e-02 -8.499253797321669746e-01 -2.060984599999999833e+00 -1.887009707149365015e-02 9.997649123515628400e-01 1.067892631233316458e-02 2.351309999999999858e-02 8.499286538652147671e-01 1.041508132067557255e-02 5.267948456656987855e-01 1.747397799999999890e+00
5.260987830860098802e-01 1.888873353548593120e-02 -8.502136708974074031e-01 -2.088954199999999872e+00 -1.800729283763228411e-02 9.997765838809509198e-01 1.106886299471124269e-02 2.359740000000000101e-02 8.502327962623409396e-01 9.486731194744583290e-03 5.263213790937618652e-01 1.764985299999999979e+00
5.187049331021773568e-01 1.867917035629007572e-02 -8.547492503478820725e-01 -2.115549300000000077e+00 -1.767806897846111586e-02 9.997818843679919798e-01 1.112068193862164080e-02 2.391230000000000092e-02 8.547705412873437547e-01 9.341963625914459154e-03 5.189220071098870068e-01 1.781250100000000058e+00
5.127398246069592158e-01 1.780427703387407745e-02 -8.583594118906866521e-01 -2.142148000000000163e+00 -1.711398751333426116e-02 9.997982525942207266e-01 1.051501502310951339e-02 2.431670000000000012e-02 8.583734523465983424e-01 9.298485298361441886e-03 5.129410828523467414e-01 1.797108699999999892e+00
5.118144173763882199e-01 1.824635523206527901e-02 -8.589022486211184138e-01 -2.167586299999999966e+00 -1.657322735078347806e-02 9.997980775475893145e-01 1.136363794407420184e-02 2.443899999999999892e-02 8.589361619473518950e-01 8.418708504874394469e-03 5.120134715476365450e-01 1.812448000000000059e+00
5.002942858722710939e-01 1.877376451831503160e-02 -8.656518776560037098e-01 -2.191772900000000135e+00 -1.672080034854325423e-02 9.997879540782610430e-01 1.201922275811262604e-02 2.417539999999999967e-02 8.656939657634551422e-01 8.461243751117930242e-03 5.005021128775839490e-01 1.826647399999999921e+00
4.924384056556559974e-01 1.808367091098046775e-02 -8.701594092358586607e-01 -2.215499900000000189e+00 -1.570452729952512977e-02 9.998059728283807956e-01 1.189052223384365163e-02 2.447850000000000026e-02 8.702055989578634243e-01 7.810092386036108711e-03 4.926268547281070775e-01 1.840383399999999892e+00
4.637840454613295083e-01 1.782650807084130984e-02 -8.857689172608868011e-01 -2.238716399999999940e+00 -1.521108030277293355e-02 9.998103947618746101e-01 1.215720206820574724e-02 2.468590000000000020e-02 8.858176912951930548e-01 7.835185773472279000e-03 4.639672700227346347e-01 1.852836699999999892e+00
4.352627086584756610e-01 1.746219856820083877e-02 -9.001341267124870482e-01 -2.262654299999999896e+00 -1.334585263258817635e-02 9.998271715310843577e-01 1.294276962866716674e-02 2.501600000000000004e-02 9.002045671228268153e-01 6.379552438551982195e-03 4.354205307996943386e-01 1.865101200000000015e+00
4.213296190738419211e-01 1.728180443433068730e-02 -9.067429025509848861e-01 -2.287745500000000209e+00 -1.385890557209333920e-02 9.998243663618424648e-01 1.261614701420868748e-02 2.536209999999999853e-02 9.068016777815505192e-01 7.250907848943797217e-03 4.214951263157512562e-01 1.877119399999999994e+00
4.082769280806770040e-01 1.772559670425916806e-02 -9.126860102020210030e-01 -2.312850200000000189e+00 -1.310392543696135489e-02 9.998222445504499900e-01 1.355604810564482211e-02 2.546769999999999937e-02 9.127640643316038416e-01 6.425147747558484709e-03 4.084366295293233584e-01 1.888804900000000009e+00
3.997583157632155215e-01 1.770821791762116487e-02 -9.164495119734307194e-01 -2.337101000000000095e+00 -1.289606724401980500e-02 9.998230685239800630e-01 1.369390729231205472e-02 2.591629999999999975e-02 9.165298579030555226e-01 6.344341216766211621e-03 3.999159523033937180e-01 1.899950500000000098e+00
3.701654855138267197e-01 1.745232440911850813e-02 -9.288018786086901235e-01 -2.361223199999999967e+00 -1.206190995010845111e-02 9.998295235008308746e-01 1.397978055825547031e-02 2.635629999999999917e-02 9.288875193814741804e-01 6.028292363546186410e-03 3.703128893631859597e-01 1.909681100000000020e+00
3.415096533608943941e-01 1.705495165514046146e-02 -9.397235153412745179e-01 -2.385599099999999861e+00 -1.078126372032640716e-02 9.998406523639405963e-01 1.422793846776774021e-02 2.685049999999999937e-02 9.398164294232754790e-01 5.272428708918982555e-03 3.416391085364713920e-01 1.918754800000000094e+00
3.275483845308676534e-01 1.734462064854174271e-02 -9.446751928180273650e-01 -2.408889799999999859e+00 -1.060216870192649298e-02 9.998360133840684671e-01 1.468129282688681453e-02 2.711890000000000134e-02 9.447749201847152056e-01 5.206772014510268991e-03 3.276785615739213897e-01 1.927137000000000100e+00
3.012331746181839409e-01 1.757566285671772338e-02 -9.533885202710369322e-01 -2.430936599999999892e+00 -8.683016344333802788e-03 9.998392253582255584e-01 1.568848820720074658e-02 2.726690000000000016e-02 9.535109751526799071e-01 3.552394996398615910e-03 3.013373537302914684e-01 1.934915799999999964e+00
1.751162562290887181e-01 1.719892128041937418e-02 -9.843975283954640165e-01 -2.464683799999999980e+00 -3.798426582131956067e-03 9.998517688493262501e-01 1.679322138165966274e-02 2.758740000000000150e-02 9.845404353096973704e-01 7.983956808598029198e-04 1.751556273847016953e-01 1.942300300000000091e+00
3.083668826406923621e-02 1.800959356970529765e-02 -9.993621731866575431e-01 -2.487437700000000085e+00 -4.645252232359751987e-04 9.998378099810107944e-01 1.800383150035634108e-02 2.797759999999999830e-02 9.995243283048300675e-01 -9.094960294219953112e-05 3.084005277148749169e-02 1.942993900000000052e+00
-1.160967586674375440e-01 1.886263981634333717e-02 -9.930587814656659518e-01 -2.508394500000000082e+00 1.763188292143530456e-03 9.998219921485256290e-01 1.878497227040856407e-02 2.835120000000000001e-02 9.932363433714861412e-01 4.299247753615474676e-04 -1.161093509185471273e-01 1.940072299999999972e+00
-1.399973634145280088e-01 1.749963439844395841e-02 -9.899972227399940206e-01 -2.529021300000000139e+00 2.487288343510935668e-04 9.998443981917721768e-01 1.763852427216357210e-02 2.891180000000000139e-02 9.901518451080861816e-01 2.223106037403119531e-03 -1.399799322352991426e-01 1.936836100000000060e+00
-1.512997626392612038e-01 1.691858320438532903e-02 -9.883431303791508915e-01 -2.558629499999999890e+00 3.285478146706072300e-04 9.998543225407897639e-01 1.706533775908881598e-02 2.959039999999999934e-02 9.884878723998774541e-01 2.257263576678184176e-03 -1.512832802377999109e-01 1.932097799999999976e+00
-1.575939499166406355e-01 1.762698665073733628e-02 -9.873466646985170625e-01 -2.577090500000000173e+00 4.769326648102374666e-04 9.998419173360995060e-01 1.777393802469355577e-02 2.968269999999999936e-02 9.875038832758605833e-01 2.330167222998872148e-03 -1.575774439309390873e-01 1.929056300000000057e+00
-1.677378702885894413e-01 1.771293647386400216e-02 -9.856724906136526965e-01 -2.594901999999999820e+00 1.241910321421126409e-03 9.998415746541583493e-01 1.775621727301784913e-02 3.000339999999999951e-02 9.858308498570136358e-01 1.754273230123516367e-03 -1.677332942371078106e-01 1.926041499999999962e+00
-1.769047492230315100e-01 1.735983038104870965e-02 -9.840748680824430439e-01 -2.612138499999999919e+00 8.208726430497248483e-04 9.998466926930056342e-01 1.749049110123030229e-02 3.044689999999999896e-02 9.842276341733350309e-01 2.286350804129165526e-03 -1.768918786421813660e-01 1.922918099999999964e+00
-1.868189584006642312e-01 1.723470601991044029e-02 -9.822431683094050570e-01 -2.628737699999999844e+00 1.655984537511701916e-03 9.998502038994537822e-01 1.722868182514903507e-02 3.072050000000000128e-02 9.823929633793710980e-01 1.592064894393918975e-03 -1.868195140558652767e-01 1.920209300000000008e+00
-2.054824605118734937e-01 1.758280443280474392e-02 -9.785028377119120435e-01 -2.659701599999999999e+00 2.616357201741274438e-03 9.998448915396551673e-01 1.741687506552379305e-02 3.106429999999999955e-02 9.786573011514192455e-01 1.018749396519890923e-03 -2.054965913408002276e-01 1.914131599999999933e+00
-2.264109361315540525e-01 1.738440150222735070e-02 -9.738767224779747433e-01 -2.675555500000000198e+00 2.651705238791057101e-03 9.998480098975899288e-01 1.723152817237870449e-02 3.130840000000000012e-02 9.740282626594360949e-01 1.318972417554001644e-03 -2.264226222187213367e-01 1.910051500000000013e+00
-2.360324864883645846e-01 1.751107343736595795e-02 -9.715873751903070232e-01 -2.692211400000000143e+00 2.944975178828970579e-03 9.998459211395794854e-01 1.730494443047617126e-02 3.154699999999999865e-02 9.717407022674904304e-01 1.223228358469224605e-03 -2.360476885484519283e-01 1.905942800000000048e+00
-2.818112898452903026e-01 1.850622263253470789e-02 -9.592913617038404395e-01 -2.716736800000000063e+00 5.142879423387496443e-03 9.998287422819305270e-01 1.777742664643934545e-02 3.191680000000000211e-02 9.594560686696237406e-01 7.635972822305631125e-05 -2.818582027584466410e-01 1.899197000000000024e+00
-3.589283237380057612e-01 1.853998685164978330e-02 -9.331809724304105380e-01 -2.733424700000000040e+00 7.616459013510187663e-03 9.998275899194869476e-01 1.693457964892658429e-02 3.215939999999999771e-02 9.333340495078499277e-01 -1.029234342106839784e-03 -3.590076499267782495e-01 1.892143600000000037e+00
-3.933674240602705874e-01 1.763156011056649444e-02 -9.192122702489643471e-01 -2.751313699999999862e+00 6.714836420718905963e-03 9.998445228319713385e-01 1.630463537618902919e-02 3.260049999999999754e-02 9.193568298870850031e-01 2.413523875339825681e-04 -3.934246574491675474e-01 1.883777100000000093e+00
-4.184351411471672333e-01 1.789673172298897330e-02 -9.080703384907939935e-01 -2.769952500000000040e+00 6.955016772710606067e-03 9.998396673268479251e-01 1.650052670158101698e-02 3.286010000000000320e-02 9.082200506456796774e-01 5.887557843741886981e-04 -4.184925243917563265e-01 1.875016199999999911e+00
-4.304903886553443915e-01 1.861070580001885841e-02 -9.024032728802545700e-01 -2.789577500000000043e+00 7.560509094593488404e-03 9.998266801017561267e-01 1.701318485561031935e-02 3.314870000000000316e-02 9.025634958148930354e-01 5.013844091548130127e-04 -4.305564825154455377e-01 1.865773099999999962e+00
-4.410389165603604278e-01 1.903289992016504381e-02 -8.972861432117920089e-01 -2.808857199999999832e+00 8.729295068088907539e-03 9.998187889095232483e-01 1.691711414835371519e-02 3.356420000000000237e-02 8.974455267518346435e-01 -3.715698092853492174e-04 -4.411251392167523377e-01 1.856288699999999903e+00
-4.479039041898126294e-01 2.036854925389697257e-02 -8.938496600731102859e-01 -2.827109300000000047e+00 9.638815122500891605e-03 9.997923744949747116e-01 1.795274755390857679e-02 3.361879999999999730e-02 8.940297455088155321e-01 -5.745459004252197188e-04 -4.480072365960743319e-01 1.847131700000000043e+00
-4.573374791830565611e-01 1.925826188159505264e-02 -8.890846694684302332e-01 -2.844526300000000063e+00 9.254618860668020405e-03 9.998144170298794986e-01 1.689625783852439014e-02 3.428679999999999922e-02 8.892450630530550626e-01 -5.008477832956284570e-04 -4.574308330089554842e-01 1.837905799999999923e+00
-4.796306230819213923e-01 1.933109510943338549e-02 -8.772575301266544168e-01 -2.860966700000000085e+00 9.645735429368825983e-03 9.998130469582853230e-01 1.675801062227302157e-02 3.467309999999999837e-02 8.774174748602142637e-01 -4.241389626489944914e-04 -4.797274173070222858e-01 1.828931499999999932e+00
-4.890044951311434129e-01 1.909039130130468775e-02 -8.720723368514216034e-01 -2.876229299999999878e+00 9.887697773761562614e-03 9.998175625894608620e-01 1.634242853446919025e-02 3.505239999999999745e-02 8.722252215880201831e-01 -6.312666889299479306e-04 -4.891040424368798822e-01 1.820283300000000049e+00
-4.975853847936601015e-01 1.929921703709350927e-02 -8.672002796710229777e-01 -2.890749500000000083e+00 1.052099146992116138e-02 9.998131949792735673e-01 1.621369433000792795e-02 3.520550000000000068e-02 8.673511939106530733e-01 -1.056109413008297221e-03 -4.976954802433639635e-01 1.811865700000000023e+00
-5.056667265453307358e-01 1.960892795837518299e-02 -8.625060298973300510e-01 -2.904897500000000132e+00 1.098020767775688238e-02 9.998069678438287200e-01 1.629300740448707749e-02 3.547449999999999909e-02 8.626590269070880668e-01 -1.231663611784460793e-03 -5.057844267081227363e-01 1.803385400000000027e+00
-5.132237817775882061e-01 1.933699336357736637e-02 -8.580369633678772701e-01 -2.918764100000000195e+00 1.113121655012693292e-02 9.998120370200657137e-01 1.587408730922078987e-02 3.583360000000000017e-02 8.581826413043001089e-01 -1.404036126155261584e-03 -5.133425589667505173e-01 1.795122399999999896e+00
-5.313225459896602221e-01 1.971845425962912360e-02 -8.469401010016446296e-01 -2.931597700000000195e+00 1.219148625641507978e-02 9.998035290937777875e-01 1.562916742782653745e-02 3.593930000000000041e-02 8.470818849355266078e-01 -2.021329571916885906e-03 -5.314585538316572988e-01 1.786848100000000050e+00
-5.980075612353841219e-01 1.906959746458551999e-02 -8.012635690943691325e-01 -2.953082300000000160e+00 1.305050503000083385e-02 9.998160532106403764e-01 1.405503684662125913e-02 3.636949999999999905e-02 8.013842031284182932e-01 -2.051875931101044236e-03 -5.981464275421137788e-01 1.770381299999999936e+00
-6.203202980726645333e-01 2.002361039225961439e-02 -7.840929682288318991e-01 -2.969326699999999875e+00 1.432175814384814908e-02 9.997965786675571120e-01 1.420170864073736806e-02 3.671169999999999989e-02 7.842178364732023121e-01 -2.419981716102003952e-03 -6.204808849962937245e-01 1.757808800000000060e+00
-6.549078091317112049e-01 1.979367429265718042e-02 -7.554495165107317778e-01 -2.984733100000000139e+00 1.450882518434626518e-02 9.998020006162586792e-01 1.361813333378961849e-02 3.709799999999999903e-02 7.555694908676979793e-01 -2.042063104557431501e-03 -6.550653207491637930e-01 1.743918300000000032e+00
-6.620813676230355993e-01 1.905593436963223461e-02 -7.491896515647498145e-01 -3.000956299999999910e+00 1.433450963581415702e-02 9.998157984860350789e-01 1.276287315743778947e-02 3.752450000000000230e-02 7.492948581699407917e-01 -2.289205764531415492e-03 -6.622325687075925060e-01 1.729467499999999935e+00
-6.845639379066765784e-01 1.861410316998341266e-02 -7.287151227200386883e-01 -3.017795099999999842e+00 1.498936186446849297e-02 9.998220008636955480e-01 1.145799370799547787e-02 3.788350000000000051e-02 7.287986923345840529e-01 -3.079245377305917832e-03 -6.847210996451813525e-01 1.713446699999999989e+00
-7.067183218778784193e-01 2.025976977605789195e-02 -7.072048891592424003e-01 -3.044740700000000189e+00 1.635481283253153659e-02 9.997906164024022990e-01 1.229810761529367101e-02 3.821610000000000285e-02 7.073059688842786574e-01 -2.874905620296722489e-03 -7.069016913958729997e-01 1.687410099999999913e+00
-7.223071813003512087e-01 1.896941010856024318e-02 -6.913121562088104799e-01 -3.062386300000000006e+00 1.553699962002233481e-02 9.998165518813977304e-01 1.120108150133985320e-02 3.868100000000000011e-02 6.913978142030454688e-01 -2.650295101584813039e-03 -7.224694031245375569e-01 1.669307499999999944e+00
-7.525756012917774740e-01 1.952837633022665512e-02 -6.582162310808084005e-01 -3.088806200000000057e+00 1.691027569901549718e-02 9.998036647059832527e-01 1.032834044119347421e-02 3.931370000000000003e-02 6.582886957225548841e-01 -3.357760919266001860e-03 -7.527580743675262864e-01 1.639244900000000005e+00
-7.757502377220107936e-01 1.902232486690527691e-02 -6.307532955370912520e-01 -3.106056900000000009e+00 1.702930450699360887e-02 9.998125858721703674e-01 9.208469993001710749e-03 3.970350000000000268e-02 6.308102499660664941e-01 -3.597817152363778827e-03 -7.759287881303840173e-01 1.617806999999999995e+00
-7.922401141908429478e-01 1.890833959008342974e-02 -6.099164501477442046e-01 -3.132013999999999854e+00 1.695511796005337579e-02 9.998159942337982997e-01 8.972271130663962702e-03 4.010570000000000107e-02 6.099738727534486094e-01 -3.233012252923593045e-03 -7.924149305697941736e-01 1.584724299999999975e+00
-8.012189324497218657e-01 1.863552811788217467e-02 -5.980810474976578917e-01 -3.148267300000000102e+00 1.669776017494955384e-02 9.998219956836242872e-01 8.784176247927769771e-03 4.048779999999999740e-02 5.981382842531215438e-01 -2.948565580483614081e-03 -8.013874836006298352e-01 1.562497000000000025e+00
-8.229500521310969541e-01 1.888735410159857186e-02 -5.677996825927829061e-01 -3.170240900000000028e+00 1.693033212898360784e-02 9.998186478507031794e-01 8.719820181274606091e-03 4.083370000000000055e-02 5.678614052314407967e-01 -2.437060736273559923e-03 -8.231205775483568798e-01 1.531040799999999980e+00
-8.230816116509868108e-01 1.839950112576277733e-02 -5.676249808811597575e-01 -3.192243299999999895e+00 1.681762584912749672e-02 9.998263847780614055e-01 8.022952226624364969e-03 4.103779999999999928e-02 5.676740508626518800e-01 -2.942560102188634605e-03 -8.232481480800502016e-01 1.499498100000000056e+00
-8.232506865346009839e-01 1.850111582689931838e-02 -5.673764322153922457e-01 -3.218744000000000050e+00 1.730237092396916948e-02 9.998221954519044274e-01 7.497028887713323188e-03 4.126540000000000069e-02 5.674142535050712421e-01 -3.645023304929237949e-03 -8.234244219868567249e-01 1.461052900000000099e+00
-8.228306834539460546e-01 1.868438788464490269e-02 -5.679793658365490661e-01 -3.246812300000000207e+00 1.717186224462920879e-02 9.998204394303900067e-01 8.013491390984920845e-03 4.214999999999999997e-02 5.680271063195521108e-01 -3.159516829840641750e-03 -8.230037812426127530e-01 1.419605000000000006e+00
