9.999999858943201536e-01 2.559892081837334814e-05 1.660001652222138635e-04 1.781999999999999947e-04 -2.560107881835803703e-05 9.999999995878200432e-01 1.299787510777890451e-05 4.009999999999999893e-05 -1.659998324222162341e-04 -1.300212470774875292e-05 9.999999861375001853e-01 3.646999999999999743e-04
9.994161083503858567e-01 6.995648275633002894e-04 -3.416069347688725083e-02 1.127600000000000087e-03 -7.074297488375856690e-04 9.999997259774946468e-01 -2.181469369993688635e-04 -1.776000000000000072e-04 3.416053150816406730e-02 2.421858536309381114e-04 9.994163293808502324e-01 2.704550000000000010e-02
9.973851167579594890e-01 6.276678301142322829e-04 -7.226710802852497062e-02 -1.574000000000000095e-03 -7.162524761560487389e-04 9.999990236266635968e-01 -1.199886707086062279e-03 -2.685000000000000212e-04 7.226628433856176204e-02 1.248510638513423542e-03 9.973845925063629103e-01 6.601990000000000636e-02
9.960962365772049187e-01 1.415940870068236072e-04 -8.827382073890055469e-02 -2.439999999999999895e-03 -2.424305229427591046e-04 9.999993303608338824e-01 -1.131594152249367500e-03 -1.958999999999999912e-04 8.827360140025200530e-02 1.148576944912254672e-03 9.960956038788802980e-01 7.383230000000000348e-02
9.934651807171164251e-01 1.853798971562228490e-04 -1.141354473290431965e-01 -3.639799999999999893e-03 -3.569317824216851689e-04 9.999988372165945494e-01 -1.482621044449414791e-03 -2.790000000000000054e-04 1.141350397661023280e-01 1.513670952511589731e-03 9.934640917002676153e-01 8.150549999999999462e-02
9.849278816307073248e-01 4.694205963031081435e-04 -1.729648739795195400e-01 -6.772099999999999648e-03 -7.925964983590523885e-04 9.999980669972020619e-01 -1.799386742777426629e-03 -2.742999999999999996e-04 1.729636949687364256e-01 1.909357526253431222e-03 9.849263498234772651e-01 9.779010000000000480e-02
9.730140394593330688e-01 -7.947591154943842639e-04 -2.307445500396051730e-01 -1.425459999999999922e-02 3.943361364026934076e-04 9.999983354404610170e-01 -1.781464374842183299e-03 -1.379999999999999933e-04 2.307455817866141679e-01 1.642398933159492161e-03 9.730127332217710645e-01 1.332493999999999901e-01
9.689971293426834498e-01 4.456789254923516170e-04 -2.470715780820087193e-01 -1.694129999999999941e-02 -8.993725875790428833e-04 9.999981104516095787e-01 -1.723433247638875895e-03 -2.590000000000000071e-04 2.470703431304280551e-01 1.892211274072662548e-03 9.689956992071259156e-01 1.424416000000000015e-01
9.663260174131202973e-01 3.397091028555511124e-04 -2.573206417453202111e-01 -1.942630000000000051e-02 -8.152429651760924626e-04 9.999981515600758764e-01 -1.741337227358841742e-03 -3.264000000000000191e-04 2.573195745554653913e-01 1.892478310864344638e-03 9.663245081629862065e-01 1.521395000000000108e-01
9.608377621764288001e-01 -4.568876288165204516e-04 -2.771111438204664212e-01 -2.228460000000000163e-02 8.487913238101272564e-06 9.999986888650432837e-01 -1.619319656464831420e-03 -2.686000000000000236e-04 2.771115203374769909e-01 1.553551379619912999e-03 9.608365062664735445e-01 1.618574999999999875e-01
9.358188676592145150e-01 -1.113323461710750192e-03 -3.524795135095018517e-01 -3.666769999999999752e-02 5.579959962164961641e-04 9.999984380098889680e-01 -1.677086238252766849e-03 -4.760000000000000234e-04 3.524808300794438076e-01 1.372766787161915601e-03 9.358180271494316305e-01 2.034887999999999975e-01
9.229636551519706522e-01 2.591891084031771155e-05 -3.848871140954505110e-01 -4.597400000000000098e-02 -6.592904292533681865e-04 9.999986371074357505e-01 -1.513644410371960342e-03 -5.278000000000000356e-04 3.848865503036500435e-01 1.650791168263333582e-03 9.229624143397577862e-01 2.261226000000000069e-01
8.977388656975379133e-01 -1.422183246517770864e-04 -4.405279886568456704e-01 -5.654409999999999992e-02 -3.627543532496264531e-04 9.999993701951864766e-01 -1.062082157643820307e-03 -5.115000000000000189e-04 4.405278622577430414e-01 1.113275877094329616e-03 8.977382487069627270e-01 2.485652999999999890e-01
8.850711313228900590e-01 6.112973455360529076e-04 -4.654553886403880458e-01 -6.778850000000000153e-02 -1.490770297461276950e-03 9.999977314770532866e-01 -1.521395631472060011e-03 -5.295999999999999710e-04 4.654534027190472267e-01 2.040430420915064717e-03 8.850700348226449021e-01 2.705953999999999859e-01
8.698166583310060762e-01 6.100109880536625645e-04 -4.933747143667541746e-01 -7.980030000000000456e-02 -1.315292957115501461e-03 9.999985491518090797e-01 -1.082450328549256803e-03 -5.860999999999999890e-04 4.933733382483479479e-01 1.590465614613477841e-03 8.698161987022372532e-01 2.918977999999999851e-01
8.371970739846799070e-01 4.008429714424397231e-04 -5.469011781267275607e-01 -9.357619999999999827e-02 -1.667842787798667556e-03 9.999969525754719424e-01 -1.820203341520484908e-03 -3.428999999999999865e-04 5.468987818709468707e-01 2.436014097155343901e-03 8.371951912328408074e-01 3.131585000000000063e-01
7.740009653581224613e-01 8.114908104900838987e-04 -6.331838967530356577e-01 -1.259484999999999910e-01 -2.575620767217042320e-03 9.999949405502013278e-01 -1.866829307395340490e-03 -2.774000000000000207e-04 6.331791782760689546e-01 3.075769280027358839e-03 7.739991394316780848e-01 3.571249000000000229e-01
7.645558178112837888e-01 1.686169501171231417e-03 -6.445553182492039790e-01 -1.446850000000000080e-01 -3.268427871398051771e-03 9.999938637039402778e-01 -1.260925737213043629e-03 -3.455999999999999979e-04 6.445492369324229420e-01 3.070730675037753807e-03 7.645566373938248450e-01 3.794064999999999799e-01
7.362930404930553285e-01 2.075572882386982412e-03 -6.766596267834382727e-01 -1.634782999999999931e-01 -3.189895874781097269e-03 9.999948308007480247e-01 -4.036534298048986141e-04 -6.675000000000000161e-04 6.766552911828888073e-01 2.455680963243905227e-03 7.362958553089965497e-01 4.004703000000000013e-01
7.274702852594243652e-01 3.016790511103494693e-03 -6.861325550063805956e-01 -1.830674999999999941e-01 -3.985107783583382961e-03 9.999920447083876507e-01 1.715689114054565114e-04 -6.055999999999999751e-04 6.861276142092846975e-01 2.609500900604105021e-03 7.274765202565129929e-01 4.216602999999999879e-01
6.786401082478206170e-01 8.862622353432874668e-04 -7.344704337253042947e-01 -2.032855000000000079e-01 -1.753698103395992438e-03 9.999983766858101530e-01 -4.137254001092684035e-04 -7.071000000000000028e-04 7.344688747798293615e-01 1.568810056939524619e-03 6.786405608381044230e-01 4.414445000000000174e-01
6.468328765721320650e-01 2.452653430717305089e-03 -7.626278347113810696e-01 -2.257239000000000051e-01 -2.978091280516230888e-03 9.999953273334800663e-01 6.901329805438086770e-04 -8.450999999999999962e-04 7.626259638628529736e-01 1.824774603810486564e-03 6.468371583636018940e-01 4.602354000000000167e-01
5.912327199545525103e-01 2.395524769272893654e-03 -8.064974471851856785e-01 -2.484316000000000024e-01 -2.151398175300005527e-03 9.999967153593880553e-01 1.393110306633223508e-03 -5.477999999999999797e-04 8.064981353611629933e-01 9.114447404708401037e-04 5.912359316951668609e-01 4.777858999999999856e-01
4.789993345364581545e-01 2.042643012793061985e-03 -8.778128873075129457e-01 -2.725705999999999962e-01 -7.019460506711775990e-04 9.999978642013289676e-01 1.943930174232059299e-03 -2.300000000000000070e-04 8.778149832313025813e-01 -3.149639703687250698e-04 4.789997453155118157e-01 4.922725000000000017e-01
4.261662524555891451e-01 3.153771976391675069e-03 -9.046393640508245682e-01 -2.958809000000000022e-01 -3.511581214391339915e-03 9.999921563966320814e-01 1.831923193905442976e-03 -2.052000000000000005e-04 9.046380458864937690e-01 2.396010754266647037e-03 4.261739845029628437e-01 5.034532000000000451e-01
3.947170157944778768e-01 3.091717059911304553e-03 -9.187975395743740448e-01 -3.186060000000000003e-01 -3.560863675424195355e-03 9.999919761501346871e-01 1.835179891322407091e-03 -5.310000000000000321e-05 9.187958411378379653e-01 2.547336053590698157e-03 3.947248578273772068e-01 5.134857000000000449e-01
3.791122101068610806e-01 3.373088796193646384e-03 -9.253445598369639535e-01 -3.413437999999999750e-01 -4.971050119216029704e-03 9.999863505311392675e-01 1.608543479563379498e-03 5.110000000000000203e-05 9.253373551351981030e-01 3.990115710903189422e-03 3.791238032200169306e-01 5.227102000000000137e-01
3.489622494529729391e-01 3.688947536558826162e-03 -9.371295215298649506e-01 -3.638992999999999811e-01 -3.768822870046933168e-03 9.999896899339860701e-01 2.532982413007002324e-03 7.399999999999999623e-05 9.371292037018670307e-01 2.647959932270151778e-03 3.489725546189869076e-01 5.317279000000000311e-01
3.250107699121676519e-01 3.355507455538828641e-03 -9.457043618440257315e-01 -3.874714000000000214e-01 -3.982688649353845721e-03 9.999896941777373094e-01 2.179387399683342056e-03 7.210000000000000425e-05 9.457019285336276671e-01 3.058121650852663447e-03 3.250207843503954974e-01 5.399650000000000283e-01
2.655673868605754051e-01 3.445185805248367032e-03 -9.640861443516408613e-01 -4.106736000000000275e-01 -2.188380943116928490e-03 9.999931929757943649e-01 2.970688627821973637e-03 2.050999999999999980e-04 9.640898163682123378e-01 1.320869729755096752e-03 2.655731185159064811e-01 5.467712000000000128e-01
2.053659137638411680e-01 3.503211920955489386e-03 -9.786789917895341029e-01 -4.465947000000000111e-01 -5.329021151082632274e-05 9.999936320848437088e-01 3.568325926187473733e-03 2.598999999999999748e-04 9.786852602466716844e-01 -6.806585039650283470e-04 2.053647926980305405e-01 5.554921999999999915e-01
1.909458979802917122e-01 3.785070540221746431e-03 -9.815932646903732239e-01 -4.590015000000000067e-01 -6.708487724468136914e-04 9.999928351970814866e-01 3.725522302587294839e-03 2.670999999999999872e-04 9.816003331328001513e-01 -5.287256485353723952e-05 1.909470691004900855e-01 5.579129999999999923e-01
1.874885466516275634e-01 4.328709509363090797e-03 -9.822572510032409054e-01 -4.840872999999999982e-01 -2.556288671296268883e-03 9.999890536684492570e-01 3.918919686404591027e-03 4.321999999999999887e-04 9.822634627546161790e-01 1.776180526589752739e-03 1.874975597709140906e-01 5.627033000000000174e-01
1.728865417282360595e-01 3.479144749899496653e-03 -9.849356015705087453e-01 -5.088302999999999576e-01 -2.048674780710575509e-03 9.999928683425225451e-01 3.172726861416245905e-03 6.470000000000000057e-04 9.849396157231639082e-01 1.469290952642965647e-03 1.728924363967455635e-01 5.672156999999999893e-01
1.382842978774944942e-01 3.524445488958792474e-03 -9.903863040473264157e-01 -5.344419999999999726e-01 -2.301227083436993733e-04 9.999937553875385410e-01 3.526503858888883468e-03 8.744000000000000036e-04 9.903925484392877010e-01 -2.597497314948461235e-04 1.382842454005860366e-01 5.712502000000000413e-01
1.206701385074215732e-01 4.395265517096952693e-03 -9.926829298993882222e-01 -5.607204000000000077e-01 -1.887803623001841919e-03 9.999894058718683532e-01 4.198135480027676003e-03 4.727999999999999998e-04 9.926908652093462404e-01 1.367400841708288741e-03 1.206771575106797556e-01 5.745316999999999785e-01
1.049464557891787164e-01 4.883699814993927406e-03 -9.944658822168849222e-01 -5.862541999999999476e-01 -1.394079116811807947e-03 9.999876817824019382e-01 4.763698864718459401e-03 6.511999999999999993e-04 9.944768966450182601e-01 8.864308064812532074e-04 1.049519712998250309e-01 5.772705000000000197e-01
1.034668132051409645e-01 4.794394186526570664e-03 -9.946213512435556625e-01 -6.105378000000000194e-01 -1.989627192887840571e-03 9.999873794058211640e-01 4.613286541226905603e-03 8.256000000000000101e-04 9.946309164452941110e-01 1.501603630238111707e-03 1.034750464495274302e-01 5.797681999999999558e-01
8.770463718488651084e-02 4.296321160310374865e-03 -9.961372587353386487e-01 -6.360179000000000249e-01 -1.096889367792997861e-03 9.999905095056392801e-01 4.216364828474200924e-03 8.989000000000000028e-04 9.961459197577343661e-01 7.228576204488085764e-04 8.770851741352325703e-02 5.824451000000000489e-01
7.641116608037273883e-02 3.465029850457569498e-03 -9.970703722738796237e-01 -6.641692999999999625e-01 2.494105530778311861e-04 9.999938638004193248e-01 3.494303347506611847e-03 1.085199999999999923e-03 9.970763619164850766e-01 -5.156836664278767121e-04 7.640983299119608052e-02 5.848050999999999666e-01
6.867381250794245273e-02 4.017791950127671576e-03 -9.976310765124898339e-01 -6.957381999999999733e-01 -1.977439660065282920e-03 9.999904742061993534e-01 3.891173248711772472e-03 1.139299999999999992e-03 9.976372072091210796e-01 1.705533554691467200e-03 6.868110327651311131e-02 5.867419999999999858e-01
6.704777447047650940e-02 3.702278097498171681e-03 -9.977428972813813246e-01 -7.308162999999999743e-01 -1.650581794813680073e-03 9.999921588169877751e-01 3.599706137844262306e-03 1.388499999999999977e-03 9.977484009099162332e-01 1.405503976867131461e-03 6.705335964943337501e-02 5.893036000000000385e-01
6.745379747460225617e-02 3.117169962391330620e-03 -9.977175293928042255e-01 -7.696450000000000236e-01 -1.674465774235393226e-03 9.999940647780140024e-01 3.011075076440243668e-03 1.835299999999999996e-03 9.977209937505708837e-01 1.467535406935921872e-03 6.745861671575492657e-02 5.915095000000000214e-01
6.729245006283852970e-02 3.474500981788448874e-03 -9.977272442944857822e-01 -8.113424999999999665e-01 -2.243645282082309175e-03 9.999919350041647226e-01 3.331063264889961087e-03 2.022599999999999832e-03 9.977307714109999726e-01 2.014390616057541369e-03 6.729970289724440669e-02 5.944677000000000433e-01
6.757312054834292703e-02 4.263083393186362785e-03 -9.977052167345533684e-01 -8.552070999999999978e-01 -2.042634813744963543e-03 9.999893667255048690e-01 4.134498632417701013e-03 1.853199999999999943e-03 9.977122335735776337e-01 1.758566435061641696e-03 6.758110994735644361e-02 5.973851999999999496e-01
6.870730870353690400e-02 4.696777894493887884e-03 -9.976258046021696524e-01 -8.983638000000000456e-01 -3.896213747986893277e-03 9.999825548585401513e-01 4.439537928299074239e-03 2.216899999999999947e-03 9.976292524024877872e-01 3.581934672296755752e-03 6.872440974542104453e-02 6.002226999999999979e-01
6.888491864161190581e-02 5.222145474565876265e-03 -9.976109447978109834e-01 -9.419463000000000141e-01 -3.725974091844757013e-03 9.999806717529877709e-01 4.977272095262627247e-03 2.290100000000000208e-03 9.976176547659958427e-01 3.374213550718081420e-03 6.890304479563102991e-02 6.033384000000000524e-01
6.962476793015073828e-02 5.670833185330070858e-03 -9.975571328709235130e-01 -9.880965000000000442e-01 -3.645449565048822661e-03 9.999786117822736520e-01 5.430163484228755187e-03 2.094200000000000055e-03 9.975665904530593986e-01 3.258470343723451033e-03 6.964395151682400975e-02 6.064519000000000437e-01
6.944463927232055744e-02 6.313645605389904547e-03 -9.975658273795802167e-01 -1.036055200000000065e+00 -3.790133920516329177e-03 9.999744247420226939e-01 6.065043011009794635e-03 2.337300000000000055e-03 9.975786069083485419e-01 3.359723356228601961e-03 6.946679277012712816e-02 6.097740000000000382e-01
6.946086676987925368e-02 7.192091719927372340e-03 -9.975587510539263292e-01 -1.080570299999999984e+00 -3.509041290746089600e-03 9.999695862954144365e-01 6.965135562038017591e-03 2.425800000000000092e-03 9.975785054905690341e-01 3.016670494084455149e-03 6.948399155440909691e-02 6.128860000000000419e-01
7.031915433291340001e-02 7.242841078982302332e-03 -9.974982495157617146e-01 -1.122929899999999925e+00 -3.481312138177123684e-03 9.999693320774756256e-01 7.015366727675786257e-03 2.902899999999999925e-03 9.975184695030466786e-01 2.979288108224233469e-03 7.034221238109950036e-02 6.156764999999999599e-01
6.958031130379876972e-02 6.459561609135884043e-03 -9.975554392326696496e-01 -1.164041399999999893e+00 -2.992538325863964600e-03 9.999758875368539579e-01 6.266502952157686213e-03 3.362899999999999830e-03 9.975718645757983838e-01 2.549197657880518733e-03 6.959796403679041621e-02 6.187496999999999581e-01
7.011882457746805575e-02 7.165901508946774176e-03 -9.975129073327515528e-01 -1.205405099999999896e+00 -1.373916320678219855e-03 9.999739430287228892e-01 7.087003424031899576e-03 3.415399999999999860e-03 9.975376999361067476e-01 8.735669136020387388e-04 7.012684284230552567e-02 6.214758000000000226e-01
7.125948074426019518e-02 8.120166448427407896e-03 -9.974247587166201745e-01 -1.244662300000000110e+00 -3.107520475079509920e-03 9.999638171071558723e-01 7.918825227500331937e-03 3.441699999999999794e-03 9.974529711823786338e-01 2.535226486246917529e-03 7.128213595360388677e-02 6.238905999999999619e-01
6.164473220900319739e-02 8.164630687703927636e-03 -9.980647603220013098e-01 -1.280713299999999943e+00 -2.085505733252554679e-03 9.999654124619340445e-01 8.051369179881650434e-03 3.972999999999999969e-03 9.980959761749953474e-01 1.585145282799243702e-03 6.165962745359043762e-02 6.260866000000000486e-01
5.092153092764418326e-02 7.798568560230615017e-03 -9.986722084930551580e-01 -1.314742700000000042e+00 -7.727295059117714540e-04 9.999695199820134439e-01 7.769298298582418341e-03 4.300700000000000182e-03 9.987023583516240199e-01 3.760789186392989210e-04 5.092600502249600147e-02 6.280982999999999983e-01
5.050779695528414409e-02 8.226028038895140393e-03 -9.986897891284498563e-01 -1.346890200000000037e+00 -1.615942633034563557e-03 9.999654432997118203e-01 8.154810593604115698e-03 4.386000000000000142e-03 9.987223594053209474e-01 1.201943889758400660e-03 5.051934436189109423e-02 6.300430999999999671e-01
4.965584401211814436e-02 6.873812659627494964e-03 -9.987427335680422180e-01 -1.377760400000000107e+00 -2.016033397566299734e-03 9.999749693250616911e-01 6.782059619443517318e-03 4.975000000000000255e-03 9.987643529706017320e-01 1.676729811905858149e-03 4.966845892871829538e-02 6.315342999999999929e-01
4.824265442566355588e-02 7.231680480230694499e-03 -9.988094658599298015e-01 -1.410090400000000077e+00 -2.268221669758413613e-04 9.999738435900316080e-01 7.229155378295533049e-03 5.188700000000000083e-03 9.988356195318981445e-01 -1.222015172622071925e-04 4.824303287645381744e-02 6.334267999999999565e-01
4.859885813741456756e-02 8.397370859207223953e-03 -9.987830771245538308e-01 -1.442228700000000030e+00 -3.579069389515335611e-04 9.999647401962780124e-01 8.389890750983812137e-03 5.297999999999999758e-03 9.988183132533976494e-01 -5.026771658522485864e-05 4.860015002851503230e-02 6.351664000000000199e-01
4.882999332449378116e-02 6.200164631940997123e-03 -9.987878602138027251e-01 -1.475986000000000020e+00 -1.576858006686310786e-04 9.999807682463568437e-01 6.199860693123246912e-03 5.977299999999999627e-03 9.988070919287257432e-01 -1.452444928220766526e-04 4.883003191601598125e-02 6.369342999999999533e-01
4.846530658856052637e-02 5.866241246068418583e-03 -9.988076397740057732e-01 -1.510286999999999935e+00 1.785054683606369756e-04 9.999826861075118423e-01 5.881804230271268225e-03 6.327799999999999744e-03 9.988248506084913547e-01 -4.633560708540321142e-04 4.846342030931172218e-02 6.384874999999999856e-01
4.762310564377511546e-02 7.144877070884080722e-03 -9.988398222640523239e-01 -1.544433399999999956e+00 9.710658651837750059e-04 9.999736133067711474e-01 7.199286165012726627e-03 6.439099999999999685e-03 9.988649041987246457e-01 -1.312791621783019388e-03 4.761491088126146298e-02 6.402202000000000170e-01
4.796699528468102020e-02 6.657244569008163165e-03 -9.988267359547937652e-01 -1.579622300000000035e+00 1.844441022781190178e-03 9.999754939903443551e-01 6.753477332485411516e-03 6.668199999999999995e-03 9.988472182474517069e-01 -2.166221021808184891e-03 4.795354091004966346e-02 6.419829000000000230e-01
4.747902225907484064e-02 6.724243469161049827e-03 -9.988496017895238666e-01 -1.617048599999999947e+00 2.266016614158629372e-03 9.999740426939074389e-01 6.839525356909249496e-03 6.551000000000000399e-03 9.988696649783830317e-01 -2.588143769362994968e-03 4.746255258414233680e-02 6.438038999999999845e-01
4.698033094066386695e-02 6.923540394048019637e-03 -9.988718201516737505e-01 -1.657315700000000058e+00 2.713535203916254100e-03 9.999714047049932386e-01 7.058788778520605489e-03 6.969699999999999680e-03 9.988921289265437764e-01 -3.042098081036614509e-03 4.696020025364611161e-02 6.457614999999999883e-01
4.879921927553049904e-02 7.375761432755586350e-03 -9.987813746468172660e-01 -1.696651799999999932e+00 2.761491892152006383e-06 9.999727327698498813e-01 7.384694250458552142e-03 7.811700000000000414e-03 9.988086083882501409e-01 -3.631254406789960650e-04 4.879786828788201802e-02 6.469979999999999620e-01
4.841848322539132887e-02 7.846155769511836686e-03 -9.987963197378095792e-01 -1.734255399999999891e+00 1.155093081646835825e-03 9.999680375955920519e-01 7.911355585070483504e-03 8.170500000000000679e-03 9.988264695341853017e-01 -1.536758556589304641e-03 4.840787261400281150e-02 6.488903000000000310e-01
4.793039952302954182e-02 6.626108772446476919e-03 -9.988286997699348246e-01 -1.771586899999999964e+00 1.854214101187839220e-03 9.999756833342450246e-01 6.722695164638369664e-03 8.507999999999999938e-03 9.988489568957009679e-01 -2.174263724897183576e-03 4.791694779120292402e-02 6.505765000000000020e-01
4.856887865464562526e-02 5.829477536149570496e-03 -9.988028239937478681e-01 -1.811628699999999981e+00 2.300945089969244281e-03 9.999796618728961084e-01 5.948234381841713790e-03 8.958699999999999997e-03 9.988171853136704748e-01 -2.587089527616891031e-03 4.855447754690433992e-02 6.520639000000000296e-01
4.874568334841554440e-02 7.845259370380996966e-03 -9.987804114320161242e-01 -1.851732600000000062e+00 1.788656853441687559e-03 9.999668631188349810e-01 7.941874522926897773e-03 8.978599999999999776e-03 9.988096210297318089e-01 -2.173607528678627495e-03 4.873003559155930642e-02 6.540103999999999917e-01
4.798776375685114004e-02 8.078574834305128280e-03 -9.988152537673137266e-01 -1.871572100000000072e+00 2.601531447229779928e-03 9.999628899017655170e-01 8.212846853464387045e-03 9.099100000000000590e-03 9.988445357330367758e-01 -2.992565447223706834e-03 4.796496625974377981e-02 6.552725000000000355e-01
4.826391730733747137e-02 8.637814241257936107e-03 -9.987972679434423684e-01 -1.908584499999999906e+00 2.952142414176800109e-03 9.999570050807723431e-01 8.790497429541242400e-03 9.396299999999999791e-03 9.988302554194669058e-01 -3.372855618889487959e-03 4.823634214632388506e-02 6.571561999999999681e-01
4.856030188376432577e-02 8.648468856989379935e-03 -9.987828097576505471e-01 -1.926040500000000044e+00 3.451465260161169866e-03 9.999550897689061246e-01 8.826428089374338537e-03 9.601800000000000612e-03 9.988142892793010486e-01 -3.875878182900047673e-03 4.852827113957125515e-02 6.579675999999999858e-01
4.782522621821273107e-02 8.550763222637508543e-03 -9.988191188526017728e-01 -1.960803700000000038e+00 3.747597703591361469e-03 9.999547835705125953e-01 8.739927110759035389e-03 9.722500000000000239e-03 9.988486888656505913e-01 -4.161161227317900640e-03 4.779101891162662596e-02 6.597840999999999845e-01
4.772980201508070924e-02 8.448345379267693106e-03 -9.988245548943790464e-01 -1.977735900000000102e+00 2.624859746477018006e-03 9.999597170520808653e-01 8.583378381135282204e-03 9.990199999999999428e-03 9.988568346419386401e-01 -3.031457318687193377e-03 4.770570359624159984e-02 6.606707000000000551e-01
4.732495213433579595e-02 8.824587158410885160e-03 -9.988405656394648835e-01 -2.010904299999999978e+00 3.167519577749121698e-03 9.999546217028978390e-01 8.984506371474087344e-03 1.024890000000000002e-02 9.988745245150699725e-01 -3.589038380693655543e-03 4.729485255600762716e-02 6.622173999999999561e-01
4.654973767862551071e-02 8.997762439320867306e-03 -9.988754487888553690e-01 -2.041885900000000031e+00 3.785790304550207784e-03 9.999506609099096943e-01 9.183873779874517779e-03 1.065190000000000060e-02 9.989087994976426632e-01 -4.209039904804852926e-03 4.651337731511906437e-02 6.638735999999999526e-01
4.616117816627402642e-02 1.031985487339422657e-02 -9.988806966929001385e-01 -2.082457499999999850e+00 4.775631807059664558e-03 9.999329281708043693e-01 1.055142173379428408e-02 1.044490000000000002e-02 9.989225890784255713e-01 -5.257352485145705585e-03 4.610879822443891829e-02 6.657342000000000537e-01
4.689876184576081269e-02 1.019588731621721457e-02 -9.988476110093919003e-01 -2.107761399999999785e+00 4.112582110657944656e-03 9.999374602382282706e-01 1.040010964869255913e-02 1.064490000000000054e-02 9.988911816638074148e-01 -4.595595081894481709e-03 4.685389738458867193e-02 6.666866999999999654e-01
3.278205389983378931e-02 9.760283854784253602e-03 -9.994148657095220933e-01 -2.132260299999999997e+00 4.111621115293851922e-03 9.999425376312561786e-01 9.900303397775775047e-03 1.086540000000000075e-02 9.994540667353914998e-01 -4.433767544400432636e-03 3.274003957617577232e-02 6.676530999999999993e-01
3.162235719226408337e-02 9.319371493854918670e-03 -9.994564401916494756e-01 -2.156855300000000142e+00 3.698570321702259432e-03 9.999485929000716533e-01 9.440981661989672480e-03 1.119099999999999956e-02 9.994930450499293073e-01 -3.995106021888074690e-03 3.158626322776381112e-02 6.683413000000000270e-01
2.408098395841682532e-02 9.756266420249310595e-03 -9.996624037529530105e-01 -2.180242799999999814e+00 3.429047538153407425e-03 9.999456904628231113e-01 9.841633899363613769e-03 1.117160000000000028e-02 9.997041301528047930e-01 -3.664886132628769090e-03 2.404622142997336898e-02 6.686733999999999734e-01
1.685294257673759094e-02 1.094703552894080514e-02 -9.997980499779108854e-01 -2.201348499999999930e+00 3.733543945961472540e-03 9.999324021291779996e-01 1.101144049502745387e-02 1.098490000000000057e-02 9.998510083888041411e-01 -3.918365131028974171e-03 1.681093211547701749e-02 6.692854000000000303e-01
-1.046479651506230374e-02 1.062838120878391995e-02 -9.998887565858405324e-01 -2.222667500000000018e+00 5.402026744483451326e-03 9.999295200482054558e-01 1.057227710653949049e-02 1.122860000000000004e-02 9.999306506658096616e-01 -5.290789075964224229e-03 -1.052147375624878922e-02 6.692002000000000228e-01
-5.352630630478539403e-02 9.893923635549044596e-03 -9.985174233875244720e-01 -2.254778599999999855e+00 6.263464611636784460e-03 9.999345687850687003e-01 9.572207669994777651e-03 1.173130000000000006e-02 9.985467958710927405e-01 -5.741813625733348074e-03 -5.358477425409458039e-02 6.678595999999999977e-01
-6.841009854320556638e-02 9.342104337040052497e-03 -9.976135441662091763e-01 -2.277100100000000182e+00 5.707256768327525695e-03 9.999434586424413851e-01 8.972554729423761616e-03 1.200129999999999947e-02 9.976409602845551783e-01 -5.079823298893624064e-03 -6.845954833157119612e-02 6.664063999999999544e-01
-8.203006095743854698e-02 1.005112257102105076e-02 -9.965791709816039790e-01 -2.299274399999999829e+00 5.486913995840989045e-03 9.999385441183149537e-01 9.633367082535261930e-03 1.202600000000000023e-02 9.966147514833006982e-01 -4.677918512216824171e-03 -8.208016937282658354e-02 6.646347999999999701e-01
-9.085593105303531314e-02 9.869820898582855329e-03 -9.958151366734266929e-01 -2.320868700000000118e+00 5.070321581375741848e-03 9.999425107452707406e-01 9.448123808753063763e-03 1.229479999999999983e-02 9.958511392931912454e-01 -4.190684893187297637e-03 -9.090075097917771352e-02 6.628969000000000111e-01
-1.222675022166192366e-01 9.326374053222801289e-03 -9.924533624552484001e-01 -2.341710599999999864e+00 5.875007641775762540e-03 9.999451302444632983e-01 8.672991732529009359e-03 1.253600000000000027e-02 9.924797943469269024e-01 -4.770246052648925705e-03 -1.223155859474952534e-01 6.602512999999999854e-01
-1.526423156902552147e-01 9.522720028193465067e-03 -9.882356203173314757e-01 -2.362688299999999852e+00 6.340932761277956117e-03 9.999424305005606417e-01 8.656110925149219232e-03 1.264859999999999943e-02 9.882611578082147741e-01 -4.945046804245517222e-03 -1.526939110759508722e-01 6.572510999999999770e-01
-1.661260026044504845e-01 9.506461513919583009e-03 -9.860587094327351032e-01 -2.382599400000000145e+00 5.454898344324337831e-03 9.999470897141000680e-01 8.721344870747164274e-03 1.286170000000000022e-02 9.860894459138682677e-01 -3.930007860779165946e-03 -1.661690696113299337e-01 6.537201999999999735e-01
-1.925306877104878689e-01 9.908859925646110872e-03 -9.812409229056338056e-01 -2.401960100000000153e+00 7.459357248532610951e-03 9.999349036728207851e-01 8.634026075097743502e-03 1.304149999999999927e-02 9.812626010804472720e-01 -5.657111612884114377e-03 -1.925920683959596591e-01 6.499875999999999987e-01
-2.637163031144431069e-01 1.043834841365030852e-02 -9.645438053059314232e-01 -2.420110699999999948e+00 8.797786312339316017e-03 9.999258834736672874e-01 8.415849060447381028e-03 1.303020000000000046e-02 9.645601642342760407e-01 -6.266453686181858683e-03 -2.637885917369160449e-01 6.449650999999999579e-01
-3.807122664139062640e-01 1.190102319583796059e-02 -9.246169670998253265e-01 -2.437720300000000062e+00 1.114051739602691174e-02 9.999036362645553622e-01 8.282937707647970368e-03 1.275740000000000034e-02 9.246264429888083614e-01 -7.147295419393382560e-03 -3.808081631137286704e-01 6.380618999999999597e-01
-5.267173875562416452e-01 1.310116747481241545e-02 -8.499394996449596285e-01 -2.453597799999999829e+00 1.419438939494829105e-02 9.998773669569028799e-01 6.615916945926835456e-03 1.299960000000000004e-02 8.499219452135777786e-01 -8.579653730060421424e-03 -5.268387576728194022e-01 6.279266999999999488e-01
-5.916358621847513932e-01 1.133522112677734332e-02 -8.061256225545203602e-01 -2.467340500000000159e+00 1.106756208951270755e-02 9.999211245479978638e-01 5.937487015743122057e-03 1.298299999999999975e-02 8.061293417599317834e-01 -5.409015129799292498e-03 -5.917146499023198114e-01 6.169892000000000154e-01
-6.046770060655205503e-01 9.705065462760545728e-03 -7.964116586539915499e-01 -2.487723400000000140e+00 9.962375337049073423e-03 9.999396954921130343e-01 4.621304662561448104e-03 1.341039999999999940e-02 7.964084815051144517e-01 -5.139755198838583811e-03 -6.047372268210498003e-01 6.012393000000000320e-01
-6.051811370598587647e-01 9.745565002473668276e-03 -7.960281498224288654e-01 -2.500263499999999972e+00 9.239800923156137741e-03 9.999437003917538425e-01 5.217482702120525631e-03 1.343600000000000003e-02 7.960341810662636686e-01 -4.197619519328104482e-03 -6.052371126794308109e-01 5.917293999999999610e-01
-6.121639405348753282e-01 9.849668244590570679e-03 -7.906695225846800401e-01 -2.512754000000000154e+00 9.531046787453400712e-03 9.999416879724544183e-01 5.077381405206356918e-03 1.348390000000000005e-02 7.906734275640920906e-01 -4.427718404558401294e-03 -6.122221216631925644e-01 5.817358999999999725e-01
-6.197015049672930376e-01 9.480343186335645281e-03 -7.847803309425778195e-01 -2.524179000000000173e+00 9.287966805514540417e-03 9.999456061645268790e-01 4.745354030689907451e-03 1.354829999999999923e-02 7.847826313151256006e-01 -4.348310628994232763e-03 -6.197558501384089480e-01 5.726004999999999567e-01
-6.273622191547011395e-01 9.730189730192420616e-03 -7.786667897021822826e-01 -2.535334100000000035e+00 9.615380555558290104e-03 9.999424976412542021e-01 4.748248913240522319e-03 1.352500000000000056e-02 7.786682158879093540e-01 -4.508305533651888082e-03 -6.274197038244453406e-01 5.636664999999999592e-01
-6.346621338504283560e-01 9.906731431393572124e-03 -7.727262338815513720e-01 -2.545894099999999938e+00 9.574755139102504586e-03 9.999418807224540462e-01 4.955728126901900836e-03 1.354269999999999953e-02 7.727304186586975154e-01 -4.253451491174558598e-03 -6.347201022734076936e-01 5.548385000000000122e-01
-6.571908897647843473e-01 1.032868149024223844e-02 -7.536534035940151144e-01 -2.566302499999999931e+00 1.037272803475922101e-02 9.999353487670264995e-01 4.658840980553417138e-03 1.355050000000000004e-02 7.536527986568398729e-01 -4.755693938668805951e-03 -6.572555381675180275e-01 5.374147000000000229e-01
-6.673834435386282182e-01 9.611517409829278130e-03 -7.446522396552657241e-01 -2.576569999999999805e+00 1.020751846891506526e-02 9.999408391569825083e-01 3.758291198967678246e-03 1.364910000000000082e-02 7.446443082823031023e-01 -5.092830167012123328e-03 -6.674420703129677612e-01 5.278988999999999487e-01
-6.741754673169346734e-01 1.015309877672639430e-02 -7.385014244083912827e-01 -2.587136999999999798e+00 1.036134862712165261e-02 9.999371234603998682e-01 4.288540587207148765e-03 1.377319999999999933e-02 7.384985319705247298e-01 -4.760641865433247986e-03 -6.742382772925378243e-01 5.181554999999999911e-01
-7.037268670174467999e-01 1.083149800254733057e-02 -7.103880455700453123e-01 -2.597418499999999852e+00 1.117308106526828347e-02 9.999288511756150299e-01 4.177899726371829547e-03 1.369100000000000004e-02 7.103827552082868646e-01 -4.997122935798918933e-03 -7.037978188834110860e-01 5.079240000000000421e-01
-7.591583223381662693e-01 1.105935918936353998e-02 -6.508120559723995502e-01 -2.607046099999999811e+00 1.191705175037638398e-02 9.999242122496098117e-01 3.090895432739629908e-03 1.373489999999999954e-02 6.507969157135580218e-01 -5.409281959550619676e-03 -7.592325823925119010e-01 4.959667999999999854e-01
-7.830161345190120858e-01 9.936467689358493074e-03 -6.219220205884036234e-01 -2.617096399999999878e+00 1.065797698303615725e-02 9.999399318138589843e-01 2.557399210938677246e-03 1.379200000000000044e-02 6.219100743753339655e-01 -4.625945736103369461e-03 -7.830750028040182054e-01 4.826965999999999757e-01
-7.996408683591831323e-01 9.458719234236179912e-03 -6.004040425248811097e-01 -2.627623600000000170e+00 9.981274623707094701e-03 9.999471607412092622e-01 2.459650885893079238e-03 1.384739999999999929e-02 6.003955827674429813e-01 -4.025960263368775008e-03 -7.996930260026656745e-01 4.683679000000000037e-01
-8.073275294199915297e-01 1.021953560096751194e-02 -5.900151026310368474e-01 -2.638724600000000198e+00 1.055742582442631243e-02 9.999401390402966605e-01 2.873864303351823541e-03 1.380059999999999967e-02 5.900091533193142501e-01 -3.908890913405117101e-03 -8.073870940083527348e-01 4.531194000000000055e-01
-8.141959262630525940e-01 1.052608638104662701e-02 -5.804947847846251285e-01 -2.649457899999999810e+00 1.099320107835816997e-02 9.999358929476870328e-01 2.712844441265405138e-03 1.390060000000000080e-02 5.804861266100167505e-01 -4.172709001411975711e-03 -8.142594459463696754e-01 4.380059000000000036e-01
-8.183377449026123518e-01 1.108905614517124473e-02 -5.746306362364571596e-01 -2.659602200000000138e+00 1.105663345869364357e-02 9.999325699947748669e-01 3.550538016242757357e-03 1.371939999999999965e-02 5.746312610050609004e-01 -3.447941045599335012e-03 -8.184051720133976859e-01 4.235417000000000209e-01
-8.244745812073580593e-01 1.075445964618633281e-02 -5.657967890865684968e-01 -2.669124099999999888e+00 1.105645772717379037e-02 9.999346846891002949e-01 2.895012648811448770e-03 1.395940000000000028e-02 5.657909681900901155e-01 -3.868843939487486353e-03 -8.245396366222141893e-01 4.094659999999999966e-01
-8.382535004106501653e-01 1.022163423398957278e-02 -5.451849110557623890e-01 -2.677800700000000145e+00 1.035652113836956802e-02 9.999423818125049435e-01 2.824097208880963980e-03 1.399910000000000043e-02 5.451823653780479839e-01 -3.278909684824721227e-03 -8.383110623343080769e-01 3.959481999999999724e-01
-8.441115843199574753e-01 1.036624273732535649e-02 -5.360673224776546508e-01 -2.685937200000000136e+00 1.074284601516760189e-02 9.999393648217402841e-01 2.420318034652655173e-03 1.401570000000000073e-02 5.360599075442458172e-01 -3.715870208351820629e-03 -8.441717644130540821e-01 3.831027000000000182e-01
-8.492399197684391554e-01 1.057679852942714459e-02 -5.279012123537533130e-01 -2.693506699999999920e+00 1.097317229365829365e-02 9.999369566299812773e-01 2.381649719132851797e-03 1.390599999999999996e-02 5.278931219115364781e-01 -3.770158940795921218e-03 -8.493024418545211951e-01 3.706767999999999730e-01
-8.540847410305038023e-01 1.071892472987064082e-02 -5.200234223489298424e-01 -2.700813999999999826e+00 1.098789241777261075e-02 9.999363425019712759e-01 2.564598213311944895e-03 1.395590000000000025e-02 5.200178086941577016e-01 -3.523577218628145061e-03 -8.541481505245513972e-01 3.583802999999999850e-01
-8.587236680529178878e-01 1.081446907241383551e-02 -5.123248082851576957e-01 -2.707901999999999809e+00 1.132283771739273429e-02 9.999336288852193055e-01 2.128654613171334677e-03 1.407459999999999961e-02 5.123138249859819915e-01 -3.973044565366931451e-03 -8.587891240840872520e-01 3.465425999999999784e-01
-8.694245458806735272e-01 1.115089728812790164e-02 -4.939398915959855585e-01 -2.714396199999999926e+00 1.204893689763715352e-02 9.999264766695982187e-01 1.365421092574731861e-03 1.409050000000000059e-02 4.939188011604955242e-01 -4.764319971718087438e-03 -8.694949793503040647e-01 3.348490000000000077e-01
-8.977330294873488992e-01 1.161379709852747646e-02 -4.403867930404158360e-01 -2.720575999999999883e+00 1.302500204025643094e-02 9.999151544944107073e-01 -1.820282122540891820e-04 1.420139999999999944e-02 4.403473141615821262e-01 -5.899451616292430284e-03 -8.978081306054812583e-01 3.213398000000000088e-01
-9.181928474413898478e-01 1.133362139965917760e-02 -3.959715190937881935e-01 -2.731204500000000035e+00 1.223855599719610686e-02 9.999250770333035776e-01 2.409710468633768747e-04 1.412449999999999990e-02 3.959445828074638629e-01 -4.624861718053716389e-03 -9.182627608694108323e-01 2.972737999999999770e-01
-9.348781657374735099e-01 1.077145501165486206e-02 -3.548052860151175714e-01 -2.737182900000000085e+00 1.153977716536994276e-02 9.999334133315515016e-01 -4.945792444645442931e-05 1.416889999999999990e-02 3.547811279793657291e-01 -4.140611071397488387e-03 -9.349402155055930308e-01 2.801802999999999932e-01
-9.383101648130002248e-01 1.034967992729299638e-02 -3.456398685539650018e-01 -2.743641100000000055e+00 1.122802046678355800e-02 9.999368184596313380e-01 -5.391152268346133258e-04 1.427160000000000060e-02 3.456124508246152249e-01 -4.386708815604682329e-03 -9.383670873494921461e-01 2.626221000000000250e-01
-9.494766630950005615e-01 1.060816309780211221e-02 -3.136583063042869268e-01 -2.753743200000000169e+00 1.165357918063769475e-02 9.999310315245885095e-01 -1.458179156700545320e-03 1.421960000000000064e-02 3.136212051667808254e-01 -5.039748988080433589e-03 -9.495348022057295001e-01 2.329500999999999933e-01
-9.611934453356291153e-01 1.103878036408156502e-02 -2.756543233324973974e-01 -2.762987900000000163e+00 1.210017009992153669e-02 9.999244788346730584e-01 -2.150002502413835177e-03 1.408990000000000069e-02 2.756097721913655096e-01 -5.402032513877366195e-03 -9.612544260066339108e-01 2.012614000000000070e-01
-9.725023478837324653e-01 1.057640313715534769e-02 -2.326527950773605302e-01 -2.771183699999999916e+00 1.170118827572953421e-02 9.999255697883342453e-01 -3.455007440070106180e-03 1.428089999999999915e-02 2.325989371290502761e-01 -6.082317005498858592e-03 -9.725537208125218935e-01 1.685877000000000070e-01
-9.822360352615808754e-01 1.049508207002331113e-02 -1.873558760379689381e-01 -2.778125999999999873e+00 1.153235270635887856e-02 9.999236106379628675e-01 -4.447215960089715217e-03 1.440220000000000042e-02 1.872948901456402138e-01 -6.528869816669254436e-03 -9.822820358655911521e-01 1.337740000000000040e-01
-9.869451019265190750e-01 1.126453149257958426e-02 -1.606626157931742849e-01 -2.784706400000000137e+00 1.204574620934623606e-02 9.999198835572062904e-01 -3.889275665609387683e-03 1.423029999999999955e-02 1.606059332076884283e-01 -5.773802663389468112e-03 -9.870017210832467969e-01 9.790899999999999603e-02
-9.922560976573823188e-01 1.153421803999860225e-02 -1.236721410664075316e-01 -2.789669500000000024e+00 1.208546203917745636e-02 9.999200929572679142e-01 -3.708005882987116045e-03 1.389349999999999960e-02 1.236194898429985867e-01 -5.173926413705278934e-03 -9.923162057612595621e-01 6.324810000000000154e-02
-9.941380118510957375e-01 1.032413305742094570e-02 -1.076244659422943978e-01 -2.793244399999999850e+00 1.070654435041375543e-02 9.999382548507398383e-01 -2.975969443632871508e-03 1.341559999999999975e-02 1.075870963490698634e-01 -4.110810463823562355e-03 -9.941871644396277352e-01 3.079959999999999989e-02
