9.999999974744600006e-01 -6.200184072128679741e-06 -7.079998379011729335e-05 -2.869999999999999965e-05 6.199815912129146729e-06 9.999999999672600781e-01 -5.200219473398164362e-06 -6.900000000000000005e-06 7.080001603011724259e-05 5.199780513398721807e-06 9.999999974801599967e-01 -7.619999999999999549e-05
9.996015758094334291e-01 -4.660265625830720604e-04 -2.822184364176823224e-02 -4.199300000000000428e-03 4.962774772490670264e-04 9.999993098455973728e-01 1.064902340385391914e-03 -9.765999999999999941e-04 2.822132789156141242e-02 -1.078483922898245762e-03 9.996011172084918739e-01 2.686370000000000077e-02
9.992263878426982382e-01 -2.103957333400630395e-04 -3.932660133381716411e-02 -3.782999999999999904e-03 2.831085586138069724e-04 9.999982608840705112e-01 1.843387745057880559e-03 -1.136999999999999990e-03 3.932614509938187758e-02 -1.853095375306479387e-03 9.992247096370027171e-01 3.355070000000000274e-02
9.991578786456959405e-01 3.347463966109207783e-04 -4.102951967891785290e-02 -4.327700000000000297e-03 -2.735253152564152057e-04 9.999988409976313664e-01 1.497727377080031175e-03 -1.023000000000000038e-03 4.102997348444993586e-02 -1.485243496567870830e-03 9.991568121809615288e-01 4.291779999999999901e-02
9.988962957385735253e-01 4.925242038163303929e-04 -4.696751834688440985e-02 -5.321799999999999795e-03 -4.300209456769937236e-04 9.999990085729112410e-01 1.340871053109900148e-03 -1.005699999999999997e-03 4.696813219346228363e-02 -1.319194111358930419e-03 9.988955172014508666e-01 5.135850000000000137e-02
9.920934285546583187e-01 -6.572290050955114206e-04 -1.254997891181408032e-01 -1.275759999999999915e-02 8.697431003902251828e-04 9.999982793377000245e-01 1.638556858513734709e-03 -1.304100000000000094e-03 1.254984962682911265e-01 -1.734754067330572351e-03 9.920922931172904136e-01 1.094274999999999970e-01
9.885480663764186771e-01 -5.349836108988303800e-04 -1.509053817992582480e-01 -1.428770000000000040e-02 7.820290543587985529e-04 9.999984495711257138e-01 1.577747097240683825e-03 -1.335500000000000098e-03 1.509043037623578332e-01 -1.677691235234412496e-03 9.885469520756802186e-01 1.165415000000000062e-01
9.821819671222872250e-01 -1.247238753374350657e-03 -1.879282518816326741e-01 -1.614120000000000138e-02 1.478935314010797631e-03 9.999983093901747555e-01 1.092688029210325427e-03 -1.129699999999999975e-03 1.879265713254282544e-01 -1.351152206188835315e-03 9.821821512212408622e-01 1.242729000000000056e-01
9.779217577188026311e-01 -8.278984498892706472e-05 -2.089713591045654073e-01 -1.810120000000000132e-02 1.976493044341716561e-04 9.999998406737250489e-01 5.287601319113993106e-04 -1.093900000000000081e-03 2.089712820339678367e-01 -5.583890813841023209e-04 9.779216182735269713e-01 1.321044000000000107e-01
9.593819806641544767e-01 6.316414991247459344e-04 -2.821095819108963010e-01 -2.928400000000000100e-02 -4.979106835414162397e-04 9.999997271335110405e-01 5.457269049789569655e-04 -1.120399999999999912e-03 2.821098496364055075e-01 -3.830951842375930269e-04 9.593820333820123336e-01 1.737528000000000128e-01
9.500232161205418580e-01 -7.558437290803019567e-04 -3.121783425099176612e-01 -3.511929999999999913e-02 1.052332042221679285e-03 9.999991411038139377e-01 7.812739004512570407e-04 -9.746000000000000539e-04 3.121774838601514834e-01 -1.070743616288583619e-03 9.500231955477997925e-01 1.922985000000000111e-01
9.433034858746427442e-01 -2.415572002707976312e-04 -3.319314314536463972e-01 -4.196740000000000193e-02 5.135072860324061631e-04 9.999996005466311733e-01 7.315851592992254860e-04 -1.076099999999999973e-03 3.319311221428550840e-01 -8.605560394957287957e-04 9.433032331102697565e-01 2.112430999999999892e-01
9.222669558760089314e-01 -1.671920604804485056e-03 -3.865499537972948985e-01 -5.001259999999999734e-02 2.167223985545617577e-03 9.999972940984994674e-01 8.455388078251112284e-04 -1.126499999999999897e-03 3.865474941574399970e-01 -1.617552833848942984e-03 9.222680837389058972e-01 2.309041000000000010e-01
9.082680275857437646e-01 -6.242826763324937911e-04 -4.183883367598128511e-01 -5.960920000000000107e-02 1.117542864599168750e-03 9.999989394335117021e-01 9.339324374071154670e-04 -1.123199999999999980e-03 4.183873099933222428e-01 -1.315827873199549875e-03 9.082677619697617777e-01 2.519994999999999874e-01
8.811447373911428516e-01 -8.832267092700452332e-04 -4.728458223125948656e-01 -7.053310000000000135e-02 1.724842112019148383e-03 9.999976061421056439e-01 1.346339387692893413e-03 -9.749999999999999552e-04 4.728435012639833346e-01 -2.001904253025093595e-03 8.811441514824797094e-01 2.731707999999999914e-01
8.678090296545927229e-01 3.323684154379822871e-04 -4.968977536487667601e-01 -8.233409999999999340e-02 -4.761508091180284910e-05 9.999998273269954385e-01 5.857292747788520179e-04 -7.684999999999999774e-04 4.968978625258496651e-01 -4.846413268412447803e-04 8.678088956331492243e-01 2.939260000000000206e-01
8.171031424001845567e-01 -1.283860527392110835e-04 -5.764914901338659137e-01 -1.085184000000000010e-01 1.293537468519173530e-04 9.999999908591996611e-01 -3.935998869029480254e-05 -4.471000000000000256e-04 5.764914899175458407e-01 -4.241016383338507950e-05 8.171031515384249433e-01 3.337705999999999729e-01
7.940137663623848541e-01 -5.019071690754119868e-04 -6.078995697614973936e-01 -1.236417999999999962e-01 5.323308857754482362e-04 9.999998498186285500e-01 -1.303324530461527696e-04 -2.456000000000000067e-04 6.078995438810989027e-01 -2.201179545112274703e-04 7.940139142969964148e-01 3.544635999999999898e-01
7.502972155613754079e-01 -3.372247209980288674e-04 -6.611005782786266716e-01 -1.406304999999999916e-01 5.387716108690215541e-04 9.999998497248707707e-01 1.013675851131378932e-04 -4.342999999999999855e-04 6.611004447479961188e-01 -4.322380403641854006e-04 7.502972844974704625e-01 3.744568999999999814e-01
7.402951956995704741e-01 8.567898432309557083e-04 -6.722814062097055565e-01 -1.588914999999999911e-01 -1.189365970333254347e-04 9.999993391523051001e-01 1.143481105599612399e-03 -5.450999999999999682e-04 6.722819416570851025e-01 -7.665547061452652198e-04 7.402948083808653656e-01 3.944510999999999989e-01
7.117129976550787829e-01 1.841246120487743422e-03 -7.024679485795388700e-01 -1.782408000000000048e-01 -9.300582184957853667e-04 9.999981582974546424e-01 1.678807138696333974e-03 -6.109999999999999980e-04 7.024697459396611610e-01 -5.414927723600382022e-04 7.117133993575259776e-01 4.141747000000000067e-01
7.032267282439603751e-01 2.668535258905563312e-03 -7.109606512338548789e-01 -1.979507000000000072e-01 -2.082557277579052263e-03 9.999963974908273601e-01 1.693505403851407491e-03 -4.612999999999999913e-04 7.109626091704688289e-01 2.896980138855154759e-04 7.032297522407452428e-01 4.338095000000000145e-01
6.528530267219551098e-01 7.281814672688959392e-04 -7.574842541279209751e-01 -2.180792000000000008e-01 3.543678496131188083e-04 9.999991349039909494e-01 1.266733869761532899e-03 -4.875999999999999801e-04 7.574845212434437869e-01 -1.095419107176139962e-03 6.528522038973063601e-01 4.518141999999999991e-01
6.203148234271210759e-01 2.474215976131453974e-03 -7.843490282341675224e-01 -2.402509999999999923e-01 -1.509210169824416661e-03 9.999969385908605846e-01 1.960891014294501543e-03 -5.890999999999999535e-04 7.843514786887589851e-01 -3.262223318901752087e-05 6.203166585015649215e-01 4.692518999999999996e-01
5.630752559665356261e-01 2.536522465237492883e-03 -8.264017317092237080e-01 -2.626221000000000250e-01 -4.971680417743707271e-04 9.999961483259390826e-01 2.730596496127886234e-03 -3.448999999999999809e-04 8.264054748984656085e-01 -1.126670790325710880e-03 5.630743482620848006e-01 4.854624000000000161e-01
4.490834399235853480e-01 2.229657425741759028e-03 -8.934870411002966417e-01 -2.865163000000000015e-01 1.186428399206551501e-03 9.999945166782824302e-01 3.091763416232233986e-03 -3.630000000000000143e-05 8.934890353966593590e-01 -2.448518150275890478e-03 4.490783321257157956e-01 4.986617999999999884e-01
3.863421836051110780e-01 4.111724671087000835e-03 -9.223463616708549306e-01 -3.212002999999999941e-01 -2.150189538829742376e-03 9.999913614316293664e-01 3.557210573403656907e-03 -6.150000000000000410e-05 9.223530201892231606e-01 6.089189975703891006e-04 3.863476871491178244e-01 5.132058999999999926e-01
3.509807796018407644e-01 4.991344255652151347e-03 -9.363693602594039822e-01 -3.430298999999999987e-01 -3.118328092773459993e-03 9.999864784271007556e-01 4.161609408803642121e-03 -2.155000000000000069e-04 9.363774710980555804e-01 1.459261966608955312e-03 3.509915984386562382e-01 5.216442999999999497e-01
3.185228248194222900e-01 4.828767037809636800e-03 -9.479028922194244755e-01 -3.775062000000000140e-01 -2.670390559988894581e-03 9.999876280067385714e-01 4.196766340150303101e-03 2.999000000000000255e-04 9.479114299781982167e-01 1.194505065397179211e-03 3.185317787510941745e-01 5.339576999999999796e-01
2.940662260241809212e-01 3.650129820302585194e-03 -9.557780763672028002e-01 -4.011913999999999758e-01 -3.264673682721956714e-03 9.999907101214197125e-01 2.814529552912384356e-03 5.197000000000000014e-04 9.557794707031748160e-01 2.292645448780151769e-03 2.940754106674094981e-01 5.415307000000000315e-01
2.344373957987460066e-01 4.119520307663868987e-03 -9.721224907405119353e-01 -4.247821999999999987e-01 -6.068380916434776978e-04 9.999914465754665693e-01 4.091274060279983908e-03 5.312999999999999581e-04 9.721310298507257475e-01 -3.692266790663242815e-04 2.344378904380152173e-01 5.476024999999999920e-01
1.983518866866587071e-01 4.409231925593753987e-03 -9.801209556588765803e-01 -4.489137999999999740e-01 -1.241432346425184758e-03 9.999902092471290027e-01 4.247382207013254696e-03 7.052000000000000109e-04 9.801300872300433564e-01 3.742775835236698215e-04 1.983554184354899830e-01 5.526107999999999576e-01
1.753655304127907932e-01 4.082533834744264331e-03 -9.844949282045738492e-01 -4.609229000000000243e-01 -6.724212527767529576e-05 9.999914493443181618e-01 4.134817619488900114e-03 7.062000000000000352e-04 9.845033906602542739e-01 -6.589049537042562799e-04 1.753643054407733048e-01 5.545717000000000008e-01
1.573597121851809943e-01 4.851657560187766505e-03 -9.875294336878855939e-01 -4.858006999999999742e-01 -1.514564154610247926e-03 9.999879414056936922e-01 4.671524229241480648e-03 7.642000000000000355e-04 9.875401901069237320e-01 7.605669737066897765e-04 1.573651627948826626e-01 5.586697999999999942e-01
1.560997745275682635e-01 5.251809140075407514e-03 -9.877273302350191297e-01 -4.984041000000000166e-01 -1.569249890161503744e-03 9.999859213206064856e-01 5.068985634239114163e-03 8.076000000000000062e-04 9.877400456836933351e-01 7.587234898926106287e-04 1.561058182498055169e-01 5.608638000000000234e-01
1.479048601286664655e-01 5.338538193161423799e-03 -9.889871851345092280e-01 -5.105773000000000117e-01 -1.518302983186206297e-03 9.999854784701147636e-01 5.170841802528402045e-03 9.166000000000000536e-04 9.890004282639978106e-01 7.367895599722285895e-04 1.479108178422844366e-01 5.625752000000000530e-01
1.316320128865032801e-01 4.923467932120464963e-03 -9.912864231123962311e-01 -5.355773999999999813e-01 -1.059277609643484962e-03 9.999877936326636574e-01 4.826024929786528958e-03 1.068699999999999902e-03 9.912980838851616072e-01 4.147881369982934878e-04 1.316356214571430261e-01 5.660798999999999692e-01
9.264513450568674646e-02 5.269047745801975526e-03 -9.956852495584515017e-01 -5.609271000000000118e-01 -1.058536827510879810e-03 9.999859543997215994e-01 5.193313302966596004e-03 1.008100000000000055e-03 9.956986283771852575e-01 5.728342957834688283e-04 9.264941073024457463e-02 5.684721000000000357e-01
7.912378011981764658e-02 6.512483149551830455e-03 -9.968435258267859256e-01 -5.873226999999999753e-01 -5.770564136747479388e-04 9.999787916380555863e-01 6.487162707202429740e-03 1.008699999999999961e-03 9.968646319463073668e-01 6.194611436232842425e-05 7.912586010422084648e-02 5.709524000000000266e-01
7.227988986419106587e-02 6.570932429590269422e-03 -9.973627426208711011e-01 -6.124888000000000554e-01 -1.342242327350964479e-03 9.999780331308130155e-01 6.490889104372782673e-03 1.243699999999999927e-03 9.973834848776848006e-01 8.695417392838374233e-04 7.228712188494268442e-02 5.726326999999999945e-01
6.320125675919827102e-02 5.944042021965500674e-03 -9.979831008130843895e-01 -6.366142999999999663e-01 -6.698330487365559104e-04 9.999822905897021164e-01 5.913529458744654077e-03 1.313699999999999894e-03 9.980005773884825793e-01 2.947395693299859586e-04 6.320411901800038201e-02 5.743241999999999514e-01
5.477453537395140376e-02 4.651837002913728966e-03 -9.984879121386829315e-01 -6.633748000000000422e-01 1.719789198821835945e-04 9.999890888023977853e-01 4.668265138280641713e-03 1.686500000000000065e-03 9.984987334482797738e-01 -4.274209265967645645e-04 5.477313770026914774e-02 5.762059000000000486e-01
3.734653216645287405e-02 4.784689838137770081e-03 -9.992909202420950932e-01 -6.927569999999999562e-01 3.051241147755644201e-04 9.999884361041337932e-01 4.799433016851626516e-03 1.702500000000000020e-03 9.993023283443379645e-01 -4.841499369867144700e-04 3.734464037079254783e-02 5.773184000000000093e-01
3.584910036947975415e-02 4.507385118487220073e-03 -9.993470495689135147e-01 -7.259944000000000397e-01 -6.581070210377052213e-04 9.999897182648188609e-01 4.486675806998357760e-03 1.877100000000000036e-03 9.993569977229596057e-01 4.968340184442177586e-04 3.585169812031629988e-02 5.785833000000000226e-01
3.634709780609238217e-02 4.585440617365031148e-03 -9.993287057897510817e-01 -7.631065999999999683e-01 -1.136148405975806594e-03 9.999890162500300050e-01 4.547147028270777727e-03 2.301600000000000000e-03 9.993385800857854662e-01 9.701101183536510377e-04 3.635190831970602776e-02 5.798400999999999694e-01
3.575862789819926613e-02 4.522079451165885930e-03 -9.993502245600764944e-01 -8.030992000000000131e-01 -1.662485826946902452e-03 9.999886477436504828e-01 4.465481463471296375e-03 2.423999999999999939e-03 9.993590729421097940e-01 1.501726094448755777e-03 3.576573985008457690e-02 5.812994999999999690e-01
3.596649708718184513e-02 5.601784089114231896e-03 -9.993372959628279428e-01 -8.457949999999999635e-01 -1.634171464033145910e-03 9.999832822675152055e-01 5.546590764877715532e-03 2.525799999999999920e-03 9.993516601131475774e-01 1.433597051417735517e-03 3.597505008461121534e-02 5.826379999999999892e-01
3.631552783123082745e-02 6.653347712043826238e-03 -9.993182252929051490e-01 -8.903659999999999908e-01 -3.476687215929074974e-03 9.999726266115791518e-01 6.531360772599718520e-03 2.800299999999999925e-03 9.993343259812210722e-01 3.237127084607620622e-03 3.633766536111537881e-02 5.840073999999999543e-01
3.756639419493341958e-02 8.285037443523848161e-03 -9.992597881340717914e-01 -9.326685000000000114e-01 -4.140966107962258322e-03 9.999583349761672624e-01 8.135152818729299296e-03 2.523099999999999909e-03 9.992855539968960032e-01 3.832292558088330921e-03 3.759913704948081303e-02 5.854449000000000458e-01
3.948007890479435233e-02 7.246669108178924006e-03 -9.991940798245891875e-01 -9.779997000000000273e-01 -5.581266740781603251e-03 9.999597015500216735e-01 7.031695212370585660e-03 3.062399999999999844e-03 9.992047702204184256e-01 5.299156803492003145e-03 3.951893351208435323e-02 5.869235999999999898e-01
4.055623495754045321e-02 8.629380017036588149e-03 -9.991399929972729632e-01 -1.025407699999999922e+00 -6.290330446310833136e-03 9.999450937684128959e-01 8.381001811005100652e-03 3.036800000000000090e-03 9.991574568349802510e-01 5.945018839450842002e-03 4.060828981936548399e-02 5.885108000000000006e-01
4.129673175244384653e-02 9.386689229945545387e-03 -9.991028325512180119e-01 -1.072580300000000042e+00 -6.238521423117697473e-03 9.999387990794660341e-01 9.136681343272617592e-03 3.423199999999999941e-03 9.991274497265202337e-01 5.855609346227657989e-03 4.135276341629867680e-02 5.903578999999999910e-01
4.121803353844020329e-02 1.029227189087898557e-02 -9.990971638687341505e-01 -1.115170199999999889e+00 -6.391258062704159928e-03 9.999292010127434072e-01 1.003717003903807810e-02 3.545899999999999833e-03 9.991297340844179642e-01 5.971775392700809718e-03 4.128089590911510065e-02 5.920007999999999937e-01
4.158557757002226407e-02 8.268965750409459914e-03 -9.991007276263921266e-01 -1.157340000000000035e+00 -5.276861848308134553e-03 9.999536236130279754e-01 8.056385803118723543e-03 4.701399999999999677e-03 9.991210109227017799e-01 4.937087055478985714e-03 4.162728317107777798e-02 5.935536999999999619e-01
4.186416156890022944e-02 7.286509284953017820e-03 -9.990967414412746939e-01 -1.199104399999999959e+00 -4.633140466832871840e-03 9.999640706103880561e-01 7.098696902780339026e-03 5.171499999999999882e-03 9.991125692260846014e-01 4.331774548985779620e-03 4.189641683615852319e-02 5.951648000000000494e-01
4.290137577663623997e-02 8.778533678971314758e-03 -9.990407445659655883e-01 -1.239560400000000007e+00 -5.458386117111153207e-03 9.999485323654697666e-01 8.552113255777135659e-03 5.311200000000000296e-03 9.990644013162855996e-01 5.086252706096810669e-03 4.294708437066885320e-02 5.968752999999999975e-01
4.308016050612176184e-02 9.833681543684523116e-03 -9.990232221915884558e-01 -1.277433000000000041e+00 -5.001819463369333585e-03 9.999411493438762344e-01 9.627027106207289298e-03 5.349399999999999815e-03 9.990590981382545532e-01 4.582199924183639680e-03 4.312681151015185232e-02 5.983678999999999526e-01
2.399560528993867348e-02 9.234910695789747687e-03 -9.996694090304102387e-01 -1.313093400000000077e+00 -4.422423612491102086e-03 9.999485291172286461e-01 9.131335372368078185e-03 5.912999999999999853e-03 9.997022822301450118e-01 4.201849679815716429e-03 2.403521090207205724e-02 5.997346999999999539e-01
2.126585425197031684e-02 9.197577832032264450e-03 -9.997315479692322482e-01 -1.346551099999999890e+00 -3.381652658181748435e-03 9.999526238311979842e-01 9.127678697355140827e-03 6.093099999999999732e-03 9.997681370539036605e-01 3.186636961821540451e-03 2.129594977079407592e-02 6.004926000000000430e-01
2.003218265759370426e-02 9.832035674942996711e-03 -9.997509903633301498e-01 -1.378021799999999963e+00 -2.784131961087337771e-03 9.999483164677698266e-01 9.778190144198051909e-03 6.284299999999999609e-03 9.997954592151316877e-01 2.587560194370007970e-03 2.005852100840088692e-02 6.016021000000000285e-01
2.063204706107522532e-02 7.447114030948085578e-03 -9.997594006193091243e-01 -1.410551700000000075e+00 -2.915996552009265681e-03 9.999684530642349856e-01 7.388493786258340870e-03 7.106099999999999743e-03 9.997828842294604890e-01 2.762855213536208072e-03 2.065311194204855205e-02 6.020096999999999809e-01
2.006047466704433471e-02 8.579820630167593609e-03 -9.997619536840193222e-01 -1.458782599999999929e+00 -2.779053153288927637e-03 9.999597933652683013e-01 8.525756063895493717e-03 7.130400000000000280e-03 9.997949060780936259e-01 2.607360896386697480e-03 2.008351188044377178e-02 6.033534000000000397e-01
1.996922750882904399e-02 6.930954919829005953e-03 -9.997765709480291862e-01 -1.492646799999999940e+00 -2.249330673710621051e-03 9.999737518101706746e-01 6.887394442853571330e-03 7.898399999999999865e-03 9.997980648432066575e-01 2.111292161318237704e-03 1.998429336225393538e-02 6.038883000000000445e-01
2.050298463588351439e-02 6.509629864270014346e-03 -9.997685993969057661e-01 -1.545351300000000094e+00 -2.530772081466094430e-03 9.999759374529697542e-01 6.459079479779088369e-03 8.311000000000000679e-03 9.997865886346405384e-01 2.397756051944289167e-03 2.051896567137267979e-02 6.045857999999999510e-01
1.940718479897010976e-02 5.885699997175939356e-03 -9.997943387085772571e-01 -1.597402999999999906e+00 -1.183667777719226918e-03 9.999821070600167783e-01 5.863828988038708757e-03 9.118400000000000463e-03 9.998109621867377061e-01 1.069623930275022394e-03 1.941380426081318333e-02 6.057919000000000498e-01
1.844593782383864913e-02 6.513453738140644739e-03 -9.998086428403186732e-01 -1.634525199999999900e+00 5.827606011052930204e-05 9.999787713123230448e-01 6.515637236482043487e-03 8.963399999999999840e-03 9.998298575166174595e-01 -1.784519479160230626e-04 1.844516666236406532e-02 6.067396000000000456e-01
1.852320764827525973e-02 6.244873715666837168e-03 -9.998089279110755623e-01 -1.675033200000000111e+00 4.454131975098578333e-04 9.999803431237622720e-01 6.254196444483037243e-03 9.432599999999999318e-03 9.998283314577069980e-01 -5.611758708940393046e-04 1.852006199070521664e-02 6.073298999999999781e-01
1.826605427017407787e-02 6.761429143794450529e-03 -9.998102991754649338e-01 -1.714719199999999999e+00 -2.443113378568116320e-04 9.999771339776482026e-01 6.758093948642750898e-03 1.025799999999999976e-02 9.998331318641973109e-01 1.208212809657321397e-04 1.826728849196879167e-02 6.079381999999999842e-01
1.868056668518083482e-02 7.249401507514238036e-03 -9.997992211469778345e-01 -1.751867300000000016e+00 -3.338401760843100717e-04 9.999737030532932502e-01 7.244429074878057893e-03 1.070980000000000022e-02 9.998254472551982852e-01 1.984431076073409767e-04 1.868249558479007089e-02 6.084962000000000426e-01
1.803669004620305286e-02 5.363437350921724384e-03 -9.998229400008582513e-01 -1.789944500000000049e+00 1.255540659706542300e-04 9.999855919514295532e-01 5.366574859767886049e-03 1.108370000000000015e-02 9.998373177914263721e-01 -2.223270827232197953e-04 1.803575677132984723e-02 6.092210999999999599e-01
1.798347744129009940e-02 4.727236977891116285e-03 -9.998271089391771449e-01 -1.829640300000000108e+00 -1.692082766960889030e-04 9.999888230073342710e-01 4.724958091388004391e-03 1.128499999999999989e-02 9.998382698755220455e-01 8.420784485011411843e-05 1.798407632771714670e-02 6.098491999999999802e-01
1.629259017499993037e-02 6.543879226586899259e-03 -9.998458526943327929e-01 -1.870060400000000067e+00 3.980619674348200888e-04 9.999784612105681036e-01 6.551233594857283279e-03 1.155130000000000046e-02 9.998671877064770896e-01 -5.047371713567524662e-04 1.628963438289121601e-02 6.108137999999999623e-01
1.691283765654024232e-02 5.992318693930804262e-03 -9.998390110608177395e-01 -1.889636600000000000e+00 -3.983970022659651805e-04 9.999820017665486116e-01 5.986436569030589502e-03 1.180660000000000043e-02 9.998568883606455682e-01 2.970852349220057774e-04 1.691492057714405473e-02 6.110541999999999918e-01
1.483220818005422624e-02 7.010981884415720677e-03 -9.998654168104427198e-01 -1.925914799999999927e+00 2.851016796167768052e-03 9.999710558676235816e-01 7.054015184136230854e-03 1.207790000000000079e-02 9.998859321461283090e-01 -2.955259718950231391e-03 1.481179044754710183e-02 6.122952999999999868e-01
1.483542976690807938e-02 7.619160955148497442e-03 -9.998609195332973654e-01 -1.959271800000000008e+00 4.054139305526750607e-03 9.999622894004872586e-01 7.680086680993409264e-03 1.207070000000000018e-02 9.998817299951644477e-01 -4.167512840499705377e-03 1.480398117405412606e-02 6.129580999999999502e-01
1.557803211474778800e-02 7.464408968792422654e-03 -9.998507926256687828e-01 -2.006906700000000043e+00 3.059789138860883988e-03 9.999670960962183663e-01 7.512949841586801653e-03 1.249390000000000049e-02 9.998739733615717995e-01 -3.176369569666194926e-03 1.555468001918725029e-02 6.131984999999999797e-01
1.557423731253370670e-02 7.714276330171079658e-03 -9.998489551291409594e-01 -2.037914999999999921e+00 3.768863018231313929e-03 9.999626806912569332e-01 7.773859807406038012e-03 1.278699999999999976e-02 9.998716111599943446e-01 -3.889365688278348908e-03 1.554458204198982951e-02 6.139118000000000075e-01
1.431587327676782546e-02 7.519531838578263558e-03 -9.998692476585386846e-01 -2.080221700000000062e+00 5.266619565131724565e-03 9.999572838769054117e-01 7.595600034111267725e-03 1.302840000000000074e-02 9.998836524769667555e-01 -5.374668589841347620e-03 1.427565924466100977e-02 6.146426999999999863e-01
1.402424221442602308e-02 8.160589968016773721e-03 -9.998683540355125521e-01 -2.105195500000000219e+00 4.806345688767203923e-03 9.999545926715632804e-01 8.228708049741087494e-03 1.294960000000000035e-02 9.998901037971278383e-01 -4.921114347554713178e-03 1.398438279464309097e-02 6.153182000000000373e-01
6.262358639479827178e-06 7.194630038650529427e-03 -9.999741182947636808e-01 -2.140837700000000066e+00 4.925134641075924399e-03 9.999619898572075227e-01 7.194573620528639871e-03 1.333580000000000008e-02 9.999878714312240291e-01 -4.925052225193165406e-03 -2.917240102673357427e-05 6.154616000000000531e-01
-1.467694328663199160e-03 7.277335509216218030e-03 -9.999724427509210090e-01 -2.164056800000000003e+00 4.583305531015556371e-03 9.999630655958043901e-01 7.270540189717598217e-03 1.341460000000000048e-02 9.999884195248297525e-01 -4.572508297120666046e-03 -1.500994372338082528e-03 6.155038999999999927e-01
-9.140066056219630156e-03 6.610666960044236234e-03 -9.999363771134798240e-01 -2.186558699999999966e+00 4.612839944836823886e-03 9.999677863576902359e-01 6.568710264888546167e-03 1.377049999999999975e-02 9.999475890766132968e-01 -4.552508016919229288e-03 -9.170265570016322698e-03 6.151178999999999952e-01
-1.621708414868501189e-02 8.759658509880387939e-03 -9.998301228531299989e-01 -2.206306699999999843e+00 5.346975641134810511e-03 9.999480847445676446e-01 8.673964904468119477e-03 1.326570000000000006e-02 9.998541973874029987e-01 -5.205400893410011554e-03 -1.626307991529607477e-02 6.148919000000000468e-01
-5.550536783759255771e-02 7.605250228908446049e-03 -9.984294238002848765e-01 -2.236603000000000119e+00 6.391130537037288846e-03 9.999532105244025582e-01 7.261557160731635548e-03 1.369159999999999995e-02 9.984379337703830348e-01 -5.978037378246431853e-03 -5.555137691751832474e-02 6.134768999999999917e-01
-8.662576455956998156e-02 7.357793439721322347e-03 -9.962137520583463912e-01 -2.257114399999999854e+00 7.021801245233045934e-03 9.999523968906466331e-01 6.774825453349765658e-03 1.395680000000000011e-02 9.962161769524436883e-01 -6.408340530067523078e-03 -8.667330586696397887e-02 6.118911999999999685e-01
-1.016441983598973114e-01 7.116937750672727367e-03 -9.947953589240488004e-01 -2.278366999999999809e+00 6.496608371947886623e-03 9.999578356230963694e-01 6.490073623167252892e-03 1.404320000000000047e-02 9.947996034475665716e-01 -5.803117526437329490e-03 -1.016861485529811926e-01 6.098111000000000503e-01
-1.156776098036721850e-01 7.416688562016090190e-03 -9.932591219419449891e-01 -2.299600400000000100e+00 6.465830401937127346e-03 9.999565588885697132e-01 6.713670601375642567e-03 1.414039999999999915e-02 9.932657668657079997e-01 -5.645623659477288538e-03 -1.157205396901207495e-01 6.075776000000000510e-01
-1.244376300953365239e-01 7.267234042258883045e-03 -9.922008181440045149e-01 -2.320044999999999913e+00 6.646885937741011524e-03 9.999568457619230077e-01 6.490417644233091414e-03 1.444340000000000034e-02 9.922051678577306077e-01 -5.787393475559186699e-03 -1.244805645599833532e-01 6.051887999999999712e-01
-1.555366315010001943e-01 6.627407321549559638e-03 -9.878078931318154954e-01 -2.339566700000000221e+00 6.774257294376797786e-03 9.999611362113780544e-01 5.642296071590626426e-03 1.473529999999999979e-02 9.878068969689528522e-01 -5.814081100584646104e-03 -1.555754825206213665e-01 6.018999999999999906e-01
-1.856730827579207155e-01 6.782211864436793643e-03 -9.825881680243233607e-01 -2.359031400000000112e+00 7.824828004119582098e-03 9.999546779537464847e-01 5.423477217170870161e-03 1.494919999999999929e-02 9.825804182894528616e-01 -6.681589679493817914e-03 -1.857177373152025801e-01 5.983176999999999524e-01
-1.994242222604219739e-01 6.668299864134017742e-03 -9.798905619265591005e-01 -2.377621899999999844e+00 6.861896277983861765e-03 9.999618311935266624e-01 5.408376425423288940e-03 1.511949999999999926e-02 9.798892253491188198e-01 -5.645346137383730999e-03 -1.994623676578946014e-01 5.944344999999999768e-01
-2.262584746796767743e-01 7.132286972753748046e-03 -9.740411865615152820e-01 -2.395599600000000162e+00 9.002420513294221924e-03 9.999457960457164285e-01 5.230812116703016657e-03 1.533950000000000070e-02 9.740256973306855581e-01 -7.585212787833634299e-03 -2.263104184222092252e-01 5.905928000000000289e-01
-3.497718705982955090e-01 7.494517503436355990e-03 -9.368049267299786154e-01 -2.420816400000000090e+00 1.187378139077878945e-02 9.999231448396087574e-01 3.566192584645319283e-03 1.549359999999999973e-02 9.367596553298257467e-01 -9.876063054551144013e-03 -3.498339770875454890e-01 5.820629999999999971e-01
-4.813751920945669172e-01 8.955039847300581834e-03 -8.764688994466670602e-01 -2.435883500000000090e+00 1.273077288076230815e-02 9.999137619715122716e-01 3.224289353694083111e-03 1.537200000000000025e-02 8.764221881363895017e-01 -9.606033588904260359e-03 -4.814476838254719837e-01 5.735835000000000239e-01
-6.047757074393589338e-01 8.932445862820647189e-03 -7.963457509788894884e-01 -2.448702100000000215e+00 1.204623859377239488e-02 9.999253038407429628e-01 2.067577021495988279e-03 1.536150000000000015e-02 7.963047355296625218e-01 -8.342550563567958585e-03 -6.048381353908907077e-01 5.634384999999999533e-01
-6.233521986712003971e-01 6.926488780906513675e-03 -7.819105192827048301e-01 -2.461193300000000139e+00 9.621421966169760309e-03 9.999530077703290276e-01 1.187640695320861441e-03 1.542849999999999951e-02 7.818820017439523928e-01 -6.782772607146166088e-03 -6.233895486328195901e-01 5.529872000000000121e-01
-6.319754491667007867e-01 5.999458036872785255e-03 -7.749651851237000511e-01 -2.479316199999999970e+00 9.301309971303659691e-03 9.999567296912399428e-01 1.561346159033964731e-04 1.567959999999999840e-02 7.749325888639375659e-01 -7.109518159788238631e-03 -6.320039062127472684e-01 5.379036999999999846e-01
-6.367123338395587195e-01 6.379186804272653916e-03 -7.710750352023457710e-01 -2.490546699999999891e+00 9.621518624914861956e-03 9.999536583923706035e-01 3.277911904956518248e-04 1.566060000000000021e-02 7.710413933868486280e-01 -7.210204118493717881e-03 -6.367442050310603285e-01 5.285651999999999573e-01
-6.446587223605481087e-01 6.339770682573828836e-03 -7.644442026676363522e-01 -2.501391400000000154e+00 9.505309127009694409e-03 9.999547851434645862e-01 2.770687416461586547e-04 1.568129999999999871e-02 7.644113949849686840e-01 -7.087663675710675036e-03 -6.446898356890344850e-01 5.194490999999999969e-01
-6.515777777436458917e-01 6.029638136170254251e-03 -7.585578705771888197e-01 -2.511701299999999915e+00 9.093767343866073632e-03 9.999586414273238244e-01 1.372235998685152232e-04 1.573849999999999902e-02 7.585273251150205231e-01 -6.808736943631115215e-03 -6.516056615431490284e-01 5.104767999999999528e-01
-6.584951759825536932e-01 6.066761647393855914e-03 -7.525604943197717889e-01 -2.521614099999999858e+00 9.204112240410991866e-03 9.999576412337057851e-01 7.495951999921326991e-06 1.566160000000000121e-02 7.525286622618246879e-01 -6.921715209187013357e-03 -6.585231220944268715e-01 5.016869000000000467e-01
-6.657581018833499398e-01 5.861436652409348150e-03 -7.461446195859406938e-01 -2.531048300000000140e+00 8.900011995207861640e-03 9.999603904243515862e-01 -8.584208422399890528e-05 1.575740000000000127e-02 7.461145619562477016e-01 -6.697846127529360691e-03 -6.657838983439654523e-01 4.935250999999999943e-01
-6.886799643012013750e-01 6.147234647072822092e-03 -7.250393908445870172e-01 -2.549143599999999843e+00 9.211989571829341111e-03 9.999575317571630650e-01 -2.719011782542882401e-04 1.557790000000000043e-02 7.250069282553267547e-01 -6.866308201359451469e-03 -6.887073455347049178e-01 4.764375000000000138e-01
-6.954840923663361263e-01 6.102193169865087821e-03 -7.185155812533854380e-01 -2.558790699999999863e+00 9.385165872987759339e-03 9.999557831632258642e-01 -5.919290128054885934e-04 1.554529999999999974e-02 7.184801987020303926e-01 -7.155065124605564097e-03 -6.955106103548330809e-01 4.668660000000000032e-01
-7.111951465559189778e-01 6.873234096877195269e-03 -7.029610388694054190e-01 -2.567965699999999796e+00 1.039544626802310981e-02 9.999456919274822830e-01 -7.401976475912707028e-04 1.550799999999999922e-02 7.029177748586195040e-01 -7.834018682539632336e-03 -7.112279732540671695e-01 4.577012999999999776e-01
-7.527285768789793163e-01 7.664483694492800654e-03 -6.582863702367255376e-01 -2.577031900000000153e+00 1.135637615420010196e-02 9.999346119741621131e-01 -1.343315572067019063e-03 1.550540000000000078e-02 6.582330303702411678e-01 -8.486899656452669138e-03 -7.527663982032077872e-01 4.469743999999999939e-01
-7.989505580265570117e-01 6.813449301760155993e-03 -6.013581152172680078e-01 -2.585403200000000012e+00 9.743406311205149786e-03 9.999512272056981788e-01 -1.615315224052482276e-03 1.533780000000000039e-02 6.013177794332273951e-01 -7.149833454747888187e-03 -7.989779771802608677e-01 4.351902999999999744e-01
-8.155438472292313445e-01 7.012547405011289314e-03 -5.786527952282239928e-01 -2.594539600000000057e+00 1.009114952008891702e-02 9.999468691145300125e-01 -2.104198044943750377e-03 1.533089999999999974e-02 5.786072951042940948e-01 -7.555337645771055197e-03 -8.155712813268690686e-01 4.220693999999999835e-01
-8.257745518238182036e-01 7.205898639682987647e-03 -5.639543107246954845e-01 -2.604025399999999824e+00 1.010261860924495207e-02 9.999469348796596879e-01 -2.016065973554969325e-03 1.522010000000000030e-02 5.639098568542740830e-01 -7.362231290050824835e-03 -8.258035304435453750e-01 4.081609999999999960e-01
-8.324805314559845515e-01 7.860012935150671731e-03 -5.539985423657909358e-01 -2.613421900000000075e+00 1.043173144875321826e-02 9.999444801053695153e-01 -1.488517982162811983e-03 1.521269999999999914e-02 5.539560846544993034e-01 -7.018326257833349367e-03 -8.325163057687194890e-01 3.939006999999999925e-01
-8.350241070846604607e-01 7.343190218206610206e-03 -5.501643555746632552e-01 -2.622709299999999910e+00 1.009072848327741308e-02 9.999471489877630459e-01 -1.968865135365793859e-03 1.525740000000000082e-02 5.501208210803715248e-01 -7.195608984910159545e-03 -8.350540733540517957e-01 3.797293999999999947e-01
-8.410146751785225749e-01 8.265493208281161908e-03 -5.409491637449750367e-01 -2.631424899999999845e+00 1.088276796378543840e-02 9.999394347781005443e-01 -1.640773323523959243e-03 1.512209999999999943e-02 5.409028392380745842e-01 -7.266938672965425269e-03 -8.410536903827916522e-01 3.662988999999999828e-01
-8.533282493662923684e-01 8.823665880223739016e-03 -5.212993782404623522e-01 -2.639356400000000047e+00 1.110473546613304288e-02 9.999375562364686276e-01 -1.252388943713460354e-03 1.500890000000000037e-02 5.212557756837671308e-01 -6.857590558884674864e-03 -8.533729488143156905e-01 3.533858999999999750e-01
-8.616330803461804688e-01 9.061064025756185997e-03 -5.074508172935315864e-01 -2.646493400000000218e+00 1.136808431098983510e-02 9.999343332217790481e-01 -1.447723528276331252e-03 1.491390000000000077e-02 5.074043767176731334e-01 -7.016150157831943339e-03 -8.616795066175776396e-01 3.411017000000000077e-01
-8.665975832117196465e-01 8.221067441691633226e-03 -4.989399190501050407e-01 -2.653381099999999826e+00 1.048400784015567425e-02 9.999435390313594629e-01 -1.733300045499401240e-03 1.493009999999999997e-02 4.988974988424113022e-01 -6.732963653498484288e-03 -8.666348440082630722e-01 3.291429000000000160e-01
-8.711297484655562418e-01 9.134579677295855127e-03 -4.909679427339985747e-01 -2.659883999999999915e+00 1.127967969607185719e-02 9.999353888205222418e-01 -1.409613530423947485e-03 1.478170000000000005e-02 4.909233444890248599e-01 -6.765917415270714282e-03 -8.711764988779477914e-01 3.175915000000000266e-01
-8.768896668246920489e-01 8.779820023477208704e-03 -4.806115135704046026e-01 -2.669048099999999923e+00 1.100205589692826967e-02 9.999378433913759245e-01 -1.806687533873767206e-03 1.480760000000000062e-02 4.805657779972693500e-01 -6.871980366643784532e-03 -8.769317584075279060e-01 3.005228999999999817e-01
-8.868128443700158403e-01 9.149153952385007810e-03 -4.620381716290512530e-01 -2.674651400000000123e+00 1.154471739383714987e-02 9.999305772641687851e-01 -2.357997549311419399e-03 1.472820000000000032e-02 4.619845219925203805e-01 -7.425202630345011101e-03 -8.868569037929624477e-01 2.893409000000000120e-01
-9.133487909728271736e-01 9.579812515187460450e-03 -4.070653672577019822e-01 -2.679823400000000078e+00 1.210841350589136715e-02 9.999200791096685137e-01 -3.636167719534470679e-03 1.468099999999999961e-02 4.069980004261007367e-01 -8.250005181095022150e-03 -9.133917916555122085e-01 2.768514000000000252e-01
-9.252310084108388288e-01 7.758290370385333666e-03 -3.793249135050204557e-01 -2.685755299999999846e+00 9.974180278277570283e-03 9.999427413546385646e-01 -3.876820855676249913e-03 1.464599999999999930e-02 3.792731163724089583e-01 -7.370409941066627044e-03 -9.252554135234561938e-01 2.618600999999999845e-01
-9.420210418390401186e-01 8.562276559621918859e-03 -3.354445470604729973e-01 -2.691252500000000047e+00 1.060718542877761225e-02 9.999346490543024046e-01 -4.264415309120127631e-03 1.476290000000000067e-02 3.353861123388517385e-01 -7.575291464074450365e-03 -9.420503015282492010e-01 2.462459999999999927e-01
-9.480363466824980323e-01 7.483712395006915201e-03 -3.180740156279526776e-01 -2.696579900000000141e+00 9.465631074849848933e-03 9.999442204655043520e-01 -4.685913570428641706e-03 1.462150000000000082e-02 3.180212055779568781e-01 -7.453187668609334571e-03 -9.480543037169966158e-01 2.302480000000000082e-01
-9.563613181036293431e-01 8.856804525111384302e-03 -2.920523690174295361e-01 -2.701662799999999809e+00 1.083823252470641693e-02 9.999279136530743184e-01 -5.167224898367656083e-03 1.452299999999999945e-02 2.919855509281739647e-01 -8.107065499543049392e-03 -9.563883696167353454e-01 2.132556999999999925e-01
-9.622466739874122599e-01 8.455066530084640042e-03 -2.720475146920729448e-01 -2.709848399999999824e+00 1.021924466125782860e-02 9.999349357189880605e-01 -5.068665230262428892e-03 1.434999999999999991e-02 2.719869582143878417e-01 -7.657426371501093940e-03 -9.622704704929113673e-01 1.850655999999999968e-01
-9.706793382865955833e-01 7.967786469253680323e-03 -2.402459918547593665e-01 -2.714597200000000043e+00 9.653101849975332174e-03 9.999363600511436134e-01 -5.838961580948847339e-03 1.425139999999999914e-02 2.401841790130455623e-01 -7.986878392098616802e-03 -9.706944781574575742e-01 1.656684999999999963e-01
-9.803742463592339806e-01 8.082723975713470080e-03 -1.969797112615823687e-01 -2.720959199999999800e+00 9.528110410376525521e-03 9.999341821468140656e-01 -6.391125596458803459e-03 1.408030000000000045e-02 1.969150887757756818e-01 -8.142539377519953520e-03 -9.803867333174770549e-01 1.353694000000000008e-01
-9.885174448433170502e-01 8.315198809607404762e-03 -1.508778270959493517e-01 -2.726219200000000065e+00 9.550741763791930489e-03 9.999265167448111447e-01 -7.466220084507497329e-03 1.407959999999999941e-02 1.508046569977195273e-01 -8.821483965050672810e-03 -9.885242216802041515e-01 1.027052999999999994e-01
-9.922442294763115234e-01 9.522387487931044739e-03 -1.239383443793348749e-01 -2.730887699999999807e+00 1.042947992132704955e-02 9.999233513282506092e-01 -6.672137367485179299e-03 1.378889999999999977e-02 1.238653099924734713e-01 -7.913002275347226500e-03 -9.922674888231796109e-01 6.937450000000000561e-02
-9.961931201423960269e-01 9.547496713080987421e-03 -8.664936634200587351e-02 -2.734443399999999968e+00 1.021991426670834473e-02 9.999209829777084835e-01 -7.319914840647989002e-03 1.385319999999999954e-02 8.657263270421297618e-02 -8.177597899561654324e-03 -9.962119785262845140e-01 3.709439999999999960e-02
-9.974557660596433672e-01 8.370455104765478146e-03 -7.079498736286880811e-02 -2.736655700000000024e+00 8.903625233664549596e-03 9.999343037823775759e-01 -7.218973400023187374e-03 1.350250000000000061e-02 7.072991030722504402e-02 -7.830938678785318713e-03 -9.974647643838555622e-01 7.197600000000000178e-03
-9.974683921870668435e-01 8.430983807424055967e-03 -7.060966718365191408e-02 -2.739075399999999938e+00 9.080936551158566225e-03 9.999192585337043360e-01 -8.888925962153420082e-03 1.341660000000000075e-02 7.052902366473656759e-02 -9.507624595332218528e-03 -9.974644163555171916e-01 -2.519870000000000096e-02
