9.999999942691800703e-01 -2.920112261285742869e-05 -1.029996814126262833e-04 2.649199999999999992e-03 2.919887721286412946e-05 9.999999993360599859e-01 -2.180150373493951684e-05 1.437999999999999988e-04 1.030003179726243827e-04 2.179849613494849343e-05 9.999999944578800148e-01 -1.567299999999999987e-03
9.995884446317936378e-01 1.731630557165518645e-03 -2.863464360185219437e-02 -1.295399999999999937e-03 -1.835596327921322577e-03 9.999918176751497745e-01 -3.604881256152620700e-03 2.299799999999999848e-03 2.862816698135816490e-02 3.655959294566800064e-03 9.995834442491151606e-01 3.240719999999999712e-02
9.984687449979459117e-01 1.891147509260058309e-04 -5.531843723242559074e-02 -2.198100000000000141e-03 -2.039346959240237196e-04 9.999999448157995685e-01 -2.622575787884751076e-04 -3.614000000000000025e-04 5.531838458294517646e-02 2.731373442351155210e-04 9.984687284653058770e-01 3.833999999999999908e-02
9.956687101233966386e-01 -4.376259387908480367e-04 -9.297111467950283648e-02 -3.595500000000000172e-03 4.166475106508983812e-04 9.999998831765437579e-01 -2.450545875297763785e-04 -5.098000000000000318e-04 9.297121106053979345e-02 2.052570015819393898e-04 9.956687761416945781e-01 4.832920000000000271e-02
9.922702398133111945e-01 7.324300043938743220e-04 -1.240936530493104428e-01 -8.335600000000000301e-03 -9.075911943257944066e-04 9.999986701278918977e-01 -1.354998402888902848e-03 1.399999999999999877e-04 1.240924955791362638e-01 1.457150896960499736e-03 9.922695849678179192e-01 8.367499999999999938e-02
9.899547948848587131e-01 8.252252298480107018e-04 -1.413818343628255592e-01 -1.023270000000000082e-02 -9.654606133260038242e-04 9.999991077009136031e-01 -9.233001574959423400e-04 -4.339999999999999782e-05 1.413809462773592263e-01 1.050524010548142383e-03 9.899547082715561830e-01 9.499330000000000274e-02
9.851110177588300321e-01 2.544710772296809127e-04 -1.719192192124919250e-01 -1.251679999999999980e-02 -4.194064057918714481e-04 9.999994860335740254e-01 -9.230551741162266359e-04 -5.149999999999999820e-05 1.719188959609407874e-01 9.814158438376462644e-04 9.851106181716410282e-01 1.065230000000000066e-01
9.820437625416512661e-01 1.645206364972696999e-03 -1.886460753608553975e-01 -1.502299999999999990e-02 -1.924260206515033709e-03 9.999973086589865057e-01 -1.296108576264626104e-03 -2.750000000000000098e-05 1.886434352838563810e-01 1.635839478829546369e-03 9.820442853321356136e-01 1.183005000000000029e-01
9.801743475354698365e-01 2.475221861333617383e-03 -1.981214822025945954e-01 -1.755100000000000063e-02 -2.696153646217605646e-03 9.999960080330366763e-01 -8.453836446455083135e-04 5.610000000000000159e-05 1.981185987961045225e-01 1.362789318942130620e-03 9.801771082903029120e-01 1.310251000000000055e-01
9.757753398002627643e-01 1.122782837816550415e-03 -2.187720859624937286e-01 -1.998520000000000157e-02 -1.110368679334404951e-03 9.999993673957602303e-01 1.796927244411267296e-04 -4.622000000000000132e-04 2.187721493222517244e-01 6.757794291423170011e-05 9.757759692235425941e-01 1.428089999999999915e-01
9.731868599555144606e-01 2.340345018728250907e-03 -2.300040399539087788e-01 -2.342030000000000153e-02 -2.399161562104503483e-03 9.999971217212496599e-01 2.393773350054938676e-05 -3.802999999999999740e-04 2.300034339607234246e-01 5.285209640863148921e-04 9.731896737182662571e-01 1.561818000000000095e-01
9.709839449989724480e-01 1.859727319260784731e-03 -2.391374499498780670e-01 -2.666759999999999964e-02 -1.978920075684852814e-03 9.999980085688906506e-01 -2.583284474980606857e-04 -3.561999999999999845e-04 2.391364933036496665e-01 7.240666756110224114e-04 9.709856916030651375e-01 1.696773000000000031e-01
9.552433351152980201e-01 7.724793579643835732e-04 -2.958201717149187560e-01 -3.452489999999999726e-02 -5.876416381783555049e-04 9.999995726271804219e-01 7.137385807654327095e-04 -7.994000000000000238e-04 2.958205966377384644e-01 -5.079577719780742004e-04 9.552433808112958946e-01 1.964143999999999890e-01
9.485622619399144417e-01 1.653405570074717619e-03 -3.165863254681950401e-01 -3.976579999999999698e-02 -1.614147263322551502e-03 9.999986226655988020e-01 3.862583559164808043e-04 -6.363999999999999648e-04 3.165865280646751878e-01 1.446268510785000678e-04 9.485636242925555850e-01 2.115343000000000084e-01
9.367039719721903523e-01 2.155328770830306460e-03 -3.501157286518438161e-01 -5.119900000000000145e-02 -2.041048582660875445e-03 9.999976752770534105e-01 6.953856282289648050e-04 -3.738999999999999811e-04 3.501164135144267942e-01 6.323273171767709779e-05 9.367061935257054994e-01 2.420277000000000123e-01
9.136372440828909314e-01 2.062181122707425988e-03 -4.065251943405684965e-01 -6.430349999999999955e-02 -2.084872727940154536e-03 9.999977517335869592e-01 3.870832980261000892e-04 -1.283000000000000015e-04 4.065250785994981020e-01 4.938995732621402407e-04 9.136394893681442086e-01 2.718617999999999868e-01
9.081608254757715937e-01 3.007888082385778115e-03 -4.186106397124287892e-01 -7.772170000000000467e-02 -3.078172872974170061e-03 9.999951336934622681e-01 5.073865966447927865e-04 4.899999999999999672e-06 4.186101287868331799e-01 8.277672850568847584e-04 9.081656648863094539e-01 3.015213999999999950e-01
8.803605686721162060e-01 1.918915589669215136e-03 -4.743011563239835082e-01 -9.208629999999999594e-02 -1.805235355313711699e-03 9.999981290269064349e-01 6.950309334974728078e-04 1.136999999999999990e-04 4.743016026249753381e-01 2.443473886036839644e-04 8.803623856354459987e-01 3.299295999999999895e-01
8.620430572972940242e-01 2.394458036685546010e-03 -5.068293933230834103e-01 -1.091183000000000014e-01 -2.867304254697649896e-03 9.999958776465102117e-01 -1.525001530223580974e-04 5.042999999999999523e-04 5.068269388379480489e-01 1.584695774030804409e-03 8.620463692908046927e-01 3.594345999999999930e-01
8.257914238625596592e-01 9.673846961471969149e-04 -5.639748118860415937e-01 -1.285516999999999910e-01 -8.196996570217203546e-04 9.999995314005059033e-01 5.150643074788511643e-04 3.847000000000000267e-04 5.639750458730586891e-01 3.695427201813361638e-05 8.257918298620199327e-01 3.890978999999999965e-01
8.077857172921582007e-01 2.607598872055251395e-03 -5.894704703095108300e-01 -1.506339999999999901e-01 -2.766323119067992230e-03 9.999959735288457274e-01 6.327578503458317939e-04 3.468000000000000271e-04 5.894697468023226694e-01 1.119533036011230703e-03 8.077896782273136234e-01 4.197649999999999992e-01
7.860110697768143417e-01 2.585050908565487363e-03 -6.182070168641794483e-01 -1.728804999999999925e-01 -2.033302331524652635e-03 9.999966587476916136e-01 1.596300435867745041e-03 1.281999999999999991e-04 6.182090777964494022e-01 2.291955473235438717e-06 7.860136997055524599e-01 4.492057999999999884e-01
7.733772610600817554e-01 3.439113858462326118e-03 -6.339367354642532204e-01 -1.964676999999999951e-01 -2.837114390920750587e-03 9.999940470911772294e-01 1.963813672755462467e-03 -1.318000000000000053e-04 6.339397154754849995e-01 2.797821956509949836e-04 7.733824143751808489e-01 4.784534999999999760e-01
7.511985545322810154e-01 3.547085495513556570e-03 -6.600667768136030400e-01 -2.208878999999999981e-01 -2.705117855345643210e-03 9.999937071868136851e-01 2.295195887460767074e-03 -5.099999999999999960e-05 6.600707643927279378e-01 6.141059064996103913e-05 7.512034226644199730e-01 5.065929999999999600e-01
7.033677780265477075e-01 3.687882587257597117e-03 -7.108165504235391952e-01 -2.477579000000000031e-01 -3.488701935968664420e-03 9.999924075133691526e-01 1.736051386850625492e-03 3.195000000000000140e-04 7.108175559120631926e-01 1.258744469072138779e-03 7.033753036392180746e-01 5.334265000000000256e-01
6.718688900759753890e-01 3.113765350070922013e-03 -7.406635531828346108e-01 -2.758129000000000275e-01 -2.750519306645107624e-03 9.999947570444580602e-01 1.708954984500199621e-03 1.012400000000000105e-03 7.406649912015693671e-01 8.890157141317967188e-04 6.718739319689664979e-01 5.600519999999999943e-01
5.916500264012978239e-01 2.271668552503405131e-03 -8.061917177578366012e-01 -3.052058999999999744e-01 -4.881001662358809556e-04 9.999968561563740144e-01 2.459560041136995244e-03 1.201299999999999981e-03 8.061947705223417859e-01 -1.061696451818690094e-03 5.916492751479316414e-01 5.831271999999999567e-01
4.889222722600139459e-01 2.885125833667321043e-03 -8.723225823839646509e-01 -3.359133000000000258e-01 -7.939428535962897437e-04 9.999955881487880838e-01 2.862400689057774568e-03 1.478099999999999987e-03 8.723269922126966058e-01 -7.069171686983474409e-04 4.889224058327319433e-01 6.009693000000000396e-01
4.700932289908059669e-01 4.237471721980409951e-03 -8.826065940669166610e-01 -3.652061999999999808e-01 -2.565414950723313679e-03 9.999908108555630726e-01 3.434654358727872586e-03 1.528099999999999901e-03 8.826130379181628127e-01 6.496443940645192996e-04 4.700997801095347928e-01 6.169926999999999495e-01
4.360256167029792906e-01 3.845916040756297647e-03 -8.999260361321891333e-01 -3.945880999999999972e-01 -2.455701977269885480e-03 9.999922300100059225e-01 3.083739193585992994e-03 1.576200000000000040e-03 8.999309035179231531e-01 8.653608626919865546e-04 4.360316732119260408e-01 6.314340999999999982e-01
4.259309273560529796e-01 4.109866568076573842e-03 -9.047463479442210410e-01 -4.239115999999999995e-01 -3.096009885434578349e-03 9.999904487085030658e-01 3.084998307291746990e-03 1.799100000000000091e-03 9.047503853795266782e-01 1.487107447129512984e-03 4.259395833531308684e-01 6.452584000000000097e-01
3.914301155124885190e-01 3.378613704616453654e-03 -9.202016353165838325e-01 -4.539810000000000234e-01 -3.288810516208884316e-03 9.999920094828210759e-01 2.272596730137094439e-03 2.293799999999999919e-03 9.202019606560662979e-01 2.136806014670926141e-03 3.914380994037081063e-01 6.584189000000000291e-01
3.591835442500778686e-01 3.193316659474387288e-03 -9.332614769016583933e-01 -4.843256000000000228e-01 -1.528693438183924280e-03 9.999948177134722060e-01 2.833309473323923459e-03 2.505799999999999868e-03 9.332656881276223393e-01 4.089925572635948105e-04 3.591865644602588725e-01 6.704052999999999818e-01
3.011167726778785081e-01 4.046724075173294480e-03 -9.535786874906120314e-01 -5.147618999999999945e-01 -2.186784085930919275e-03 9.999912964997700326e-01 3.553153538830396401e-03 2.347899999999999987e-03 9.535847666502546005e-01 1.015356572045770806e-03 3.011230012197859685e-01 6.801131000000000260e-01
2.644704897065727200e-01 3.886558481396437930e-03 -9.643859469826051578e-01 -5.459701000000000137e-01 -1.196280582191826085e-04 9.999920038188185867e-01 3.997247496909353721e-03 2.367999999999999879e-03 9.643937711140057045e-01 -9.417863847745917578e-04 2.644688398940641116e-01 6.893038999999999694e-01
2.479916788646871484e-01 4.727495956897330431e-03 -9.687506273524940648e-01 -5.775763000000000424e-01 -1.930377020272097200e-03 9.999885192363232589e-01 4.385777024109647863e-03 2.561100000000000182e-03 9.687602390986290724e-01 7.824177420803111408e-04 2.479979575803868963e-01 6.971321999999999797e-01
2.385674781288961155e-01 4.515829340074976710e-03 -9.711154234510902539e-01 -6.098312999999999651e-01 -1.410494921020653608e-03 9.999897447463148570e-01 4.303592252737473492e-03 2.910799999999999846e-03 9.711248987042279124e-01 3.430562218719487681e-04 2.385714011132352708e-01 7.053057000000000354e-01
2.230585625358125212e-01 3.877677128521889692e-03 -9.747973334491348840e-01 -6.425117999999999663e-01 -1.739606196283799639e-03 9.999920792490680777e-01 3.579833712242907161e-03 3.112499999999999815e-03 9.748034937615575046e-01 8.972509194188958790e-04 2.230635413756554275e-01 7.128997000000000250e-01
1.837967247879824795e-01 4.725217208697223004e-03 -9.829529166137823681e-01 -6.758195999999999648e-01 -1.051970313506557248e-03 9.999888186778478349e-01 4.610409715184051946e-03 2.874699999999999998e-03 9.829637110878867157e-01 1.866590822708611742e-04 1.837996404858205368e-01 7.194720999999999478e-01
1.809287279506104906e-01 4.774513817370005207e-03 -9.834846208355175756e-01 -6.930150999999999950e-01 -1.048230894736051780e-03 9.999885843719529266e-01 4.661795552042312732e-03 3.074200000000000023e-03 9.834956515481730888e-01 1.874662248607314452e-04 1.809316673284399046e-01 7.228379000000000332e-01
1.651937305595520822e-01 5.380888127452552322e-03 -9.862464587651394998e-01 -7.265167999999999626e-01 -1.263127552921764103e-04 9.999852239924191810e-01 5.434688760105564447e-03 3.196800000000000076e-03 9.862611294322137789e-01 -7.732010031081286081e-04 1.651919693305423653e-01 7.287259999999999849e-01
1.641199098523348499e-01 5.332372810162714846e-03 -9.864259835336226523e-01 -7.581702999999999637e-01 -1.159219285667326127e-03 9.999857413382539084e-01 5.212804507216665939e-03 3.352799999999999964e-03 9.864397150362049782e-01 2.879590181932918831e-04 1.641237511114543857e-01 7.338740999999999737e-01
1.492978609349569219e-01 4.984245570951146599e-03 -9.887797055038777261e-01 -7.913955999999999769e-01 -1.155390242623333596e-03 9.999874920833455860e-01 4.866287111143894825e-03 3.413100000000000075e-03 9.887915926997125071e-01 4.159001674540175296e-04 1.493017522784552131e-01 7.389407000000000059e-01
1.379405918508875561e-01 3.954674975976749107e-03 -9.904326093509144835e-01 -8.280699999999999728e-01 -1.656215232250868655e-05 9.999920376346642659e-01 3.990537929588480574e-03 3.477599999999999962e-03 9.904405044451290996e-01 -5.340534680696009187e-04 1.379395590154299800e-01 7.443547999999999831e-01
1.290235498934679537e-01 3.242815564446273596e-03 -9.916362275149607219e-01 -8.710423999999999944e-01 -2.995981083160049151e-04 9.999947348831957905e-01 3.231168033460045472e-03 4.024200000000000346e-03 9.916414845163857850e-01 -1.198044320782094135e-04 1.290238421108159672e-01 7.501807000000000336e-01
1.281564914367807340e-01 3.579084625108965197e-03 -9.917475000502197213e-01 -9.168617999999999491e-01 -1.203006511648898333e-03 9.999933134255549749e-01 3.453386672929573305e-03 4.148999999999999910e-03 9.917532286198754710e-01 7.505047808947392079e-04 1.281599401709698771e-01 7.561069000000000262e-01
1.284613847965979938e-01 3.149514415804756905e-03 -9.917095104792958971e-01 -9.675068999999999475e-01 -1.305120773827138543e-03 9.999946279902084401e-01 3.006767448674262273e-03 4.889799999999999702e-03 9.917136528635197568e-01 9.080471735104424930e-04 1.284648051974726091e-01 7.622936999999999630e-01
1.289340822515047946e-01 3.699459515547019999e-03 -9.916462657789091306e-01 -1.021422700000000017e+00 -1.565719303550610567e-03 9.999925542945866663e-01 3.527021186579355240e-03 5.031100000000000155e-03 9.916519303450301859e-01 1.097886460850694369e-03 1.289389145614867616e-01 7.694916000000000533e-01
1.291895888273334181e-01 4.514521917347221261e-03 -9.916096355070789237e-01 -1.079217599999999999e+00 -2.142233907308952693e-03 9.999885736392143398e-01 4.273572849024166731e-03 5.058400000000000223e-03 9.916175981559174346e-01 1.572158664808449543e-03 1.291977838224083186e-01 7.769342999999999666e-01
1.305842154602108729e-01 6.082719509898684360e-03 -9.914185610507829649e-01 -1.135037400000000085e+00 -4.675479451314202770e-03 9.999738378215905499e-01 5.519380785907193436e-03 5.071400000000000213e-03 9.914261962266991413e-01 3.914613100090578134e-03 1.306092387227452134e-01 7.837117000000000111e-01
1.305803724632991769e-01 6.380340578330465952e-03 -9.914171965330492720e-01 -1.192385199999999923e+00 -4.071679239488254672e-03 9.999743105384354402e-01 5.899126321012922169e-03 5.235100000000000343e-03 9.914293659941272319e-01 3.266422704589343196e-03 1.306029966241133433e-01 7.911059000000000285e-01
1.311364714969755763e-01 7.302965756407428684e-03 -9.913374261746017435e-01 -1.251907199999999998e+00 -4.397903803019443357e-03 9.999673121004722942e-01 6.784775065983230866e-03 4.759900000000000068e-03 9.913545704163886363e-01 3.470075174595084466e-03 1.311643026620442631e-01 7.991230000000000278e-01
1.309759579770211901e-01 7.316969321311988725e-03 -9.913585428047475556e-01 -1.314552399999999954e+00 -3.612724638779403821e-03 9.999696464192826539e-01 6.903221043780966883e-03 5.031500000000000382e-03 9.913789621797941543e-01 2.677349444118814516e-03 1.309984165830569980e-01 8.076974999999999572e-01
1.314701195676731271e-01 8.396215290897389785e-03 -9.912845763097754004e-01 -1.373261599999999971e+00 -3.920720024627398145e-03 9.999607142369608681e-01 7.949713025981033909e-03 5.227599999999999782e-03 9.913123804408731088e-01 2.841399566387605748e-03 1.314978738731311658e-01 8.152951000000000503e-01
1.319684804422157354e-01 8.557593447204234205e-03 -9.912169731013308338e-01 -1.428423599999999904e+00 -4.793039455708315508e-03 9.999565531413714403e-01 7.994911031625352021e-03 5.720799999999999844e-03 9.912423250358853855e-01 3.695865801128144293e-03 1.320037637093408600e-01 8.225609999999999866e-01
1.320549717685075009e-01 8.610379622638462960e-03 -9.912049968568421576e-01 -1.481868299999999916e+00 -4.076581931033434504e-03 9.999585331304099434e-01 8.143310103289037871e-03 5.805199999999999944e-03 9.912340116798747935e-01 2.965363794344620836e-03 1.320845967802034560e-01 8.294597000000000220e-01
1.327537397452018264e-01 8.290987990027195303e-03 -9.911143748840557377e-01 -1.536682099999999940e+00 -2.768887177776453538e-03 9.999642128214401016e-01 7.994144118940938598e-03 6.353199999999999820e-03 9.911451850498290694e-01 1.683031356474865448e-03 1.327719456737497250e-01 8.366038999999999559e-01
1.343935914799933296e-01 9.116778118486008192e-03 -9.908860918015992558e-01 -1.588259599999999994e+00 -3.656769421951486156e-03 9.999554309962079834e-01 8.704255199763291997e-03 6.528400000000000175e-03 9.909212837589592704e-01 2.453645843682503158e-03 1.344209396469554507e-01 8.428721000000000130e-01
1.153723702267733381e-01 9.902967635520582707e-03 -9.932729470897041502e-01 -1.658521300000000087e+00 -3.017809869255902271e-03 9.999491825397379685e-01 9.619000036536404924e-03 6.955799999999999830e-03 9.933177281272338455e-01 1.887742069165580794e-03 1.153963925693993753e-01 8.520067000000000057e-01
1.135588101664883331e-01 9.533456275535817301e-03 -9.934855358006043913e-01 -1.681086499999999928e+00 -2.138453872907921521e-03 9.999539909626367074e-01 9.351094744927478108e-03 7.186299999999999633e-03 9.935289747403469596e-01 1.062623798722738509e-03 1.135739722914430594e-01 8.545458000000000220e-01
1.120987599168475346e-01 9.970551779464681408e-03 -9.936470480619957746e-01 -1.723462499999999897e+00 -2.061761087295482971e-03 9.999498415779597416e-01 9.801197346869475191e-03 7.443100000000000237e-03 9.936949316396476162e-01 9.499607499158816901e-04 1.121136941156152256e-01 8.599482000000000514e-01
1.112876652407175926e-01 8.691188190609377973e-03 -9.937502295914730777e-01 -1.764413800000000032e+00 -3.022516543756987618e-03 9.999600924546054870e-01 8.407014447433597965e-03 8.322100000000000677e-03 9.937836384037588289e-01 2.068029499802664407e-03 1.113094932832561224e-01 8.648232999999999615e-01
1.115731149016213480e-01 8.359478211892654512e-03 -9.937210670782694599e-01 -1.807141499999999956e+00 -3.368862669552588531e-03 9.999620542553386837e-01 8.033729753784475680e-03 8.946499999999999592e-03 9.937505173812304360e-01 2.451361553920376572e-03 1.115970431107772276e-01 8.692990000000000439e-01
1.113067343596760156e-01 8.793739114484956307e-03 -9.937471917135517474e-01 -1.849445900000000087e+00 -2.201765455454843170e-03 9.999605772024422468e-01 8.602108453031487995e-03 9.239199999999999496e-03 9.937836601167596706e-01 1.230525637655462395e-03 1.113217080878271537e-01 8.742090999999999612e-01
1.112890615552102475e-01 7.365389145278006602e-03 -9.937607840023169326e-01 -1.892616300000000029e+00 -1.910528214291435604e-03 9.999722727650157683e-01 7.197470605101382278e-03 9.925399999999999154e-03 9.937862419354089871e-01 1.097608266879857540e-03 1.113000476010206352e-01 8.791233000000000519e-01
1.108575622321055082e-01 7.389626739357089275e-03 -9.938088318749275230e-01 -1.938958299999999912e+00 -1.270678864339167425e-03 9.999725931620230268e-01 7.293716476737929083e-03 1.007090000000000068e-02 9.938354925595979106e-01 4.542482496337585211e-04 1.108639138193719953e-01 8.842117000000000449e-01
1.092097854153845221e-01 7.965343072847019812e-03 -9.939868088054576445e-01 -1.984049200000000068e+00 -8.124418830877896437e-04 9.999682744798518153e-01 7.924012365864246260e-03 1.085170000000000058e-02 9.940183915339354526e-01 -5.782317539455936878e-05 1.092127920564625043e-01 8.897768999999999817e-01
1.090532200049734723e-01 7.133588348810874884e-03 -9.940103154011111775e-01 -2.030852299999999833e+00 6.684528243561943528e-04 9.999734970159428471e-01 7.249719755113522013e-03 1.125239999999999921e-02 9.940356876779466999e-01 -1.455054286197861313e-03 1.090455613019427616e-01 8.951312999999999631e-01
1.091841053729911692e-01 6.576778434177350460e-03 -9.939997872833411519e-01 -2.079873800000000106e+00 6.149720596274953037e-04 9.999774735239691514e-01 6.683880159424609481e-03 1.149359999999999965e-02 9.940213543698473986e-01 -1.341055572081991006e-03 1.091776013048791905e-01 9.003681000000000045e-01
1.087831551961175591e-01 6.836169122036767423e-03 -9.940419970691947160e-01 -2.106042400000000203e+00 7.053845835029459201e-04 9.999755706843858061e-01 6.954169039240957334e-03 1.172100000000000052e-02 9.940652531791700497e-01 -1.457678349942877205e-03 1.087756755697768529e-01 9.032478000000000451e-01
1.086815837184127720e-01 8.268382152195372092e-03 -9.940422260734416149e-01 -2.158573899999999934e+00 3.977688763650887374e-04 9.999649659754087372e-01 8.361136389305579009e-03 1.205449999999999924e-02 9.940765338445420873e-01 -1.304100603800067548e-03 1.086744872600581280e-01 9.090253999999999834e-01
1.088737472577274573e-01 8.270870856853280648e-03 -9.940211767630153794e-01 -2.184250599999999931e+00 8.862582061614637796e-05 9.999653007149520434e-01 8.330036705763448415e-03 1.264419999999999954e-02 9.940555815966853892e-01 -9.950182534513309605e-04 1.088692364038201799e-01 9.115626000000000007e-01
1.097201162135370001e-01 8.361106762415977667e-03 -9.939273554902264829e-01 -2.233143800000000123e+00 3.741829136826224297e-04 9.999642010907118239e-01 8.453196091523042244e-03 1.322130000000000007e-02 9.939624520499931171e-01 -1.299396291403920496e-03 1.097130597697596466e-01 9.166836999999999902e-01
1.084498949402608325e-01 7.951944143411750210e-03 -9.940701116479595534e-01 -2.256990899999999911e+00 1.622468419853421301e-04 9.999678515955581215e-01 8.016823019506772244e-03 1.321029999999999947e-02 9.941019032088254104e-01 -1.030708350547072678e-03 1.084451182713517259e-01 9.196060999999999819e-01
1.088464927497911350e-01 7.407669453675398002e-03 -9.940309690594830716e-01 -2.307075499999999835e+00 5.023402067764037165e-04 9.999716963002968084e-01 7.506946957556975136e-03 1.377439999999999914e-02 9.940584432871071296e-01 -1.316446570128283321e-03 1.088396908211415326e-01 9.248855000000000270e-01
1.093549682545376656e-01 7.094003651925289561e-03 -9.939774474454814435e-01 -2.333311600000000041e+00 1.349492542061492793e-04 9.999744175130107493e-01 7.151650733472746796e-03 1.380679999999999928e-02 9.940027528667851886e-01 -9.162050541569508565e-04 1.093512133519829455e-01 9.275459999999999816e-01
1.094794685084012481e-01 7.259958009090511713e-03 -9.939625440552698477e-01 -2.359932199999999813e+00 -1.736859385685109169e-05 9.999733402704291674e-01 7.301948146393662763e-03 1.401239999999999951e-02 9.939890571195689750e-01 -7.821496704064649294e-04 1.094766759106393650e-01 9.306309999999999860e-01
1.087116826298417660e-01 9.044351480492962211e-03 -9.940321774299287760e-01 -2.386375000000000135e+00 3.156327144593750605e-04 9.999582453927026160e-01 9.132789668944575612e-03 1.406660000000000028e-02 9.940732721664824467e-01 -1.306590006437569930e-03 1.087042887230166288e-01 9.333088000000000495e-01
1.095998349191338594e-01 8.817495764815358461e-03 -9.939366820648767309e-01 -2.411855899999999941e+00 -1.256708293424979236e-04 9.999607674041331995e-01 8.857079619124824665e-03 1.420839999999999950e-02 9.939757846107424299e-01 -8.458256169726818471e-04 1.095966431351088621e-01 9.359636000000000067e-01
1.084290503802468608e-01 9.813395314086776483e-03 -9.940557521115440665e-01 -2.460300699999999896e+00 1.575382554511033616e-03 9.999483227484621262e-01 1.004340591355448037e-02 1.465690000000000048e-02 9.941029419549289869e-01 -2.655015055877939147e-03 1.084079872131580302e-01 9.416143999999999625e-01
1.092585446692563994e-01 9.565130586350330949e-03 -9.939673428707918035e-01 -2.483128300000000177e+00 2.225456021538942293e-03 9.999488403870960829e-01 9.867317467175453286e-03 1.494810000000000062e-02 9.940108740664019837e-01 -3.290119354657989811e-03 1.092316682669444150e-01 9.439779000000000364e-01
1.088164694485522915e-01 9.112580926694993644e-03 -9.940200887535458607e-01 -2.527601999999999904e+00 1.904205954872885583e-03 9.999542365417730672e-01 9.375437154672244117e-03 1.524550000000000037e-02 9.940600333865324822e-01 -2.913020942975991668e-03 1.087941373997334260e-01 9.488324999999999676e-01
1.087153148449090806e-01 9.677845381303954581e-03 -9.940258143664818524e-01 -2.571415700000000193e+00 1.752369625798103590e-03 9.999491889592404537e-01 9.927169810766089258e-03 1.571749999999999883e-02 9.940713804948145826e-01 -2.821136035851357603e-03 1.086928317443259795e-01 9.534894999999999898e-01
1.091737361734535922e-01 9.618517146388068373e-03 -9.939761463223520943e-01 -2.633165800000000001e+00 2.227889469422261737e-03 9.999483037019415432e-01 9.921009632175873880e-03 1.618419999999999928e-02 9.940201868364854088e-01 -3.297582677405951068e-03 1.091466633023863153e-01 9.600448999999999788e-01
1.081956297349786905e-01 9.933895988688780029e-03 -9.940799884399328379e-01 -2.670045599999999908e+00 2.916647104919985970e-03 9.999425976179907583e-01 1.030992912925658700e-02 1.639099999999999932e-02 9.941253436443094893e-01 -4.014869795005138881e-03 1.081604453791329412e-01 9.642821999999999782e-01
1.089019080517582005e-01 1.039922054626820150e-02 -9.939981039391960760e-01 -2.704100400000000182e+00 2.241685547871265054e-03 9.999401658758625411e-01 1.070698435867576195e-02 1.650909999999999878e-02 9.940499732249838960e-01 -3.394242210352056959e-03 1.088720802190653592e-01 9.675181000000000475e-01
1.006361655725008103e-01 1.049578381771424165e-02 -9.948679312858141888e-01 -2.735846000000000000e+00 2.920344379687251322e-03 9.999369303749775506e-01 1.084466970318687107e-02 1.670599999999999863e-02 9.949190086472203820e-01 -3.996722947490605367e-03 1.005991671839919777e-01 9.707687000000000399e-01
9.356551851948397003e-02 9.614243110720810739e-03 -9.955667029755403963e-01 -2.767690200000000100e+00 3.077659224836425903e-03 9.999458032939918528e-01 9.945777417040441507e-03 1.708250000000000046e-02 9.956083676616402922e-01 -3.994596868457420125e-03 9.353085821258477761e-02 9.737514999999999921e-01
9.315196450972794417e-02 1.008237825019536217e-02 -9.956008523282804390e-01 -2.798423999999999801e+00 3.166454902504702018e-03 9.999406698088362244e-01 1.042259207713557879e-02 1.732529999999999834e-02 9.956468676550580543e-01 -4.123410127061449132e-03 9.311451238982704215e-02 9.764895999999999576e-01
8.006465211728076847e-02 1.058226543085955505e-02 -9.967334985539963998e-01 -2.827324400000000182e+00 2.868963020406027978e-03 9.999370567390685194e-01 1.084673274292061000e-02 1.727160000000000153e-02 9.967855439022610398e-01 -3.728031432222397770e-03 8.002925245879788374e-02 9.788717999999999586e-01
7.188373711460817328e-02 1.004029990802414452e-02 -9.973624821077813341e-01 -2.855832299999999879e+00 3.272805559534063338e-03 9.999415755497992331e-01 1.030214690026866331e-02 1.754440000000000166e-02 9.974076483976885843e-01 -4.004730295808027127e-03 7.184667739743055836e-02 9.807976000000000472e-01
3.964148546387310373e-02 9.841992172194547611e-03 -9.991654957114461943e-01 -2.882876599999999900e+00 3.412957730572119177e-03 9.999443234833613747e-01 9.985071503610181212e-03 1.775629999999999917e-02 9.992081386526767695e-01 -3.805932669575399618e-03 3.960568806077979787e-02 9.820467999999999975e-01
8.114846121447128607e-03 1.001130778808308891e-02 -9.999169580464155604e-01 -2.910675499999999971e+00 4.667649479811905762e-03 9.999386093696657207e-01 1.004940496708586067e-02 1.798340000000000008e-02 9.999561802002918665e-01 -4.748811244000461680e-03 8.067618670339338216e-03 9.826312999999999853e-01
-6.663598143569897901e-03 9.327604406197301246e-03 -9.999342939692699161e-01 -2.939610000000000056e+00 3.473814895614661842e-03 9.999506772273238919e-01 9.304607605229275880e-03 1.841169999999999959e-02 9.999717641362939613e-01 -3.411584479061526183e-03 -6.695671847560147327e-03 9.825120999999999993e-01
-2.036578273692649793e-02 9.907624391236491412e-03 -9.997435040411291052e-01 -2.968617200000000178e+00 3.930883352648833345e-03 9.999439626296309225e-01 9.829534913677695149e-03 1.855829999999999980e-02 9.997848683839842820e-01 -3.729688924497093130e-03 -2.040358720780022228e-02 9.819584000000000090e-01
-2.895545197083055841e-02 9.434164478431488962e-03 -9.995361816071286487e-01 -2.996694100000000027e+00 3.419560707748477753e-03 9.999505434826615469e-01 9.339014578410598580e-03 1.905799999999999855e-02 9.995748538282318574e-01 -3.147559264516628947e-03 -2.898628063317898462e-02 9.812146999999999952e-01
-6.011392273079171206e-02 9.012395031731200434e-03 -9.981508368126075226e-01 -3.023391699999999904e+00 3.823085898398465802e-03 9.999539847687544114e-01 8.798429365690141335e-03 1.939559999999999895e-02 9.981842015921360556e-01 -3.287108285651482026e-03 -6.014561173509280767e-02 9.793410999999999644e-01
-9.047702422356561358e-02 9.496850934449248272e-03 -9.958532612337909207e-01 -3.050156600000000218e+00 5.090700672777771080e-03 9.999458778935796932e-01 9.073370393537534898e-03 1.947329999999999894e-02 9.958855320037078851e-01 -4.248659314065317272e-03 -9.052047304187327281e-02 9.770149999999999668e-01
-1.048758298174787551e-01 9.222258587794244372e-03 -9.944425625779675926e-01 -3.076208100000000112e+00 3.848692798805044158e-03 9.999532766492393865e-01 8.867473269772512337e-03 1.992259999999999864e-02 9.944778770208191343e-01 -2.897320311867353226e-03 -1.049064233075114316e-01 9.745190000000000241e-01
-1.318982439365061210e-01 9.923760099507626317e-03 -9.912135855767680859e-01 -3.100769000000000108e+00 5.707408749828833325e-03 9.999409143396447153e-01 9.251665523452846235e-03 2.010299999999999934e-02 9.912468303766868161e-01 -4.436982655238710417e-03 -1.319470895968865021e-01 9.715401999999999649e-01
-2.582602940055101493e-01 1.022186885420971539e-02 -9.660212906232005237e-01 -3.136256899999999792e+00 8.945730472156014634e-03 9.999264540342698293e-01 8.189043214623954042e-03 2.017470000000000027e-02 9.660339509802470248e-01 -6.526861388046836104e-03 -2.583327420864691693e-01 9.630252000000000256e-01
-3.950975077642949196e-01 1.158113591942942083e-02 -9.185661852306881148e-01 -3.158145900000000061e+00 1.066541693054076992e-02 9.999109661761443890e-01 8.019264454243110046e-03 2.025269999999999848e-02 9.185772739623709882e-01 -6.628499943807377240e-03 -3.951858483654928644e-01 9.534572000000000047e-01
-5.254176213636750914e-01 1.173973176709262531e-02 -8.507634817377707215e-01 -3.177015299999999876e+00 1.058612316453982904e-02 9.999176090702409647e-01 7.260101073550311382e-03 2.026769999999999960e-02 8.507786181827106109e-01 -5.191701964644104134e-03 -5.254986099637442010e-01 9.411494000000000248e-01
-5.454474905757552561e-01 9.688825079744523353e-03 -8.380889938981332943e-01 -3.195513000000000048e+00 8.271859240234153213e-03 9.999467122704142064e-01 6.176484784981266067e-03 2.053870000000000001e-02 8.381041769191470703e-01 -3.563606061767453544e-03 -5.454985695146371549e-01 9.286041999999999907e-01
-5.549111131745416703e-01 9.236070552595915945e-03 -8.318583722462246088e-01 -3.221724500000000102e+00 8.022993430978862806e-03 9.999512806782007157e-01 5.750464888402999006e-03 2.083770000000000067e-02 8.318709563699152598e-01 -3.482997383541402894e-03 -5.549581792148203796e-01 9.106891999999999765e-01
-5.599097327781210609e-01 9.468153660693397547e-03 -8.284995143067921397e-01 -3.238629800000000003e+00 8.241835635678223040e-03 9.999488792611647137e-01 5.857560046211462979e-03 2.089840000000000100e-02 8.285126210780904277e-01 -3.548651940949760705e-03 -5.599591447451451875e-01 8.991873999999999700e-01
-5.680227639588517619e-01 9.575275537108860271e-03 -8.229571396633819091e-01 -3.254493500000000150e+00 8.314587697529950486e-03 9.999480528656438105e-01 5.895693481484838572e-03 2.104460000000000011e-02 8.229708422878461160e-01 -3.493661202232390892e-03 -5.680728712721964113e-01 8.880230000000000068e-01
-5.757454732247305751e-01 8.939576920581811595e-03 -8.175801086289413711e-01 -3.269808100000000106e+00 7.621669415244902886e-03 9.999554612783947416e-01 5.566472387205460663e-03 2.134459999999999830e-02 8.175934565641749252e-01 -3.026454029685804632e-03 -5.757879647573839188e-01 8.773241999999999985e-01
-5.833630800267508576e-01 8.968812469370653073e-03 -8.121619772339704335e-01 -3.284479099999999985e+00 7.954156426815559011e-03 9.999541640241365048e-01 5.329281971162990253e-03 2.140649999999999845e-02 8.121725483277802971e-01 -3.351157065802141954e-03 -5.834076803480392481e-01 8.666747999999999674e-01
-5.911822425181435525e-01 9.063072259075165976e-03 -8.064870841200407758e-01 -3.298306699999999925e+00 8.104640631942522377e-03 9.999531313625404927e-01 5.296213598128720300e-03 2.144230000000000094e-02 8.064972851358186423e-01 -3.405260559299305885e-03 -5.912279875556275544e-01 8.567287999999999570e-01
-6.158383230797807029e-01 9.160005054342060943e-03 -7.878193029709842365e-01 -3.325268299999999844e+00 8.291932529879232627e-03 9.999523869220438010e-01 5.144681120062747845e-03 2.149869999999999906e-02 7.878289177741591987e-01 -3.364252712212235669e-03 -6.158849552655794035e-01 8.358915999999999569e-01
-6.230469076991640431e-01 9.059658964240720203e-03 -7.821320050899085441e-01 -3.339423200000000147e+00 8.236581968594156034e-03 9.999534706437688270e-01 5.021480355028667096e-03 2.158090000000000008e-02 7.821411058907361546e-01 -3.313476562911222938e-03 -6.230925383513133964e-01 8.240119000000000193e-01
-6.399241699708285713e-01 9.553860945724758011e-03 -7.683786699461250258e-01 -3.353349399999999925e+00 9.397896913334943467e-03 9.999452291853642150e-01 4.606317730668833127e-03 2.174430000000000113e-02 7.683805933394938226e-01 -4.273449480138934164e-03 -6.399789070030263982e-01 8.124221999999999833e-01
-6.855920309746662555e-01 1.050463699271213767e-02 -7.279101727999699456e-01 -3.366914299999999916e+00 1.057758342822918800e-02 9.999340753064015486e-01 4.467635834603262551e-03 2.170669999999999891e-02 7.279091164375190992e-01 -4.636555055547558410e-03 -6.856579472042643175e-01 7.991958000000000117e-01
-7.370404130413650279e-01 9.862683615776003665e-03 -6.757767064761176501e-01 -3.380048299999999895e+00 9.864713967521965970e-03 9.999439894662603967e-01 3.834755355742420352e-03 2.173189999999999844e-02 6.757766768409166902e-01 -3.839974243991970196e-03 -7.370964235672646803e-01 7.840871000000000368e-01
-7.557443018044642802e-01 9.952260011805337189e-03 -6.547911902360478154e-01 -3.394191699999999923e+00 9.899426526483323316e-03 9.999438828410160962e-01 3.772601659218656218e-03 2.178770000000000012e-02 6.547919911273575311e-01 -3.630935070997751580e-03 -7.558004132480879989e-01 7.674288000000000221e-01
-7.672828887732164871e-01 9.688591861513828896e-03 -6.412356039581468270e-01 -3.408834000000000142e+00 9.710829929327275539e-03 9.999467627219278398e-01 3.488768266899207760e-03 2.186280000000000168e-02 6.412352675718264727e-01 -3.550057700580271005e-03 -7.673361249885287672e-01 7.495610000000000328e-01
-7.749415422943022325e-01 1.067412653871943617e-02 -6.319427735556157888e-01 -3.423399400000000092e+00 1.070377640959001980e-02 9.999356286307151676e-01 3.764009228199246843e-03 2.201960000000000028e-02 6.319422720447671615e-01 -3.847287035284778587e-03 -7.750059117099471484e-01 7.315302000000000193e-01
-7.777907227795137768e-01 9.844469717741359191e-03 -6.284462411170094187e-01 -3.437759400000000021e+00 9.846736040457776049e-03 9.999454739497248834e-01 3.477199564245614036e-03 2.226260000000000044e-02 6.284462056114837880e-01 -3.483610689573866590e-03 -7.778452488182288072e-01 7.136725999999999903e-01
-7.845830080541009721e-01 1.083223380061047562e-02 -6.199291622303860771e-01 -3.451308500000000112e+00 1.072985408421929347e-02 9.999348572615769370e-01 3.892488227489355850e-03 2.217979999999999952e-02 6.199309426896763009e-01 -3.597769330945578027e-03 -7.846481264565228209e-01 6.964979000000000031e-01
-7.988206683263424646e-01 1.176641960176358359e-02 -6.014541472335285244e-01 -3.463732499999999881e+00 1.150322707576073578e-02 9.999246595150089734e-01 4.283813795758762734e-03 2.202430000000000013e-02 6.014592385369929017e-01 -3.496664631971688111e-03 -7.988958365863176869e-01 6.801745999999999626e-01
-8.082819915309197301e-01 1.184294167152671190e-02 -5.886764534949365801e-01 -3.475131999999999888e+00 1.179019457429145504e-02 9.999227787223823327e-01 3.927837065109724031e-03 2.212880000000000055e-02 5.886775122923516568e-01 -3.765809962613287862e-03 -8.083592055494975837e-01 6.642525000000000235e-01
-8.139987974165115991e-01 1.102632822282454718e-02 -5.807618943167639491e-01 -3.486036499999999982e+00 1.081826032417250623e-02 9.999341774058886356e-01 3.821792664088964446e-03 2.218789999999999998e-02 5.807658074026328388e-01 -3.171898726534651269e-03 -8.140645035931963758e-01 6.487787000000000415e-01
-8.193623650453052409e-01 1.111684608149852635e-02 -5.731681520117493100e-01 -3.496508799999999972e+00 1.101600670985339661e-02 9.999326734408613415e-01 3.646392954715510244e-03 2.235639999999999850e-02 5.731700989614967323e-01 -3.326307053175463300e-03 -8.194296634476052610e-01 6.337161999999999518e-01
-8.245431728468871624e-01 1.185969776650889693e-02 -5.656747331112416122e-01 -3.506262800000000013e+00 1.157802245088059359e-02 9.999246178197418455e-01 4.087551121428231217e-03 2.213549999999999893e-02 5.656805684374480725e-01 -3.179032389021557194e-03 -8.246183288318021942e-01 6.193724999999999925e-01
-8.294642508911915790e-01 1.121381732659580514e-02 -5.584472282986810976e-01 -3.515518399999999932e+00 1.107718543265101725e-02 9.999320717582360629e-01 3.625993956481115329e-03 2.232659999999999853e-02 5.584499551942002649e-01 -3.178391141365890810e-03 -8.295321243769571140e-01 6.053446999999999578e-01
-8.513239211042707977e-01 1.149893164532636916e-02 -5.245144001137298506e-01 -3.524600299999999908e+00 1.205783239151250047e-02 9.999245387454891443e-01 2.350636645421051371e-03 2.257719999999999866e-02 5.245018494091970851e-01 -4.323353517434840032e-03 -8.513983313236500594e-01 5.903410000000000046e-01
-8.792699934492876901e-01 1.060332585021088111e-02 -4.762056783582106489e-01 -3.533678099999999933e+00 1.164202874321064105e-02 9.999319337229336524e-01 7.688223831743014845e-04 2.264450000000000143e-02 4.761814168848166884e-01 -4.867997743309076392e-03 -8.793335890386191345e-01 5.719921000000000033e-01
-8.925399504077560220e-01 1.148450424210285814e-02 -4.508220747572521114e-01 -3.543978500000000142e+00 1.213108992353812213e-02 9.999253563250497523e-01 1.455484623524292039e-03 2.256390000000000132e-02 4.508051392601767349e-01 -4.169884954696628614e-03 -8.926126474995058624e-01 5.520078999999999958e-01
-9.117850994112366436e-01 1.100370244055242329e-02 -4.105202199943876473e-01 -3.552871899999999972e+00 1.176686550633477928e-02 9.999305451450314353e-01 6.676541889871626719e-04 2.270760000000000139e-02 4.104990540400750842e-01 -4.221779075226937683e-03 -9.118512505960841841e-01 5.311287000000000091e-01
-9.156956309138167827e-01 1.079592123750337980e-02 -4.017274693246407069e-01 -3.562381699999999984e+00 1.153754286751691553e-02 9.999332759713347452e-01 5.733322027153256104e-04 2.275239999999999901e-02 4.017068540987653313e-01 -4.109950105303510938e-03 -9.157590904163630530e-01 5.096669000000000338e-01
