9.999999995342999659e-01 4.399975838972649660e-06 3.020000351294860124e-05 3.350000000000000113e-05 -4.400024158972638594e-06 9.999999999890399893e-01 1.599933559626431687e-06 6.399999999999999710e-06 -3.019999647294860281e-05 -1.600066439626400829e-06 9.999999995427000243e-01 6.160000000000000653e-05
9.999760410575772029e-01 2.154965961783119298e-03 6.578254519101707325e-03 -3.460049999999999931e-02 -2.148207602395714975e-03 9.999971577389229482e-01 -1.034271807822339856e-03 1.160400000000000017e-03 -6.580464642526022249e-03 1.020115571395218508e-03 9.999778281788598289e-01 2.489219999999999974e-02
9.999574954118730652e-01 1.468692571706090846e-03 -9.102214661479835281e-03 -3.509280000000000038e-02 -1.470076106025591583e-03 9.999989088798834080e-01 -1.453109940052745236e-04 7.676000000000000097e-04 9.101991312692831945e-03 1.586857659070813444e-04 9.999585634279909430e-01 3.167389999999999789e-02
9.928139621234757239e-01 8.865425711863723262e-04 -1.196647427396850677e-01 -4.281189999999999996e-02 -8.579151278370868378e-04 9.999995897240050446e-01 2.907463754910347880e-04 5.176999999999999528e-04 1.196649514031529887e-01 -1.859948679591850562e-04 9.928143153740229820e-01 7.892200000000000604e-02
9.887428679806332665e-01 5.019858097479343263e-04 -1.496238250669948144e-01 -4.449630000000000252e-02 -4.353650277412973810e-04 9.999997909819910991e-01 4.780096929378553671e-04 4.457999999999999940e-04 1.496240337470035875e-01 -4.074876939668657400e-04 9.887428798626337612e-01 8.758770000000000444e-02
9.860545480795513962e-01 1.786267369419623384e-03 -1.664128524499130513e-01 -4.628609999999999669e-02 -1.837034095348555199e-03 9.999983012299086260e-01 -1.511391059243828760e-04 5.209999999999999788e-04 1.664122997778833546e-01 4.547374866441134412e-04 9.860561544336376993e-01 9.726289999999999936e-02
9.843377568417451817e-01 1.649002158541258570e-03 -1.762851702431099399e-01 -4.818170000000000092e-02 -1.755189558127924184e-03 9.999983600012862794e-01 -4.464351606622508819e-04 5.054000000000000332e-04 1.762841449631139257e-01 7.488568746850743710e-04 9.843390368404602020e-01 1.070740000000000025e-01
9.805483580023931500e-01 1.021802326251040546e-03 -1.962749946855603389e-01 -5.029170000000000168e-02 -1.128862129304714947e-03 9.999992688359430337e-01 -4.335872141596753258e-04 6.459999999999999814e-04 1.962744081359148740e-01 6.467206393251148091e-04 9.805487945346273992e-01 1.171225999999999934e-01
9.781429287574896492e-01 1.920986695001116080e-03 -2.079247958561900311e-01 -5.254969999999999780e-02 -1.952472668266504001e-03 9.999980924763706147e-01 5.379683827700632004e-05 3.981999999999999754e-04 2.079245025777393396e-01 3.533464840139394301e-04 9.781448136007581118e-01 1.272741000000000011e-01
9.711901200564431180e-01 1.213265808433767676e-03 -2.383029137271083231e-01 -5.752379999999999993e-02 -1.311153219876597630e-03 9.999991086206309054e-01 -2.522601387053446552e-04 5.666999999999999512e-04 2.383023952502063003e-01 5.574441870339718989e-04 9.711908451349779980e-01 1.482600000000000029e-01
9.555584487289257023e-01 1.458105656156734320e-03 -2.947981088654817450e-01 -6.414599999999999469e-02 -1.636923172690778541e-03 9.999985955076193811e-01 -3.598128893519565979e-04 3.762999999999999852e-04 2.947971701785748744e-01 8.263841020491541692e-04 9.555594934613020897e-01 1.701432999999999973e-01
9.444656743924112474e-01 1.922304135847239604e-03 -3.286044653398627058e-01 -7.232550000000000090e-02 -2.037546680495310163e-03 9.999979241793283125e-01 -6.368611605081660708e-06 5.883000000000000425e-04 3.286037709735122880e-01 6.755618726037101876e-04 9.444676306354515827e-01 1.931313000000000057e-01
9.175460789581406651e-01 2.786966428323297499e-03 -3.976196999730631787e-01 -9.147679999999999700e-02 -3.084133868361985369e-03 9.999952382324004407e-01 -1.078462170349941268e-04 7.029999999999999574e-04 3.976175060366726188e-01 1.325266256985782988e-03 9.175503051945024247e-01 2.383250000000000091e-01
8.912934266984087195e-01 1.524200996597389760e-03 -4.534244196506516666e-01 -1.021360999999999936e-01 -1.844343777405223770e-03 9.999982643781459846e-01 -2.638877154096546697e-04 8.411999999999999556e-04 4.534232304594009721e-01 1.071471893037339879e-03 8.912946909006826957e-01 2.600718000000000196e-01
8.742083965718283611e-01 2.276398260478536967e-03 -4.855455667332083669e-01 -1.152659000000000045e-01 -3.380057726274326817e-03 9.999933112466586893e-01 -1.397380302654978486e-03 1.219400000000000041e-03 4.855391380445863714e-01 2.862773638079892623e-03 8.742102435650233039e-01 2.830872999999999862e-01
8.400021193692767119e-01 1.531902298058204336e-03 -5.425809550016222893e-01 -1.299987999999999977e-01 -2.587909248120287987e-03 9.999959514359755275e-01 -1.183147235790468592e-03 1.242899999999999908e-03 5.425769458619180696e-01 2.397996456892531516e-03 8.400026829910401949e-01 3.063603999999999772e-01
8.229466317123784735e-01 3.640240793764314142e-03 -5.681070233681451143e-01 -1.465654999999999875e-01 -5.318758308767875670e-03 9.999850141124759784e-01 -1.297058411985211809e-03 1.348999999999999939e-03 5.680937881752481378e-01 4.089033802086144628e-03 8.229536606876852733e-01 3.302359999999999740e-01
8.025358117165132255e-01 3.449711428657545927e-03 -5.965939744948619561e-01 -1.635111999999999954e-01 -5.035962526092676098e-03 9.999868273337206848e-01 -9.920889452373941268e-04 1.313300000000000101e-03 5.965826933409591470e-01 3.800611805809887313e-03 8.025426127975689994e-01 3.533181000000000238e-01
7.907185176706297280e-01 4.562540771029441160e-03 -6.121628941993091377e-01 -1.816302999999999945e-01 -6.912988684933279483e-03 9.999750150932485981e-01 -1.476406684911368491e-03 1.435300000000000031e-03 6.121408632007863115e-01 5.399297266307959142e-03 7.907303024349238152e-01 3.768561999999999745e-01
7.694396458253396354e-01 3.854846890406923854e-03 -6.387078922227494848e-01 -2.001655999999999991e-01 -6.768587026129915460e-03 9.999748482247813319e-01 -2.118760839559195516e-03 1.886400000000000099e-03 6.386836600867801250e-01 5.953408542764713693e-03 7.694463849189735472e-01 3.994205000000000116e-01
7.237785156529826791e-01 4.029476762202830083e-03 -6.900205965014291065e-01 -2.208549999999999958e-01 -8.795086497305426576e-03 9.999555898059313552e-01 -3.385981301931542415e-03 2.309499999999999921e-03 6.899763088198537231e-01 8.519491351893121109e-03 7.237818121053023468e-01 4.208805999999999936e-01
6.947024012582811991e-01 4.784255483062192088e-03 -7.192813667720380222e-01 -2.428738000000000008e-01 -1.039568779349836838e-02 9.999402189990895806e-01 -3.389410472753942149e-03 2.415000000000000046e-03 7.192221516063576070e-01 9.832056118915025872e-03 6.947106068797253009e-01 4.423549999999999982e-01
6.173155233548911491e-01 4.514394306674048701e-03 -7.867027169580137480e-01 -2.651937999999999795e-01 -9.781145771310402470e-03 9.999502872748515792e-01 -1.937050939507078962e-03 2.621300000000000019e-03 7.866548632103390615e-01 8.890625567739176074e-03 6.173289908667315418e-01 4.608975000000000155e-01
5.174009734632413204e-01 5.828644803668655075e-03 -8.557232377112607979e-01 -2.883337999999999735e-01 -1.179157345172255310e-02 9.999304261877086653e-01 -3.187155471958986325e-04 2.813700000000000142e-03 8.556618441036288880e-01 1.025522714619519701e-02 5.174337047983607052e-01 4.750026999999999999e-01
4.994902031723395530e-01 6.560084426808785243e-03 -8.662946971020706322e-01 -3.101821000000000161e-01 -1.365661624625704416e-02 9.999066983736303316e-01 -3.022916613745684974e-04 2.943400000000000096e-03 8.662118873390953766e-01 1.198164595784774814e-02 4.995331884795878308e-01 4.877040000000000264e-01
4.663475811103074964e-01 7.089493674991742718e-03 -8.845731584623159893e-01 -3.319905000000000217e-01 -1.502394228957788444e-02 9.998871298795509732e-01 9.305543211859685498e-05 2.830800000000000070e-03 8.844739762992717136e-01 1.324637990796978526e-02 4.664014565464918993e-01 4.993079000000000267e-01
4.559931749791688027e-01 7.326709536207181780e-03 -8.899531132030435998e-01 -3.538036999999999987e-01 -1.562996996398170746e-02 9.998778196420105013e-01 2.232193185920956086e-04 2.912699999999999838e-03 8.898460138761887794e-01 1.380815394291408718e-02 4.560519778197947849e-01 5.106308999999999987e-01
4.352514734859671552e-01 6.769792087382193665e-03 -9.002834691048082760e-01 -3.648176000000000196e-01 -1.490561812533242568e-02 9.998888562664957069e-01 3.125098091873558873e-04 3.096300000000000181e-03 9.001855238652731739e-01 1.328326124009816811e-02 4.353040059478331392e-01 5.159715000000000273e-01
4.122575914451682699e-01 6.695813831389065343e-03 -9.110427236814768737e-01 -3.871346999999999983e-01 -1.498912256589209242e-02 9.998874965767184930e-01 5.660337864688107234e-04 2.973500000000000015e-03 9.109440183131634061e-01 1.342237932253960084e-02 4.123115754290539448e-01 5.262755000000000072e-01
3.549712816928725090e-01 6.771182420547282484e-03 -9.348526837218511520e-01 -4.094863000000000253e-01 -1.384819287298694884e-02 9.999021407307616682e-01 1.984065571641779185e-03 3.132600000000000141e-03 9.347746341912965828e-01 1.224173397308127124e-02 3.550303131027833237e-01 5.352715000000000112e-01
3.332980326532144488e-01 6.858704795655663940e-03 -9.427965738153818442e-01 -4.211238999999999955e-01 -1.567213869266566653e-02 9.998756817566354371e-01 1.733522570172136429e-03 3.315100000000000078e-03 9.426912567210403715e-01 1.419785900160635064e-02 3.333640882000876715e-01 5.391223000000000543e-01
3.202088892889733973e-01 6.547172819610895186e-03 -9.473243382012266345e-01 -4.327385000000000259e-01 -1.418782022843445394e-02 9.998971113256520660e-01 2.114833275268996823e-03 3.334399999999999951e-03 9.472407154348294611e-01 1.276327899431439934e-02 3.202688335318091273e-01 5.433308000000000026e-01
2.974110874748837618e-01 6.319518804693722777e-03 -9.547286047506297058e-01 -4.443000999999999756e-01 -1.329690081293816335e-02 9.999085257389488390e-01 2.476405324816682331e-03 3.210399999999999972e-03 9.546569213470238457e-01 1.195842115996164495e-02 2.974679120301600976e-01 5.468556999999999446e-01
2.832893221061357214e-01 6.690790415045665650e-03 -9.590111538998218332e-01 -4.561323999999999934e-01 -1.468844082902057147e-02 9.998886416183522252e-01 2.637056809943999491e-03 3.270200000000000017e-03 9.589220039641692672e-01 1.333932855238387227e-02 2.833560527447986921e-01 5.504356999999999722e-01
2.645285123425514251e-01 7.295115266431069501e-03 -9.643502721786757492e-01 -5.039631999999999445e-01 -1.584830767746434749e-02 9.998692340878595486e-01 3.216499388707274101e-03 3.479400000000000114e-03 9.642476327695065352e-01 1.443246402408867972e-02 2.646095362616327495e-01 5.640768000000000448e-01
2.315020642922631378e-01 6.977327585849166236e-03 -9.728093909539426987e-01 -5.286235999999999713e-01 -1.441715180884280828e-02 9.998890704301286458e-01 3.740664124727240136e-03 3.762199999999999833e-03 9.727275774656242158e-01 1.315916920375253402e-02 2.315769770588720355e-01 5.700534000000000434e-01
2.143216961885714977e-01 8.011512642405597615e-03 -9.767302730068493366e-01 -5.533426000000000178e-01 -1.626893004792689945e-02 9.998569260117103896e-01 4.631352017347560926e-03 3.635699999999999956e-03 9.766276324464454595e-01 1.489775726723668002e-02 2.144213710674781614e-01 5.754829999999999668e-01
1.996181174353638121e-01 8.034134904169057401e-03 -9.798408339459541150e-01 -5.772806000000000326e-01 -1.662981634651187687e-02 9.998501439320407469e-01 4.810289737502716594e-03 3.834999999999999867e-03 9.797326453680321734e-01 1.533435213561531660e-02 1.997218096371509155e-01 5.802749999999999853e-01
1.978145430743867006e-01 8.312486386045581793e-03 -9.802042180680275996e-01 -5.999092000000000313e-01 -1.643478587180260617e-02 9.998516126735000897e-01 5.162407146779882453e-03 3.842799999999999949e-03 9.801016806238113110e-01 1.508824722368152897e-02 1.979218038370139654e-01 5.849402999999999686e-01
1.830702081843886553e-01 8.111341516663908915e-03 -9.830663787426179301e-01 -6.235036999999999940e-01 -1.696795431495210643e-02 9.998430782433408437e-01 5.089932734962177192e-03 3.930300000000000286e-03 9.829534004222630905e-01 1.574881035763608939e-02 1.831791133580161768e-01 5.893794999999999451e-01
1.722469695720622584e-01 6.915740648965442230e-03 -9.850295193569160723e-01 -6.493862999999999719e-01 -1.572366521068862405e-02 9.998672562124693020e-01 4.270398867840597031e-03 4.281700000000000263e-03 9.849282957787246495e-01 1.475271112116417413e-02 1.723328456475788917e-01 5.939959000000000211e-01
1.642615659037003906e-01 7.378242481042568759e-03 -9.863892231288595713e-01 -6.775980999999999810e-01 -1.835986215607580269e-02 9.998216679530640416e-01 4.421284107901601867e-03 4.163599999999999940e-03 9.862459396258491662e-01 1.738372311801550038e-02 1.643677363173259298e-01 5.985500000000000265e-01
1.663891078104804133e-01 9.362016868354406524e-03 -9.860157288006052845e-01 -7.082420000000000382e-01 -1.964306331649438853e-02 9.997879684925881083e-01 6.178035367974321276e-03 3.106499999999999886e-03 9.858645012706239719e-01 1.834041159899080925e-02 1.665377267672496497e-01 6.023026000000000213e-01
1.678516684395966463e-01 1.046299148075931218e-02 -9.857567363256095616e-01 -7.426631000000000205e-01 -2.064790712842646744e-02 9.997616285168151595e-01 7.095778788935220606e-03 3.322199999999999979e-03 9.855960031033302871e-01 1.916277523427088736e-02 1.680276962648158401e-01 6.078905000000000003e-01
1.688631740073498477e-01 1.192218757033331952e-02 -9.855673949089940322e-01 -7.792105999999999755e-01 -2.242393872275164415e-02 9.997145008048743398e-01 8.251293996651150320e-03 3.296599999999999791e-03 9.853843896857314988e-01 2.070696317663895183e-02 1.690823061106027092e-01 6.142423000000000188e-01
1.712910184524123192e-01 1.360356054099226900e-02 -9.851265553918150397e-01 -8.179971000000000325e-01 -2.401498663089196225e-02 9.996652285645181157e-01 9.628666375360358382e-03 3.244599999999999828e-03 9.849277473067014066e-01 2.200849698769711746e-02 1.715603644368043357e-01 6.205724000000000240e-01
1.751104058208639846e-01 1.504025734866795347e-02 -9.844339167420728121e-01 -8.557168000000000552e-01 -2.700052173512038425e-02 9.995805997020210665e-01 1.046883591328197881e-02 3.536300000000000034e-03 9.841784988503272658e-01 2.474702726053717994e-02 1.754430592599279803e-01 6.263497000000000092e-01
1.789134129715937160e-01 1.520788817726401697e-02 -9.837472799434026083e-01 -8.942312000000000038e-01 -2.759423848891245923e-02 9.995647514764007813e-01 1.043386832091153932e-02 3.851300000000000209e-03 9.834777824948932601e-01 2.527899806378671593e-02 1.792551912660218516e-01 6.327194999999999903e-01
1.846684865310533608e-01 1.779122763908434074e-02 -9.826398232828873480e-01 -9.342618000000000311e-01 -3.079553297825300684e-02 9.994499210245507692e-01 1.230814821996045749e-02 3.353800000000000097e-03 9.823182708424572640e-01 2.798798997987289594e-02 1.851147946166675773e-01 6.389238999999999891e-01
1.910169598119733914e-01 1.875553326076305830e-02 -9.814075356528987326e-01 -9.755247000000000224e-01 -3.191169748607473877e-02 9.994075912218716162e-01 1.288837350691087943e-02 3.897100000000000130e-03 9.810678695318425513e-01 2.885648246409811338e-02 1.915023205918168214e-01 6.454459000000000168e-01
1.978073174563916292e-01 2.120618233974456285e-02 -9.800115116626333389e-01 -1.014013099999999890e+00 -3.505350248459951357e-02 9.992795464184006660e-01 1.454785459775723329e-02 4.174599999999999665e-03 9.796139633162996851e-01 3.147516386627425417e-02 1.984081574313987240e-01 6.514103999999999450e-01
2.024111132693655613e-01 2.219342212085324145e-02 -9.790491270817934799e-01 -1.049106400000000106e+00 -3.709836400108580678e-02 9.991993292132416160e-01 1.498038344805719367e-02 4.811499999999999805e-03 9.785976970203328351e-01 3.328892480050245350e-02 2.030723882563246763e-01 6.574826000000000281e-01
2.052215574279762922e-01 2.273511248695254255e-02 -9.784514433670385980e-01 -1.084216199999999963e+00 -3.663608461956898571e-02 9.992079430983472621e-01 1.553331107387921801e-02 5.005100000000000174e-03 9.780296057229471707e-01 3.265885958473952605e-02 2.058919357819549711e-01 6.641493000000000535e-01
2.066623044496282702e-01 2.398964125619482482e-02 -9.781181876603504133e-01 -1.121219299999999919e+00 -3.473752927472505136e-02 9.992489936994256583e-01 1.716836190709197102e-02 5.546500000000000215e-03 9.777954775818187283e-01 3.042935594264759014e-02 2.073404406223225971e-01 6.718488999999999711e-01
2.081079244564127406e-01 2.476598214831734687e-02 -9.777922774836550479e-01 -1.156171999999999978e+00 -3.598776114189055492e-02 9.991963796969678402e-01 1.764867837735086681e-02 6.096500000000000356e-03 9.774435906109558703e-01 3.151572510195770060e-02 2.088319569530956432e-01 6.792510000000000492e-01
1.900115221003121080e-01 2.481052266168765758e-02 -9.814683181001698786e-01 -1.204594699999999907e+00 -3.445127901180759789e-02 9.992334693407084467e-01 1.858986615826369038e-02 7.150000000000000105e-03 9.811772168388200877e-01 3.028055010374573058e-02 1.907206266816501294e-01 6.896155000000000479e-01
1.877859566957279236e-01 2.512075047824010449e-02 -9.818886812481747439e-01 -1.219813000000000036e+00 -3.331948871555325681e-02 9.992604496585725249e-01 1.919284814407708900e-02 7.317899999999999579e-03 9.816446638879080533e-01 2.911188148432670292e-02 1.884840900894242388e-01 6.927130000000000232e-01
1.878876521065534488e-01 2.522569970734540520e-02 -9.818665358693927647e-01 -1.249089799999999917e+00 -3.383352527158502848e-02 9.992430815326612814e-01 1.919782739812908937e-02 8.053499999999999895e-03 9.816076215849098840e-01 2.961297153927941114e-02 1.885989108214309873e-01 6.985074000000000005e-01
1.879959720200943540e-01 2.524177954121323980e-02 -9.818453885769454770e-01 -1.277124600000000054e+00 -3.520412915471098775e-02 9.992005140899971050e-01 1.894734632458671547e-02 8.557199999999999182e-03 9.815386817617931525e-01 3.100298707992812930e-02 1.887342867563905902e-01 7.039421000000000150e-01
1.883165662136492002e-01 2.545994465538517493e-02 -9.817783161730783137e-01 -1.291842600000000063e+00 -3.523155431282690153e-02 9.991956113572589837e-01 1.915379401309084267e-02 8.807199999999999404e-03 9.814762393813730723e-01 3.098259935089873324e-02 1.890620799294747689e-01 7.068484000000000433e-01
1.886630108038963027e-01 2.538149994436161849e-02 -9.817138319362640475e-01 -1.321926099999999993e+00 -3.608468226194969791e-02 9.991700331226172072e-01 1.889816435006959686e-02 9.592200000000000379e-03 9.813787057300881189e-01 3.185944711263018203e-02 1.894223101147657351e-01 7.128522000000000469e-01
1.877952802933230414e-01 2.543418317012976007e-02 -9.818788290955358100e-01 -1.351356999999999919e+00 -3.452494304430062805e-02 9.992178481974760551e-01 1.928004541990194914e-02 9.898799999999999266e-03 9.816012230062367561e-01 3.027860911722948106e-02 1.885265096016631725e-01 7.190227999999999620e-01
1.868519595884178264e-01 2.481540012988983981e-02 -9.820746107676143755e-01 -1.383183999999999969e+00 -3.428759202410809614e-02 9.992365685791062546e-01 1.872541180966071084e-02 1.077119999999999987e-02 9.817895427387461904e-01 3.017409370049952549e-02 1.875601712469811000e-01 7.258212000000000552e-01
1.858498440576511479e-01 2.650429285953804365e-02 -9.822206258900100240e-01 -1.415885400000000072e+00 -3.403578421482820332e-02 9.992098802185896966e-01 2.052268662805400642e-02 1.061510000000000058e-02 9.819884932404395750e-01 2.961651116467798814e-02 1.866050948120230313e-01 7.331010000000000026e-01
1.856475283245981600e-01 2.446228001668926400e-02 -9.823118609094327880e-01 -1.466426000000000007e+00 -3.465711244297890042e-02 9.992310834075683879e-01 1.833375327781921332e-02 1.289640000000000057e-02 9.820050304270759867e-01 3.064047663666991800e-02 1.863525728488755195e-01 7.440164999999999695e-01
1.848188059304932684e-01 2.428552858389246283e-02 -9.824725044884603520e-01 -1.484074099999999952e+00 -3.371483594025434516e-02 9.992628702789291273e-01 1.835826569798210822e-02 1.312370000000000030e-02 9.821941349916261110e-01 2.973094655938345043e-02 1.855013531075573319e-01 7.475252000000000008e-01
1.842254568970412842e-01 2.451725130758128021e-02 -9.825781828533528550e-01 -1.540721299999999960e+00 -3.211083748751094452e-02 9.993053341055206928e-01 1.891410436960808822e-02 1.413969999999999984e-02 9.823593411511526430e-01 2.806694882908845889e-02 1.848847512276182714e-01 7.585986000000000118e-01
1.845304141945707799e-01 2.537706981543835089e-02 -9.824991249689548622e-01 -1.559531000000000001e+00 -3.251924512902711756e-02 9.992768888254180970e-01 1.970274487555821741e-02 1.458719999999999982e-02 9.822886668049356507e-01 2.831437421126339199e-02 1.852222213440011256e-01 7.622567000000000093e-01
1.838934570198510754e-01 2.564144563891002093e-02 -9.826116795208751364e-01 -1.596782399999999935e+00 -3.261908169862839935e-02 9.992682992709481793e-01 1.997151925329974237e-02 1.571379999999999999e-02 9.824048004638549214e-01 2.837925893489008644e-02 1.845953024534483511e-01 7.699078000000000310e-01
1.829411811542456523e-01 2.546833982064895807e-02 -9.827939193466094236e-01 -1.632857100000000061e+00 -3.227964569667812755e-02 9.992810088123753598e-01 1.988692788286434629e-02 1.634590000000000001e-02 9.825937862166577164e-01 2.808610143293769137e-02 1.836317570430352486e-01 7.770527000000000406e-01
1.817014915057117985e-01 2.348462237005193715e-02 -9.830732630362479796e-01 -1.671394499999999894e+00 -3.203944196141009226e-02 9.993253900214812413e-01 1.795101716382430795e-02 1.777050000000000157e-02 9.828316448626395196e-01 2.823539216215238679e-02 1.823313480618412585e-01 7.852046000000000303e-01
1.803378270321482069e-01 2.392681294124743979e-02 -9.833136710957481874e-01 -1.710345599999999910e+00 -3.029418896015240864e-02 9.993649326490789964e-01 1.876148998742569601e-02 1.841169999999999959e-02 9.831381033489492438e-01 2.640528382305800531e-02 1.809481437585204189e-01 7.933727000000000418e-01
1.786754764691507735e-01 2.575396801067029659e-02 -9.835709467243466397e-01 -1.729612900000000009e+00 -3.046854693335224532e-02 9.993227750972528689e-01 2.063150066513368130e-02 1.843119999999999828e-02 9.834361909937482382e-01 2.628163434093609002e-02 1.793391589700288336e-01 7.972196000000000282e-01
1.789339791150850456e-01 2.571831182672161542e-02 -9.835248850714586322e-01 -1.749436299999999944e+00 -2.790161597462340048e-02 9.993888653207475548e-01 2.105696319304354788e-02 1.855489999999999917e-02 9.834653684518062100e-01 2.367412743253828264e-02 1.795422088152559548e-01 8.013341999999999965e-01
1.734935214408764304e-01 2.684500230197741852e-02 -9.844690669947182560e-01 -1.786143800000000059e+00 -2.468705843418986592e-02 9.994328531266669646e-01 2.290242862573751981e-02 1.923319999999999891e-02 9.845255441906579641e-01 2.033022239172344731e-02 1.740578492731426064e-01 8.114362999999999992e-01
1.680618559434011727e-01 2.358266019882283501e-02 -9.854943280987497056e-01 -1.822950099999999907e+00 -2.221881611713973428e-02 9.995504541942379362e-01 2.012992127271001283e-02 2.166140000000000079e-02 9.855260203501540195e-01 1.851344533142409640e-02 1.685102832314638865e-01 8.212190999999999796e-01
1.657744871177800894e-01 2.215861257059240433e-02 -9.859147099570956252e-01 -1.857355000000000089e+00 -2.136958508508139329e-02 9.995934945541383732e-01 1.887290328320622920e-02 2.341029999999999847e-02 9.859321276102778198e-01 1.793994241886450250e-02 1.661806192426764639e-01 8.287807000000000368e-01
1.617112268177354206e-01 2.016248452121073911e-02 -9.866321266505744259e-01 -1.907670500000000047e+00 -1.835447315376612445e-02 9.996797635557449491e-01 1.742078219763756181e-02 2.555719999999999867e-02 9.866674173379552659e-01 1.529197681994660940e-02 1.620295127703209603e-01 8.389531000000000072e-01
1.593730104021365002e-01 1.912979181048688956e-02 -9.870330767611831257e-01 -1.937514100000000017e+00 -1.594654468499774949e-02 9.997316799115812946e-01 1.680106823320670281e-02 2.636499999999999955e-02 9.870896368962495115e-01 1.306213024184516708e-02 1.596353015018144861e-01 8.448693999999999926e-01
1.559934980132052507e-01 1.844835134508334556e-02 -9.875857871143409739e-01 -1.977069100000000024e+00 -1.407857517594739843e-02 9.997655335842263735e-01 1.645209950317710543e-02 2.736339999999999953e-02 9.876577455265660443e-01 1.133738019542452312e-02 1.562166492781261740e-01 8.529757999999999507e-01
1.400304756950059015e-01 1.839031222735530713e-02 -9.899763948159626681e-01 -2.013549799999999834e+00 -1.154288927755016229e-02 9.997898788324993680e-01 1.693989053159882310e-02 2.768769999999999912e-02 9.900799096960591905e-01 9.055086983387829885e-03 1.402133296657871453e-01 8.592973000000000416e-01
1.382489073625498832e-01 1.824486055657246683e-02 -9.902294505195914365e-01 -2.037891600000000025e+00 -1.135593877943667784e-02 9.997937805844447912e-01 1.683564549106352642e-02 2.821550000000000100e-02 9.903324099854040607e-01 8.917475423812932026e-03 1.384275852731922107e-01 8.629997000000000362e-01
1.292528813693232526e-01 1.784964741336014793e-02 -9.914509986605219982e-01 -2.061774000000000218e+00 -1.091980275105052488e-02 9.998029705870495887e-01 1.657642643000484944e-02 2.861110000000000042e-02 9.915515370194358802e-01 8.683898463820227676e-03 1.294223293789146245e-01 8.665724000000000204e-01
1.191616755713970355e-01 1.946094752547399692e-02 -9.926841222646949348e-01 -2.082617500000000010e+00 -9.116919952285052267e-03 9.997871858364258957e-01 1.850580470727124227e-02 2.833750000000000158e-02 9.928330055178467006e-01 6.845038983876085108e-03 1.193137401798656239e-01 8.709177000000000168e-01
9.042756925012743197e-02 1.890072297922462327e-02 -9.957236651754219903e-01 -2.103748099999999788e+00 -7.063420979223049810e-03 9.998069170232644076e-01 1.833675970572736652e-02 2.893489999999999951e-02 9.958779859016784197e-01 5.375066817996336857e-03 9.054361298909163747e-02 8.736469000000000040e-01
4.455566976060474499e-02 1.704778841472876644e-02 -9.988614344354028729e-01 -2.136680099999999971e+00 -5.319016465575713594e-03 9.998442628908243979e-01 1.682730008477347286e-02 3.004100000000000173e-02 9.989927428945731824e-01 4.563208791050720609e-03 4.463940825667844781e-02 8.772296000000000538e-01
2.747953761379006918e-02 1.644329456596198974e-02 -9.994871150126692916e-01 -2.159332000000000029e+00 -5.833755595075684405e-03 9.998503086616736812e-01 1.628887856216236149e-02 3.053660000000000055e-02 9.996053432771300207e-01 5.383152698275817799e-03 2.757135032670376962e-02 8.793320999999999499e-01
1.168993642630159618e-02 1.631430352188831603e-02 -9.997985741572874563e-01 -2.181822299999999881e+00 -4.910096228834788003e-03 9.998557766136046965e-01 1.625782665145955250e-02 3.098050000000000109e-02 9.999196149398075217e-01 4.719054248578698728e-03 1.176835526428232637e-02 8.806988000000000039e-01
7.433584944390812105e-04 1.570762030224488737e-02 -9.998763513968059735e-01 -2.203386300000000020e+00 -5.218913243544097587e-03 9.998630716439802502e-01 1.570353167988601528e-02 3.175229999999999719e-02 9.999861050848181110e-01 5.206594578544406979e-03 8.252334152024642933e-04 8.820875000000000243e-01
-3.151735512394841093e-02 1.528529591344124361e-02 -9.993863197256752651e-01 -2.224138700000000135e+00 -4.362845220109868444e-03 9.998714273651417850e-01 1.543030525878821488e-02 3.220440000000000108e-02 9.994936827752222142e-01 4.846490238570511609e-03 -3.144661547434246529e-02 8.816945999999999950e-01
-6.283373870075946444e-02 1.536430854506167128e-02 -9.979057366824867215e-01 -2.244589099999999782e+00 -2.453942879477985853e-03 9.998760932291507197e-01 1.554915924269938653e-02 3.262229999999999991e-02 9.980209914852636865e-01 3.425815485794498835e-03 -6.278825003954446871e-02 8.809721000000000357e-01
-7.799617700457213421e-02 1.524209615182792188e-02 -9.968371355831252556e-01 -2.264207600000000209e+00 -2.568860131955758019e-03 9.998767294926936833e-01 1.548956993001923688e-02 3.307109999999999911e-02 9.969503484779439484e-01 3.768862413638946439e-03 -7.794740756313300878e-02 8.800411000000000206e-01
-1.062147324035950108e-01 1.545645648793647631e-02 -9.942230778719980400e-01 -2.283100600000000036e+00 -5.838927789802899129e-04 9.998780368000040886e-01 1.560674835422809145e-02 3.344020000000000326e-02 9.943430442707663630e-01 2.238186275999601293e-03 -1.061927532016124776e-01 8.789797000000000304e-01
-2.357683955901391792e-01 1.717075521884123615e-02 -9.716575676677802198e-01 -2.308948000000000000e+00 4.877676808568559390e-03 9.998522081274939799e-01 1.648545333090892240e-02 3.341920000000000307e-02 9.717970322602366151e-01 -8.526827012787559917e-04 -2.358173043319937712e-01 8.748329000000000244e-01
-3.752156649428067814e-01 1.898040508770056436e-02 -9.267431947439560558e-01 -2.325353400000000015e+00 9.774973636848038883e-03 9.998157636936364501e-01 1.651933897313943161e-02 3.330679999999999752e-02 9.268859987463001771e-01 -2.860575539528364443e-03 -3.753320695539569263e-01 8.690714000000000494e-01
-5.079108981827091807e-01 1.991733462743754818e-02 -8.611793188927449050e-01 -2.340089600000000214e+00 1.149795170302028019e-02 9.998003475586346722e-01 1.634203562192604320e-02 3.335180000000000089e-02 8.613328721312499825e-01 -1.601500225402393424e-03 -5.080385010834901349e-01 8.607342000000000048e-01
-5.375755823515840914e-01 1.891728425716166992e-02 -8.430033390299757068e-01 -2.361707000000000001e+00 1.145250562020999618e-02 9.998198978349633892e-01 1.513314271070464664e-02 3.384419999999999790e-02 8.431377902658457879e-01 -1.519292472579903373e-03 -5.376954141296059753e-01 8.484378000000000197e-01
-5.430737365898206104e-01 1.863449538309457781e-02 -8.394782142546567405e-01 -2.381957100000000160e+00 1.114938766288623220e-02 9.998256137097484286e-01 1.498109891388663996e-02 3.424370000000000192e-02 8.396109859816703880e-01 -1.223826679886514182e-03 -5.431867951884919998e-01 8.363715000000000455e-01
-5.571892070826025556e-01 1.893692333514282455e-02 -8.301696094445154550e-01 -2.401077700000000092e+00 1.173573090695121009e-02 9.998196666376653052e-01 1.493006445490097089e-02 3.450349999999999945e-02 8.303026316535073725e-01 -1.423776368251190687e-03 -5.573109659158994589e-01 8.244641000000000330e-01
-5.654680079684877292e-01 1.874415885717203162e-02 -8.245572075198224216e-01 -2.413103800000000021e+00 1.226831402630927138e-02 9.998222696634336826e-01 1.431494170480218479e-02 3.488229999999999803e-02 8.246789802311578210e-01 -2.021285184510323088e-03 -5.655974663761328403e-01 8.165833000000000119e-01
-5.764771553504519641e-01 1.807947618601116191e-02 -8.169132278889171817e-01 -2.430467399999999945e+00 1.215122265655022016e-02 9.998343190356370203e-01 1.355294309347252618e-02 3.541640000000000066e-02 8.170229110294285890e-01 -2.113532442007788441e-03 -5.766013318000703380e-01 8.048362999999999490e-01
-5.893752276473107621e-01 1.869495769835801888e-02 -8.076430768553259920e-01 -2.446616399999999913e+00 1.325665864643539235e-02 9.998214021014076858e-01 1.346940613045328333e-02 3.557939999999999714e-02 8.077506434768177979e-01 -2.768114273617858744e-03 -5.895177991427872355e-01 7.938131999999999966e-01
-6.149778221539440315e-01 1.850078303903834875e-02 -7.883273427236517916e-01 -2.468253100000000089e+00 1.348432130322847061e-02 9.998252832099123744e-01 1.294512005389814382e-02 3.590929999999999817e-02 7.884291035583242957e-01 -2.669097443138403192e-03 -6.151198457057419633e-01 7.770903000000000116e-01
-6.316080050887623587e-01 1.850127634429133555e-02 -7.750671136626987590e-01 -2.479271400000000014e+00 1.407190838152837936e-02 9.998241070680401466e-01 1.239904512847565636e-02 3.621110000000000301e-02 7.751601829959382517e-01 -3.075337254395096170e-03 -6.317572579705561520e-01 7.680981999999999532e-01
-6.784501927899682094e-01 1.971823774691826292e-02 -7.343817311204106080e-01 -2.489854100000000070e+00 1.591690152688469279e-02 9.997996151319025193e-01 1.214009175761015386e-02 3.621030000000000082e-02 7.344739533496327244e-01 -3.452634103948172550e-03 -6.786280948860766715e-01 7.584921999999999498e-01
-7.309967614614866216e-01 1.909671655736495596e-02 -6.821136636584450574e-01 -2.500083000000000055e+00 1.624835985790631585e-02 9.998120271233283951e-01 1.057833736789273900e-02 3.637979999999999686e-02 6.821874563012328974e-01 -3.350497913540669351e-03 -7.311696442201255364e-01 7.471714000000000411e-01
-7.502169432244858438e-01 2.040632533459160736e-02 -6.608767812423491650e-01 -2.511032300000000106e+00 1.787986837090532743e-02 9.997842266418260904e-01 1.057404677712047922e-02 3.636410000000000337e-02 6.609499590785584688e-01 -3.883560807356749040e-03 -7.504199288062037843e-01 7.349238000000000159e-01
-7.615909917586118905e-01 2.067251313902617946e-02 -6.477281902716995887e-01 -2.522378900000000090e+00 1.800553183269891847e-02 9.997802270276189285e-01 1.073771242045706842e-02 3.649879999999999791e-02 6.478078126231234801e-01 -3.484945497358885990e-03 -7.617958342360010571e-01 7.214928000000000452e-01
-7.695482097825300238e-01 2.201472637011403499e-02 -6.382091386397973354e-01 -2.533850900000000017e+00 1.942269834688684776e-02 9.997501182582485546e-01 1.106615703592685011e-02 3.668060000000000070e-02 6.382932802477468970e-01 -3.879802245857416360e-03 -7.697834991249838943e-01 7.078586999999999518e-01
-7.726838996347796806e-01 2.157703343275416824e-02 -6.344241663693392930e-01 -2.545332000000000150e+00 1.892474995807394422e-02 9.997609111754646172e-01 1.095327917242449461e-02 3.698320000000000080e-02 6.345088219120469386e-01 -3.542896251161878861e-03 -7.729074995120305269e-01 6.940754999999999564e-01
-7.797981673712027773e-01 2.239085708074605580e-02 -6.256304561669800979e-01 -2.556077199999999827e+00 1.991693392607263996e-02 9.997416167018583488e-01 1.095516213202262987e-02 3.712329999999999797e-02 6.257140991758922688e-01 -3.917825103810782666e-03 -7.800426377698579383e-01 6.809285000000000476e-01
-7.946816058002226235e-01 2.288856961029448953e-02 -6.065948060970964839e-01 -2.566113500000000158e+00 2.064269584129395027e-02 9.997298792005120394e-01 1.067931374824571296e-02 3.727389999999999870e-02 6.066753864392251394e-01 -4.035097882870744904e-03 -7.949394275502330576e-01 6.685084000000000026e-01
-8.045189393741819517e-01 2.336155843527809584e-02 -5.934673653839079854e-01 -2.575194100000000041e+00 2.119464931884440517e-02 9.997189461125265408e-01 1.062146995055125547e-02 3.742430000000000062e-02 5.935487031646966560e-01 -4.033158952278188825e-03 -8.047879662373023102e-01 6.563546999999999576e-01
-8.101166484331269180e-01 2.256755357639414483e-02 -5.858342098726002645e-01 -2.583724300000000085e+00 2.045412353515690951e-02 9.997384827215175518e-01 1.022716950511531019e-02 3.754129999999999967e-02 5.859118063001339527e-01 -3.697525017413707746e-03 -8.103663884607132939e-01 6.443400999999999712e-01
-8.156093862851810927e-01 2.282412016507538374e-02 -5.781525651090726470e-01 -2.592079599999999928e+00 2.083598683784771907e-02 9.997321579418612103e-01 1.007343185823855042e-02 3.775350000000000233e-02 5.782276287553227423e-01 -3.830393661196997406e-03 -8.158664948558661534e-01 6.326549000000000200e-01
-8.209638975174564646e-01 2.336208011034995174e-02 -5.705019651025449168e-01 -2.599772199999999867e+00 2.143219860737228394e-02 9.997193145105465195e-01 1.009718066676170561e-02 3.776240000000000152e-02 5.705777246228613819e-01 -3.937690627851313241e-03 -8.212341656048645078e-01 6.215081999999999551e-01
-8.257426485903252011e-01 2.267476584344429655e-02 -5.635911046964632298e-01 -2.607125799999999938e+00 2.100803824346638912e-02 9.997347187826413073e-01 9.442160227098133490e-03 3.806360000000000299e-02 5.636556933343226383e-01 -4.043149086802531531e-03 -8.259999469232828240e-01 6.105154000000000414e-01
-8.478351497328353581e-01 2.320876090828254482e-02 -5.297517459099142512e-01 -2.614355999999999902e+00 2.215131293268171944e-02 9.997197880168305906e-01 8.346543173175929864e-03 3.822509999999999797e-02 5.297970160475223844e-01 -4.658204019303818083e-03 -8.481116806897871507e-01 5.987854999999999706e-01
-8.764044747344387210e-01 2.245976564092020539e-02 -4.810517182100151889e-01 -2.621675699999999942e+00 2.202221469822242955e-02 9.997359897886142210e-01 6.555362779068769040e-03 3.829409999999999759e-02 4.810719475559121494e-01 -4.848674946286293981e-03 -8.766677087848208094e-01 5.846544999999999659e-01
-8.897275516130709327e-01 2.350590041771780797e-02 -4.558863416973164551e-01 -2.629907400000000006e+00 2.308557353460608669e-02 9.997124186677305291e-01 6.491244572086119977e-03 3.840419999999999945e-02 4.559078198443061725e-01 -4.748958524632135650e-03 -8.900143297710115808e-01 5.690644000000000258e-01
-9.092663775717201302e-01 2.297854151679198584e-02 -4.155798855182514795e-01 -2.637048699999999801e+00 2.275302286319745917e-02 9.997260139293971948e-01 5.495181837349148377e-03 3.852309999999999762e-02 4.155922936823886471e-01 -4.459114553337389930e-03 -9.095400825302926151e-01 5.526974000000000053e-01
-9.132899380361865216e-01 2.299811966882456954e-02 -4.066602704636350651e-01 -2.644637100000000185e+00 2.300734982482365021e-02 9.997234468927814754e-01 4.867400420560425919e-03 3.867790000000000117e-02 4.066597483596041673e-01 -4.910827273923310671e-03 -9.135664906505650551e-01 5.358863000000000376e-01
-9.252668324435209257e-01 2.227426892075325821e-02 -3.786623109367749929e-01 -2.652234800000000003e+00 2.273213371590927789e-02 9.997362707360362144e-01 3.261758961825301714e-03 3.882370000000000265e-02 3.786350999004912121e-01 -5.589804902587622998e-03 -9.255291541623611451e-01 5.172141000000000099e-01
-9.290885692980760391e-01 2.246388974222595855e-02 -3.691744899871922669e-01 -2.660127199999999803e+00 2.276354859655965387e-02 9.997345931224882465e-01 3.544597227487921755e-03 3.886339999999999933e-02 3.691561339798465902e-01 -5.110476676608895728e-03 -9.293533406477816339e-01 4.979259999999999797e-01
-9.408010667773318847e-01 2.205096333513503065e-02 -3.382411976188388625e-01 -2.667406300000000119e+00 2.256213390096760418e-02 9.997425118310743208e-01 2.420774985199159769e-03 3.908299999999999969e-02 3.382074849326499599e-01 -5.353975502996636063e-03 -9.410563384207366600e-01 4.779005000000000059e-01
-9.511536078315467879e-01 2.335690545852228683e-02 -3.078331841703115246e-01 -2.674370500000000206e+00 2.383876942418089451e-02 9.997134051281522105e-01 2.195604567270014254e-03 3.922939999999999761e-02 3.077962432866457321e-01 -5.250007093017172201e-03 -9.514378119688908786e-01 4.573618999999999879e-01
-9.578895574131298662e-01 2.263663478318935982e-02 -2.862432157529174459e-01 -2.680746300000000026e+00 2.325563656067005172e-02 9.997287854702811005e-01 1.237283425354960067e-03 3.917670000000000180e-02 2.861935903667948145e-01 -5.471587320799446881e-03 -9.581561931987679914e-01 4.356151999999999802e-01
-9.677163367256643722e-01 2.199351913356463462e-02 -2.510804188908061785e-01 -2.686675999999999842e+00 2.287979740567176040e-02 9.997380364965631205e-01 -6.109440826974408927e-04 3.937329999999999997e-02 2.510012081742568069e-01 -6.335889686405034305e-03 -9.679660376257762655e-01 4.131434999999999969e-01
-9.740512337194926484e-01 2.255559602141031170e-02 -2.252008862719107052e-01 -2.695247399999999960e+00 2.334166104186971916e-02 9.997272031917594504e-01 -8.282862966288774033e-04 3.942369999999999902e-02 2.251207696978259065e-01 -6.063356042791897410e-03 -9.743120007288001982e-01 3.779696000000000167e-01
-9.774617158515235271e-01 2.304457217340306202e-02 -2.098512371608512728e-01 -2.700453299999999945e+00 2.365877891655754350e-02 9.997200051002396171e-01 -4.166323972435298506e-04 3.924190000000000317e-02 2.097828787693897523e-01 -5.372066243243659583e-03 -9.777332379946511720e-01 3.549171999999999882e-01
-9.841505299812149943e-01 2.221752206543265232e-02 -1.759378187058294463e-01 -2.704596800000000023e+00 2.275874449260365320e-02 9.997404256013829871e-01 -1.058757519954510017e-03 3.927560000000000079e-02 1.758686267837833717e-01 -5.046100636896824754e-03 -9.844007126071924185e-01 3.328350999999999948e-01
