9.999999999995000666e-01 -5.999997599997960261e-07 -8.000001799997279780e-07 3.000000000000000076e-05 6.000002399997960732e-07 9.999999999996400657e-01 5.999997599997960261e-07 4.400000000000000224e-06 7.999998199997279427e-07 -6.000002399997960732e-07 9.999999999995000666e-01 5.660000000000000019e-05
9.988106774954531586e-01 -1.137389088996455756e-03 -4.874358283029852495e-02 -1.506200000000000074e-03 1.144332228510691564e-03 9.999993386923700101e-01 1.145363406237361016e-04 7.330000000000000632e-05 4.874342032341117542e-02 -1.701789727420348396e-04 9.988113185253221227e-01 4.383399999999999797e-02
9.967837007367965629e-01 -8.624543598212447600e-04 -8.013432546626765574e-02 -3.571299999999999909e-03 8.693514566313310325e-04 9.999996208042194468e-01 5.118068163484613628e-05 -2.057000000000000126e-04 8.013425093866753668e-02 -1.206809618164826631e-04 9.967840725365770815e-01 6.945360000000000422e-02
9.895869194062048013e-01 -1.686425705321953480e-03 -1.439266650363228150e-01 -6.264999999999999736e-03 1.654044110421831531e-03 9.999985726796650765e-01 -3.446399765145396316e-04 -7.590000000000000175e-05 1.439270408165825577e-01 1.029901600272645803e-04 9.895882963711771785e-01 8.718370000000000286e-02
9.845123097483848840e-01 -5.145364547905898530e-04 -1.753147090410184517e-01 -1.162999999999999971e-02 4.281920283859608819e-04 9.999997676966896343e-01 -5.303377730741697582e-04 -1.701999999999999900e-04 1.753149411929487977e-01 4.470557050458974458e-04 9.845123013633244602e-01 1.163777000000000006e-01
9.812020810209755028e-01 -1.337947566644940526e-03 -1.929784601877003736e-01 -1.367230000000000008e-02 1.279663629787619085e-03 9.999990902072941612e-01 -4.266679957724324327e-04 -2.993000000000000109e-04 1.929788554767116193e-01 1.717000085223412522e-04 9.812029004533188159e-01 1.261279999999999901e-01
9.709174375407801927e-01 -4.702330931742794038e-04 -2.394140939044385186e-01 -1.918160000000000004e-02 2.643668198641425417e-04 9.999995672335699748e-01 -8.919881485553804792e-04 -2.134000000000000100e-04 2.394144097364019896e-01 8.027537048759631703e-04 9.709171416743344052e-01 1.466880000000000128e-01
9.683881283822743935e-01 -8.725273498473898846e-04 -2.494467307949722601e-01 -2.199299999999999866e-02 6.131898541304602480e-04 9.999991877562666165e-01 -1.117356259069238840e-03 -2.300000000000000070e-04 2.494475031073239424e-01 9.290763319867907395e-04 9.683878768400040471e-01 1.577104000000000006e-01
9.630117546015590779e-01 -1.644083513713100663e-03 -2.694543699564482808e-01 -2.507550000000000057e-02 1.484974264408884777e-03 9.999985819510615048e-01 -7.943219122787040362e-04 -2.586999999999999998e-04 2.694552937885255628e-01 3.648085336441440592e-04 9.630128304254690352e-01 1.687605000000000077e-01
9.598369114675232572e-01 -6.539726121283060030e-04 -2.805577938755374201e-01 -2.863660000000000164e-02 4.250273789137041461e-04 9.999995252170567062e-01 -8.768793465660644796e-04 -3.195000000000000140e-04 2.805582341265590585e-01 7.224164199729003451e-04 9.598367337095945473e-01 1.802819999999999978e-01
9.570639929802613466e-01 -1.220797925745375134e-03 -2.898741502671509096e-01 -3.221940000000000220e-02 8.561422099820730196e-04 9.999986746943900773e-01 -1.384785174534193010e-03 -1.866000000000000091e-04 2.898754566381820386e-01 1.077154532933168821e-03 9.570637697546164890e-01 1.921790999999999916e-01
9.383114387270093948e-01 -2.410891373869333137e-03 -3.457829254848092670e-01 -4.038359999999999866e-02 2.251497377573502719e-03 9.999970933205309942e-01 -8.626181357034544417e-04 -4.186999999999999858e-04 3.457840000833013461e-01 3.087511404517698016e-05 9.383141394720206918e-01 2.154214999999999880e-01
9.258043507854931686e-01 -1.553922109954768713e-03 -3.779998536940560316e-01 -5.060760000000000258e-02 1.277647189318166640e-03 9.999987019760961937e-01 -9.816637828316307057e-04 -3.618000000000000122e-04 3.780008884702669714e-01 4.258781505191800505e-04 9.258051344335317401e-01 2.406761000000000039e-01
9.008502126792011788e-01 -2.439601462103706871e-03 -4.341231883469759412e-01 -6.223929999999999740e-02 2.293720601018706551e-03 9.999969997184167125e-01 -8.598836951774237441e-04 -2.271999999999999931e-04 4.341239836286890919e-01 -2.211308908114232620e-04 9.008531056390307601e-01 2.661530999999999758e-01
8.884907303251754485e-01 -1.054121912617703291e-03 -4.588933546623111814e-01 -7.497990000000000210e-02 3.797520227820723091e-04 9.999987082335197730e-01 -1.561832159024525079e-03 -7.339999999999999520e-05 4.588944082407603320e-01 1.213407715942782386e-03 8.884899829075605382e-01 2.909478999999999815e-01
8.734831277329337951e-01 -1.430756244624136527e-03 -4.868523169324140420e-01 -8.828030000000000599e-02 1.016365884444449513e-03 9.999988615759248800e-01 -1.115278997894903141e-03 -1.361000000000000014e-04 4.868533583804061093e-01 4.793573016832496417e-04 8.734835875105479985e-01 3.148349999999999760e-01
8.413455003762887463e-01 -2.052041691135685249e-03 -5.404937910110255705e-01 -1.037664999999999976e-01 8.587472673848479694e-04 9.999966058492375520e-01 -2.459846160924757368e-03 2.210000000000000050e-04 5.404970042004887398e-01 1.605432933042737643e-03 8.413444069080119325e-01 3.389432000000000000e-01
8.194605095997889999e-01 -1.611049282152880518e-03 -5.731333856325807607e-01 -1.194318999999999936e-01 7.791672772111859612e-04 9.999982567139850120e-01 -1.696899332627103789e-03 3.180000000000000047e-05 5.731351202856166394e-01 9.439752122919815207e-04 8.194603363226253823e-01 3.633429000000000242e-01
7.782583992047913402e-01 -1.307835907571764083e-03 -6.279427948726178377e-01 -1.387349999999999972e-01 2.517805460652616442e-04 9.999984006545321602e-01 -1.770676405936350180e-03 -2.124999999999999882e-04 6.279441063293390579e-01 1.219940005402942503e-03 7.782574837883866614e-01 3.876563000000000092e-01
7.687130143000355798e-01 -8.659789888268093830e-04 -6.395932705447612276e-01 -1.593276999999999888e-01 -6.212333561845384674e-05 9.999989775981187323e-01 -1.428615906561433611e-03 -1.589999999999999888e-04 6.395938537747564157e-01 1.137929307215174287e-03 7.687121745689001751e-01 4.125461999999999740e-01
7.414149723208768306e-01 5.484501115769284917e-04 -6.710465989936230669e-01 -1.804661999999999933e-01 -1.147210056354484951e-03 9.999992406116599009e-01 -4.502057197533819661e-04 -4.232999999999999892e-04 6.710458424932829180e-01 1.103620667897613986e-03 7.414150384864750531e-01 4.364248000000000016e-01
7.327683784969217795e-01 1.256668575524653390e-03 -6.804769829017607297e-01 -2.022183999999999926e-01 -1.535351843414047273e-03 9.999988026432865551e-01 1.934081437436759271e-04 -4.947999999999999924e-04 6.804764111780134961e-01 9.030482182198944566e-04 7.327694305401983854e-01 4.601755000000000151e-01
6.844107129837219139e-01 -8.227847940129279052e-04 -7.290962206583546656e-01 -2.248302000000000078e-01 1.144067131998047823e-03 9.999993440671134382e-01 -5.455034833863690435e-05 -7.228999999999999532e-04 7.290957873033632186e-01 -7.968001793192627412e-04 6.844112053772668514e-01 4.820649000000000184e-01
6.533111509615472379e-01 1.031034526453056396e-03 -7.570888171126978206e-01 -2.504760999999999793e-01 -1.104144903657600400e-03 9.999993067727406260e-01 4.090453152590219294e-04 -9.453999999999999947e-04 7.570887140179348718e-01 5.687018933238453594e-04 6.533118364799663791e-01 5.038559000000000232e-01
5.975026725794457816e-01 4.056374123307436921e-04 -8.018668166963324184e-01 -2.755333999999999839e-01 1.789877963626986034e-04 9.999997796696321606e-01 6.392370889646590637e-04 -4.666000000000000117e-04 8.018668993192002992e-01 -5.254702435651372383e-04 5.975024683273155723e-01 5.239606999999999459e-01
4.860799936225678741e-01 8.762727379206405962e-05 -8.739143162354907624e-01 -3.027106999999999992e-01 1.345109046931360422e-03 9.999987354207341417e-01 8.484330170129474741e-04 -6.779999999999999460e-05 8.739132854474385148e-01 -1.587916368510021957e-03 4.860792610676476500e-01 5.405919999999999614e-01
4.337132607258282202e-01 1.148236236688740400e-03 -9.010502144853606010e-01 -3.292798000000000114e-01 -1.164199590064799198e-03 9.999990674556812342e-01 7.139517367878462240e-04 -1.297000000000000084e-04 9.010501940013576627e-01 7.393519545685310612e-04 4.337141930451470229e-01 5.534092000000000455e-01
4.025734157172203842e-01 1.551614423391985522e-03 -9.153863869702515421e-01 -3.549614999999999854e-01 -1.538497320899327508e-03 9.999982979153841933e-01 1.018426398006951625e-03 -1.362000000000000038e-04 9.153864091102531519e-01 9.983281102392031151e-04 4.025751176578362678e-01 5.650538999999999978e-01
3.874009903577079750e-01 2.188470688828952730e-03 -9.219087174259233963e-01 -3.810548000000000268e-01 -3.257275765765127104e-03 9.999941899739410722e-01 1.005073602968834141e-03 -6.629999999999999880e-05 9.219055606863714170e-01 2.613544414346554660e-03 3.874058680003975574e-01 5.758491000000000026e-01
3.572975282418338616e-01 2.075755737385548763e-03 -9.339883123200175552e-01 -4.070964000000000249e-01 -2.660772449472687852e-03 9.999957346347884135e-01 1.204575527635930654e-03 2.769999999999999906e-05 9.339868289233247411e-01 2.054738510945673755e-03 3.573015273510645740e-01 5.863768000000000313e-01
3.340232988391766966e-01 1.392037620560014882e-03 -9.425637899176146917e-01 -4.342574000000000156e-01 -3.400400792860042414e-03 9.999941816747203172e-01 2.718292743330058721e-04 2.159999999999999919e-04 9.425586841714643782e-01 3.114297347623252478e-03 3.340260888688016960e-01 5.960225000000000106e-01
3.119228450742398961e-01 1.508720646844874391e-03 -9.501062374717901271e-01 -4.475500000000000034e-01 -2.405433314212373358e-03 9.999967883521281298e-01 7.982330485252251513e-04 2.856000000000000032e-04 9.501043903757959708e-01 2.036430072127344126e-03 3.119254724148040614e-01 6.002922000000000535e-01
2.748103765413349442e-01 1.574515820537765844e-03 -9.614971543614369009e-01 -4.606668999999999903e-01 -1.489972880570437095e-03 9.999981558716842800e-01 1.211707079212699135e-03 9.959999999999999507e-05 9.614972890892751201e-01 1.099615006047945098e-03 2.748122157416107436e-01 6.040771000000000335e-01
2.520958527524987391e-01 2.312229775734063637e-03 -9.676995063646848250e-01 -4.743395999999999724e-01 -2.656389960348695851e-03 9.999950312351031378e-01 1.697379593259429591e-03 8.430000000000000264e-05 9.676986228249832012e-01 2.142684897334112132e-03 2.521007423314371998e-01 6.076190000000000202e-01
2.382930348748343863e-01 1.883100587927303161e-03 -9.711914762096692799e-01 -4.880476999999999732e-01 -8.885296913071871576e-04 9.999981244307667438e-01 1.720944489594098195e-03 2.584999999999999950e-04 9.711928953843970147e-01 4.528433772802486828e-04 2.382942611305337577e-01 6.113366999999999551e-01
1.978695226205376689e-01 2.534208549689643663e-03 -9.802250913973521440e-01 -5.300776000000000376e-01 -2.600831182589362096e-03 9.999944953809617454e-01 2.060311853925782515e-03 2.380999999999999870e-04 9.802249168915674327e-01 2.141727060677011112e-03 1.978750244728155749e-01 6.199388999999999594e-01
1.883474989860676185e-01 2.835431583586211710e-03 -9.820983555395192965e-01 -5.587803000000000075e-01 -2.009059408082117248e-03 9.999948523201654949e-01 2.501802043559843251e-03 3.606999999999999855e-04 9.821003937001491213e-01 1.501885782995917998e-03 1.883522259839441881e-01 6.257323999999999664e-01
1.724064613335792862e-01 2.506722151403328099e-03 -9.850227045274076998e-01 -5.878940999999999750e-01 -2.853057631437479116e-03 9.999938380658586201e-01 2.045456541934521748e-03 5.117999999999999720e-04 9.850217622735980560e-01 2.457676620084554668e-03 1.724125507990829087e-01 6.311075999999999908e-01
1.344016095305414493e-01 2.528084885863234217e-03 -9.909237186294460598e-01 -6.173176000000000219e-01 -3.690938610993254633e-03 9.999910859535868779e-01 2.050606138696303964e-03 3.982999999999999778e-04 9.909200695958123584e-01 3.381833848084446741e-03 1.344097424744732372e-01 6.347519000000000355e-01
1.216335983987056751e-01 3.541057082918428432e-03 -9.925687526087640933e-01 -6.474412000000000500e-01 -2.908570974988190089e-03 9.999906144611756531e-01 3.211106420514279677e-03 3.172000000000000123e-04 9.925708075273349529e-01 2.496378235749744864e-03 1.216427562176977117e-01 6.389021000000000283e-01
1.141813008944839725e-01 4.080975313268651178e-03 -9.934515469646900687e-01 -6.757102999999999859e-01 -3.270916799796623042e-03 9.999876869907493582e-01 3.731885606490719948e-03 4.082000000000000016e-04 9.934545443196343140e-01 2.823385801412237658e-03 1.141932435097815501e-01 6.422759000000000107e-01
9.804775704562294913e-02 2.722521580131694301e-03 -9.951779867011567582e-01 -7.188563999999999510e-01 -2.282524989651308570e-03 9.999942429231590824e-01 2.510816641968390255e-03 6.472999999999999587e-04 9.951790931375084082e-01 2.025338683698445306e-03 9.805340680069307702e-02 6.473440999999999779e-01
8.711345643145212980e-02 2.172241401553763000e-03 -9.961960284381077280e-01 -7.507631000000000165e-01 -1.835520130200740587e-03 9.999962751878065381e-01 2.020018901928629165e-03 5.504999999999999911e-04 9.961967057636846867e-01 1.652567035220306240e-03 8.711711914300757087e-02 6.502653000000000461e-01
7.779090671550553671e-02 2.227776333481466288e-03 -9.969672070058209767e-01 -7.863347000000000531e-01 -2.237282964604864893e-03 9.999953755269146427e-01 2.059973233183801360e-03 5.791999999999999840e-04 9.969671857174214891e-01 2.070250562884775724e-03 7.779553113959103428e-02 6.533265999999999796e-01
7.704559063193483492e-02 2.334045362495099345e-03 -9.970248388061464517e-01 -8.268765999999999616e-01 -2.523982993570425288e-03 9.999945121776704360e-01 2.145955356284006809e-03 6.457999999999999765e-04 9.970243760681203327e-01 2.351137339419342564e-03 7.705105891022334674e-02 6.564229000000000314e-01
7.707485338982127121e-02 2.448146996225153155e-03 -9.970223034372012183e-01 -8.706528000000000045e-01 -2.836167703728502670e-03 9.999934777766114058e-01 2.236192521695343736e-03 1.020599999999999979e-03 9.970212751630198600e-01 2.655368246144505784e-03 7.708129404585450928e-02 6.595780999999999450e-01
7.661329361649450720e-02 2.614293918939288985e-03 -9.970574550689333959e-01 -9.178747999999999907e-01 -2.768671267126708666e-03 9.999932649675965513e-01 2.409248609151640706e-03 1.159300000000000044e-03 9.970570383386535562e-01 2.575943856435769334e-03 7.662001574393662029e-02 6.635438999999999643e-01
7.779723865535487226e-02 3.969322003256354342e-03 -9.969613002220479858e-01 -9.679073999999999733e-01 -3.554292966041495191e-03 9.999868235655702264e-01 3.704010900716607838e-03 7.353000000000000378e-04 9.969628662388151374e-01 3.255330716769721557e-03 7.781032169841706203e-02 6.670447000000000459e-01
7.820740316511477774e-02 4.820617050530408981e-03 -9.969254554586424177e-01 -1.017118799999999990e+00 -4.872483897278548706e-03 9.999782139891408850e-01 4.453139090427385254e-03 8.704000000000000148e-04 9.969252033080717723e-01 4.509234784313929760e-03 7.822918771673381677e-02 6.710483000000000420e-01
7.963631284917069286e-02 5.445760764559815642e-03 -9.968091097925841915e-01 -1.067872799999999955e+00 -5.410214859364216936e-03 9.999727098635917688e-01 5.030815365368815177e-03 8.053000000000000045e-04 9.968093033529354940e-01 4.992315871426531403e-03 7.966360229913893587e-02 6.746016000000000234e-01
8.001040980481387288e-02 6.986550454142852890e-03 -9.967695432925395282e-01 -1.120459600000000000e+00 -6.417122094448980685e-03 9.999583246800853864e-01 6.493800660774699807e-03 4.157000000000000213e-04 9.967733718688972511e-01 5.876820207277018079e-03 8.005190889267199683e-02 6.788549000000000389e-01
8.052804800595080026e-02 6.788868193282406559e-03 -9.967292233866756890e-01 -1.175514699999999912e+00 -5.907978693606979505e-03 9.999624901280024236e-01 6.333571248567187312e-03 1.022499999999999971e-03 9.967348339814893210e-01 5.378624885510182793e-03 8.056513589781755247e-02 6.833835000000000326e-01
8.067735488795906018e-02 8.334039391806642369e-03 -9.967054269921971077e-01 -1.225832299999999986e+00 -6.355737999066976909e-03 9.999490156322795587e-01 7.846701888193197139e-03 8.327000000000000200e-04 9.967200053188305375e-01 5.701747403276803509e-03 8.072621057487894269e-02 6.875210999999999961e-01
8.067174045417971340e-02 8.602282824269370798e-03 -9.967036023925591737e-01 -1.273057099999999942e+00 -6.661403351213557138e-03 9.999450784366772371e-01 8.091094836900753623e-03 1.165199999999999916e-03 9.967184637586913309e-01 5.986722014471809045e-03 8.072461311171164056e-02 6.914386000000000143e-01
7.976844684840714295e-02 7.606679021675485930e-03 -9.967843966082405860e-01 -1.320370100000000102e+00 -4.875551374700679008e-03 9.999618994893698654e-01 7.240757446836025221e-03 1.501399999999999957e-03 9.968014967315135255e-01 4.282289559623345815e-03 7.980249438421105346e-02 6.955073999999999979e-01
8.014917121748005302e-02 7.519016149189408985e-03 -9.967545208070537344e-01 -1.368867199999999951e+00 -4.025915226682415596e-03 9.999658347119952939e-01 7.219516280899526336e-03 1.943099999999999905e-03 9.967747500612856859e-01 3.434210956076450688e-03 8.017670381956676362e-02 6.992266999999999788e-01
8.013332906343061113e-02 8.751633509138784933e-03 -9.967457341188543651e-01 -1.414289399999999919e+00 -4.125702321951851652e-03 9.999558028385576725e-01 8.448132920720254069e-03 1.766500000000000058e-03 9.967756157498852687e-01 3.435299174342081301e-03 8.016589403243856715e-02 7.029501000000000221e-01
6.205804136475650407e-02 8.297516856966192025e-03 -9.980380507355309794e-01 -1.475859199999999927e+00 -2.717732537367609225e-03 9.999631395766124253e-01 8.144533009306526711e-03 2.741200000000000060e-03 9.980688420303608366e-01 2.206966717626729618e-03 6.207830431061878151e-02 7.073937000000000141e-01
5.993667685217477642e-02 8.783127282498488092e-03 -9.981635394278117746e-01 -1.495152800000000060e+00 -1.711790669599795676e-03 9.999607225729936211e-01 8.696153402508795260e-03 2.736699999999999897e-03 9.982007135544538334e-01 1.187428497184128857e-03 5.994935756905683810e-02 7.086126999999999843e-01
5.973869936099296396e-02 8.394984169283093919e-03 -9.981787475394645615e-01 -1.532058099999999978e+00 -2.686260975097695940e-03 9.999623664906658327e-01 8.249218409096530091e-03 3.105000000000000121e-03 9.982104346282052454e-01 2.188571037182973546e-03 5.975900230245345668e-02 7.109075999999999729e-01
5.968902786484899664e-02 8.531692176434690217e-03 -9.981805599094563108e-01 -1.549803400000000053e+00 -2.371096480375436098e-03 9.999618651099601019e-01 8.405131009729685521e-03 3.189200000000000108e-03 9.982142043940417375e-01 1.865088313333033553e-03 5.970698109562599942e-02 7.119862000000000135e-01
5.991706726793624010e-02 7.589626009121723700e-03 -9.981745050977064437e-01 -1.586103599999999947e+00 -3.252337375620980610e-03 9.999672711579024043e-01 7.408030413893984534e-03 3.439000000000000216e-03 9.981980601822488808e-01 2.802532793689042814e-03 5.993979027603912879e-02 7.139961000000000224e-01
5.899629191044103438e-02 7.706642130116842307e-03 -9.982284534152974231e-01 -1.604929400000000062e+00 -2.668681271566776883e-03 9.999678439914054806e-01 7.562349069619604680e-03 3.691600000000000176e-03 9.982546346905127876e-01 2.217803025134540678e-03 5.901496139669060170e-02 7.152538999999999980e-01
5.965775737579925159e-02 8.417150915466105679e-03 -9.981834017631010525e-01 -1.641755099999999912e+00 -3.700785831492319281e-03 9.999594414612710258e-01 8.210944932978270563e-03 3.874499999999999906e-03 9.982120296656014080e-01 3.204216429838023864e-03 5.968648781718577379e-02 7.174848000000000336e-01
5.947731200082967407e-02 7.116982946490010495e-03 -9.982042866622520272e-01 -1.660819299999999998e+00 -3.363480473997572384e-03 9.999703364037867415e-01 6.929163845557886198e-03 4.275199999999999834e-03 9.982239910742765066e-01 2.945312587302043646e-03 5.949948552303696570e-02 7.186331000000000246e-01
5.850633415518546182e-02 6.679068308613721194e-03 -9.982646938113411972e-01 -1.700052899999999978e+00 -2.282520075621030393e-03 9.999758993185343670e-01 6.556743413678929946e-03 4.476299999999999897e-03 9.982844278890793399e-01 1.894948183277555490e-03 5.852016922016312073e-02 7.214403000000000343e-01
5.860314037553217281e-02 7.076747588067774583e-03 -9.982562755032898805e-01 -1.740245299999999995e+00 -2.027839351188508426e-03 9.999736539944821256e-01 6.969876935030710693e-03 4.751400000000000241e-03 9.982792994977364165e-01 1.615846681612661054e-03 5.861594692410998508e-02 7.236008999999999913e-01
5.955272492968824438e-02 6.509314545733833543e-03 -9.982039379693878889e-01 -1.780672400000000044e+00 -1.911682394982058830e-03 9.999776487486673471e-01 6.406830223087391085e-03 5.251099999999999865e-03 9.982233309354522355e-01 1.526704696871106649e-03 5.956383759378625076e-02 7.255439000000000194e-01
5.864907800805060217e-02 6.734961930369114461e-03 -9.982559420993204480e-01 -1.822460299999999922e+00 -8.047194211127650654e-04 9.999772356672718132e-01 6.699296522380234972e-03 5.052300000000000020e-03 9.982783369759451464e-01 4.104083795084035625e-04 5.865316265559039621e-02 7.282387999999999639e-01
5.779701689855284291e-02 6.225779482241426341e-03 -9.983089424158569924e-01 -1.867640399999999978e+00 -3.828953328041807651e-04 9.999806193804247068e-01 6.214036909000370673e-03 5.426699999999999580e-03 9.983282817935154041e-01 2.309503850998371674e-05 5.779828057846259082e-02 7.311820999999999460e-01
5.762480748342301007e-02 7.506211552285927541e-03 -9.983100912795735971e-01 -1.913877599999999957e+00 9.033152395848589172e-05 9.999716908398589288e-01 7.523919130970041676e-03 5.738100000000000318e-03 9.983383060880285376e-01 -5.237432633714107430e-04 5.762249812599118393e-02 7.338966000000000101e-01
5.725380778882611238e-02 7.953314648257516634e-03 -9.983279753066053308e-01 -1.936146399999999934e+00 -4.445443543020133510e-04 9.999683718340750538e-01 7.940888604321273692e-03 5.929099999999999648e-03 9.983595564094117636e-01 -1.084504465997948586e-05 5.725553255701842925e-02 7.350670000000000259e-01
5.752250877014946501e-02 8.042976623680820822e-03 -9.983118107644619599e-01 -1.979196900000000037e+00 -1.503046001217565181e-04 9.999676057948440056e-01 8.047656146645388794e-03 6.431899999999999944e-03 9.983441983571172962e-01 -3.128705137607767917e-04 5.752185427058453815e-02 7.375138999999999445e-01
5.660590107186840719e-02 6.099875943868694403e-03 -9.983779662418992285e-01 -2.022963499999999915e+00 -1.934073952348236425e-04 9.999813840118246810e-01 6.098706696912167477e-03 7.067499999999999998e-03 9.983965818037543460e-01 -1.521291060410634964e-04 5.660602705820094727e-02 7.399831000000000047e-01
5.619940608592084025e-02 5.262476559528602577e-03 -9.984056956448363884e-01 -2.069499299999999931e+00 -6.711974158188234972e-04 9.999860823724450176e-01 5.233025457481952150e-03 7.681000000000000327e-03 9.984193388800211011e-01 3.760344001126204698e-04 5.620215608418566156e-02 7.425964999999999927e-01
5.516666719085141363e-02 6.799593153541724083e-03 -9.984540071350309631e-01 -2.116336800000000018e+00 3.139158648245662410e-04 9.999766443952032846e-01 6.827307004888469311e-03 7.764899999999999927e-03 9.984771105478000841e-01 -6.900703264857981252e-04 5.516324423980933922e-02 7.455327999999999955e-01
5.559238340348276325e-02 7.236088694897483201e-03 -9.984273263126968168e-01 -2.139189200000000124e+00 7.787553565902025771e-04 9.999731195991321542e-01 7.290652870225997062e-03 7.772300000000000215e-03 9.984532439967408468e-01 -1.182835398155354309e-03 5.558525391509971936e-02 7.468059000000000225e-01
5.583145958595475689e-02 7.687399617138403890e-03 -9.984106129281824504e-01 -2.181953700000000218e+00 1.505738717031648421e-03 9.999685736923208390e-01 7.783596768956565354e-03 8.238999999999999796e-03 9.984390721878919628e-01 -1.937915083820630682e-03 5.581812979409084274e-02 7.492457000000000145e-01
5.614890495264015374e-02 7.578930156070546459e-03 -9.983936399488474445e-01 -2.202410700000000165e+00 2.538982420344604567e-03 9.999668714620816301e-01 7.733663207417308151e-03 8.346900000000000847e-03 9.984191775205885078e-01 -2.969140620782988703e-03 5.612780205108203191e-02 7.504863999999999979e-01
5.551002438105587938e-02 7.283492991147753198e-03 -9.984315639657345143e-01 -2.241605799999999871e+00 2.924163854944521884e-03 9.999679186356422722e-01 7.457275994023971830e-03 8.611799999999999317e-03 9.984538479363801455e-01 -3.333531063228864239e-03 5.548694541679577430e-02 7.527665000000000051e-01
5.455319333228859230e-02 8.067002175434101474e-03 -9.984782784683660095e-01 -2.279791100000000181e+00 3.195564163533078702e-03 9.999608326752222887e-01 8.253574083554751292e-03 8.733599999999999350e-03 9.985057523454369255e-01 -3.640960227402241945e-03 5.452527800658868440e-02 7.547631000000000201e-01
5.540543459536900056e-02 8.470596313804177463e-03 -9.984280078279990089e-01 -2.332729599999999959e+00 3.068651579866247831e-03 9.999578461276409369e-01 8.653863024705020501e-03 8.948799999999999810e-03 9.984592236014346867e-01 -3.543298725416676228e-03 5.537710573299026162e-02 7.576220999999999650e-01
5.455712414411784811e-02 9.376319277645758093e-03 -9.984666268042849957e-01 -2.364413299999999829e+00 3.698029912216755505e-03 9.999471549136498272e-01 9.592286216823861164e-03 8.946900000000000686e-03 9.985038030873452097e-01 -4.215687002229580316e-03 5.451956715902617212e-02 7.594893999999999812e-01
5.508467443235504080e-02 9.728496831171891401e-03 -9.984342917749208235e-01 -2.393644999999999801e+00 3.484886845464857386e-03 9.999445693890758324e-01 9.935477490792619937e-03 8.888899999999999926e-03 9.984756052134454718e-01 -4.026723072377746439e-03 5.504771834456556601e-02 7.607869999999999910e-01
4.660142037387294406e-02 9.773689021806449342e-03 -9.988657480472753480e-01 -2.421272300000000044e+00 4.064211737757473034e-03 9.999420007368198249e-01 9.973833034319626659e-03 8.971399999999999167e-03 9.989052957123054632e-01 -4.524396683628783764e-03 4.655899518418449290e-02 7.621094999999999953e-01
3.962577730829004719e-02 8.933247461775850259e-03 -9.991746568355808211e-01 -2.449225399999999997e+00 3.990885072464084651e-03 9.999506442327529276e-01 9.098457827612585133e-03 9.287899999999999975e-03 9.992066205790735012e-01 -4.348124686475388773e-03 3.958816998370440210e-02 7.631329999999999503e-01
3.961917336914677623e-02 9.447644584786044075e-03 -9.991701872620825098e-01 -2.476255200000000212e+00 4.130120589316434339e-03 9.999452094650107536e-01 9.618740660471249496e-03 9.462800000000000378e-03 9.992063166360906079e-01 -4.507779916462355610e-03 3.957798270202184110e-02 7.640080999999999678e-01
2.610901050540802293e-02 1.008923006088283808e-02 -9.996081867447902392e-01 -2.500667599999999879e+00 3.772094250074868073e-03 9.999409545172207592e-01 1.019111299898396023e-02 9.245200000000000293e-03 9.996519848804369390e-01 -4.036696169900060374e-03 2.606941135957752120e-02 7.648530999999999525e-01
1.795312658936793968e-02 1.005891605000797800e-02 -9.997882293033685253e-01 -2.525085199999999919e+00 3.628245129439479529e-03 9.999421521874958252e-01 1.012561681675151239e-02 9.459099999999999800e-03 9.998322464708501167e-01 -3.809263253947440132e-03 1.791559182710122933e-02 7.652086999999999639e-01
-1.448692138186137394e-02 9.638575729069884246e-03 -9.998486020227217441e-01 -2.548722000000000154e+00 4.275683791889858115e-03 9.999449929802155523e-01 9.577554067110289823e-03 9.665999999999999245e-03 9.998859173110639098e-01 -4.136287189211532503e-03 -1.452733600151201454e-02 7.649595999999999618e-01
-4.609889171024904309e-02 9.495541380857255159e-03 -9.988917493287100546e-01 -2.572849999999999859e+00 5.555826813229871285e-03 9.999417915754057473e-01 9.249121546892006412e-03 1.007459999999999953e-02 9.989214308300266021e-01 -5.123295311829433735e-03 -4.614896394979695060e-02 7.642318999999999640e-01
-6.052813464113027120e-02 9.189706021770844419e-03 -9.981241877742962343e-01 -2.597632200000000058e+00 4.378225561411146216e-03 9.999504434549312260e-01 8.941016453393369270e-03 1.030599999999999919e-02 9.981568895007429942e-01 -3.828829784656606356e-03 -6.056536968170433965e-02 7.626945000000000530e-01
-7.435588460953615475e-02 9.561479507240290901e-03 -9.971859307739786571e-01 -2.622644399999999987e+00 4.523227301620455498e-03 9.999469812982483274e-01 9.250676045487498528e-03 1.049620000000000067e-02 9.972215114199610708e-01 -3.822656426270197756e-03 -7.439519110221759490e-02 7.609548999999999896e-01
-8.309040359853067659e-02 9.503001444846597562e-03 -9.964967023494722964e-01 -2.646641699999999986e+00 4.547888064125527735e-03 9.999477344362466269e-01 9.156697547353842906e-03 1.085490000000000066e-02 9.965316359975681104e-01 -3.771121763716308185e-03 -8.312927941858849756e-02 7.592231000000000396e-01
-1.140678667295801363e-01 9.147363719830995527e-03 -9.934308468719600382e-01 -2.670088499999999865e+00 4.701817494019308596e-03 9.999513822270940100e-01 8.667531042746211972e-03 1.116009999999999919e-02 9.934618335356500962e-01 -3.682243759062525917e-03 -1.141053302387017299e-01 7.561953999999999620e-01
-1.448627417979130583e-01 9.250024055696033642e-03 -9.894085218420953787e-01 -2.693561100000000152e+00 5.804922246395893826e-03 9.999470366782555741e-01 8.498630247800908338e-03 1.133310000000000047e-02 9.894347320144489810e-01 -4.512304659991740047e-03 -1.449087650563309904e-01 7.530160999999999660e-01
-1.581077585478248282e-01 9.414338000749394864e-03 -9.873769831867618141e-01 -2.715662200000000137e+00 4.917468710998889464e-03 9.999496548604506208e-01 8.746784891713769300e-03 1.160510000000000014e-02 9.874096187441459005e-01 -3.472460867052534934e-03 -1.581460933032103888e-01 7.492332999999999910e-01
-1.849118487973107350e-01 9.871074181352268787e-03 -9.827055357882474862e-01 -2.737419399999999836e+00 6.944027153066046135e-03 9.999377160230001893e-01 8.737537502254408284e-03 1.182339999999999954e-02 9.827305778601058694e-01 -5.208259710504208224e-03 -1.849688767591185501e-01 7.453186000000000533e-01
-2.562460894397303179e-01 1.055946699440795528e-02 -9.665538988093941297e-01 -2.757639399999999963e+00 8.476432655065650051e-03 9.999264285274317432e-01 8.676844001087308592e-03 1.176789999999999954e-02 9.665744108635870857e-01 -5.969521686791764287e-03 -2.563167436484418138e-01 7.399147000000000363e-01
-3.736973938965884590e-01 1.139868384426446189e-02 -9.274806347312682941e-01 -2.777274100000000079e+00 1.070841125068147832e-02 9.999108666602253281e-01 7.974250013850417776e-03 1.162419999999999946e-02 9.274888612395213450e-01 -6.951887615289778673e-03 -3.737861467941262505e-01 7.325496999999999703e-01
-5.200464048482444923e-01 1.276023757192887298e-02 -8.540426881260235747e-01 -2.794907600000000159e+00 1.358743882110735601e-02 9.998854693132090965e-01 6.665565436354137750e-03 1.192499999999999984e-02 8.540299282289228744e-01 -8.137849434069725427e-03 -5.201602225236854338e-01 7.214745000000000186e-01
-5.856405800400631412e-01 1.092140059069171033e-02 -8.104972757631428992e-01 -2.810399499999999939e+00 1.042658268455113647e-02 9.999279985712380414e-01 5.940037612706094636e-03 1.193029999999999959e-02 8.105037923315724369e-01 -4.971989788382865511e-03 -5.857122859678491889e-01 7.094139000000000417e-01
-5.989731018174607735e-01 9.424767891370562992e-03 -8.007136798190495064e-01 -2.832871400000000150e+00 9.198740153090400121e-03 9.999457403651764720e-01 4.888712011866355039e-03 1.238799999999999971e-02 8.007163083631838596e-01 -4.437350080040392344e-03 -5.990272977465229687e-01 6.924361999999999462e-01
-5.993911374253497737e-01 9.444424992783116007e-03 -8.004005667242506394e-01 -2.847091199999999933e+00 8.438207723476191802e-03 9.999493820844016501e-01 5.479956152981197391e-03 1.244199999999999993e-02 8.004118071507699828e-01 -3.469309092430848847e-03 -5.994404915152631297e-01 6.816518000000000299e-01
-6.066807834235603547e-01 9.653199076323101813e-03 -7.948869370999672723e-01 -2.860809600000000064e+00 8.800388053713980446e-03 9.999465503207695116e-01 5.426755172009930725e-03 1.242380000000000047e-02 7.948968361961686879e-01 -3.703005426105005979e-03 -6.067333084281224531e-01 6.709395999999999693e-01
-6.142613167655860407e-01 9.334051012622001861e-03 -7.890474701924482526e-01 -2.873889199999999811e+00 8.588038950182891665e-03 9.999498949313905261e-01 5.143268774934814554e-03 1.253750000000000003e-02 7.890559424479349770e-01 -3.617059357385239184e-03 -6.143107003538247346e-01 6.606047999999999920e-01
-6.216184951066074937e-01 9.068817863818117581e-03 -7.832676446042881047e-01 -2.886616699999999813e+00 8.881101184770548440e-03 9.999503041813138093e-01 4.529371859749943031e-03 1.263049999999999937e-02 7.832697955258727252e-01 -4.140737887251604889e-03 -6.216681443556575370e-01 6.503811000000000453e-01
-6.290838984704825165e-01 8.810862114533449599e-03 -7.772874741007845811e-01 -2.898655399999999993e+00 8.732316848206229595e-03 9.999527663632291619e-01 4.267515083478033884e-03 1.282789999999999972e-02 7.772883604735386642e-01 -4.102895480493996654e-03 -6.291311237898137287e-01 6.405741999999999825e-01
-6.517962470849482104e-01 9.626979753061029252e-03 -7.583330228513140980e-01 -2.921437500000000131e+00 9.645170609356918875e-03 9.999437858406718949e-01 4.404071132570587174e-03 1.271779999999999959e-02 7.583327917015680875e-01 -4.443694348005617148e-03 -6.518524607690362460e-01 6.213186000000000542e-01
-6.617534210641898840e-01 9.058682213452139836e-03 -7.496668259876493323e-01 -2.932992500000000113e+00 9.650172453639915826e-03 9.999470829467792532e-01 3.564474413159828166e-03 1.282739999999999922e-02 7.496594452692875166e-01 -4.875611016349395109e-03 -6.618058208687509492e-01 6.106321999999999584e-01
-6.687317961008678591e-01 9.650547935087669393e-03 -7.434410883239239709e-01 -2.944814399999999832e+00 9.877624139093991312e-03 9.999428294430163788e-01 4.095166280095203018e-03 1.289670000000000052e-02 7.434381059813082171e-01 -4.604863738202924842e-03 -6.687888888168511681e-01 5.999917999999999640e-01
-6.981086795545645707e-01 1.020185403121603995e-02 -7.159191251146378443e-01 -2.956368700000000072e+00 1.088883345872253966e-02 9.999341219436823636e-01 3.631126357641319916e-03 1.289369999999999926e-02 7.159090059752643009e-01 -5.260603296458880862e-03 -6.981737758011732353e-01 5.884888999999999815e-01
-7.540249660979517765e-01 1.048702031260966526e-02 -6.567620367423394612e-01 -2.967142799999999969e+00 1.134778938778547262e-02 9.999312945875641345e-01 2.938329533653180614e-03 1.281539999999999936e-02 6.567477279572375704e-01 -5.237223443847641852e-03 -7.540921649994820619e-01 5.752836999999999534e-01
-7.782372602286826702e-01 9.648662677930424161e-03 -6.278962255821259886e-01 -2.978389299999999906e+00 1.016646199932462642e-02 9.999444970441139224e-01 2.765118733511075667e-03 1.274660000000000029e-02 6.278880551835405166e-01 -4.231564689525383130e-03 -7.782921585228187444e-01 5.608708999999999500e-01
-7.951660885704130433e-01 9.316125565638178410e-03 -6.063201311123319615e-01 -2.990180699999999803e+00 9.856390772385372270e-03 9.999484526538859885e-01 2.437949146564219113e-03 1.281529999999999996e-02 6.063115891590497020e-01 -4.037553658400031692e-03 -7.952169232428869527e-01 5.451040000000000330e-01
-8.029532406106005826e-01 1.022903656304546133e-02 -5.959542433810891549e-01 -3.002648100000000042e+00 1.054023703081121560e-02 9.999400637325616126e-01 2.961814621985909939e-03 1.276389999999999990e-02 5.959488206182379511e-01 -3.903300335942987143e-03 -8.030129310604020576e-01 5.283457000000000292e-01
-8.099729305243418276e-01 1.100888624212360486e-02 -5.863639281551329407e-01 -3.014736200000000199e+00 1.151998154646375824e-02 9.999295515768161779e-01 2.860403565322158087e-03 1.285500000000000011e-02 5.863541095984396989e-01 -4.438052173572866639e-03 -8.100426913749212421e-01 5.117686999999999653e-01
-8.141135096272735794e-01 1.138735892289018808e-02 -5.805941108029986086e-01 -3.026036700000000135e+00 1.145222184852294836e-02 9.999281070997372289e-01 3.553483736936782506e-03 1.272910000000000014e-02 5.805928350032365515e-01 -3.756153444380810284e-03 -8.141853912065770693e-01 4.957045999999999952e-01
-8.204382845962008286e-01 1.113791298728008909e-02 -5.716265984566604175e-01 -3.036683299999999974e+00 1.135181065258719819e-02 9.999304766718259962e-01 3.190331920443435255e-03 1.292629999999999994e-02 5.716223907123934023e-01 -3.871526461561386467e-03 -8.205076804753910213e-01 4.802139999999999742e-01
-8.345012314215244364e-01 1.162624451013831613e-02 -5.508834043557218063e-01 -3.046503299999999914e+00 1.180409443464668258e-02 9.999251388386082295e-01 3.221812093829159833e-03 1.294359999999999955e-02 5.508796221594489673e-01 -3.814073567785399715e-03 -8.345759969782753362e-01 4.654187000000000185e-01
-8.404044317355972016e-01 1.121523022646675125e-02 -5.418437133806530692e-01 -3.055721300000000085e+00 1.175126641636446354e-02 9.999278996741083336e-01 2.470463709068999262e-03 1.308989999999999980e-02 5.418323530915993835e-01 -4.291161182424733239e-03 -8.404756314605004164e-01 4.511258000000000212e-01
-8.454095277897124561e-01 1.137128664696495338e-02 -5.339975881615636188e-01 -3.064176799999999812e+00 1.198990048461035483e-02 9.999254480280862500e-01 2.310989441788943808e-03 1.299879999999999959e-02 5.339840565117496274e-01 -4.448845448369289496e-03 -8.454828414376202028e-01 4.372319000000000067e-01
-8.503728342523038108e-01 1.152697421552308261e-02 -5.260543428498029028e-01 -3.072360799999999781e+00 1.213184909546457906e-02 9.999237630681887534e-01 2.299193136192186591e-03 1.301929999999999928e-02 5.260407408207353752e-01 -4.426840519750402034e-03 -8.504478479482349140e-01 4.236579999999999790e-01
-8.552596753156612719e-01 1.175002940623404851e-02 -5.180664287404678214e-01 -3.080483000000000082e+00 1.248091023236214819e-02 9.999199586981876164e-01 2.074385881792858120e-03 1.310979999999999958e-02 5.180493361241970129e-01 -4.691801995768668694e-03 -8.553378702801082145e-01 4.105161999999999978e-01
-8.658916268199909894e-01 1.213759071312368876e-02 -5.000843623776991542e-01 -3.087771899999999903e+00 1.305863628179427041e-02 9.999133576564231962e-01 1.658070781863949222e-03 1.304860000000000048e-02 5.000611588810803809e-01 -5.094710191812507408e-03 -8.659751043226198153e-01 3.975666999999999951e-01
-8.946594161761026731e-01 1.257146030744370202e-02 -4.465719286219999029e-01 -3.094644999999999868e+00 1.401189929097716377e-02 9.999018255619933626e-01 7.691587851279884855e-05 1.312430000000000020e-02 4.465290536187916937e-01 -6.188507375063974011e-03 -8.947477335264807374e-01 3.826586000000000154e-01
-9.077603561220075612e-01 1.088669910310840691e-02 -4.193478456316237502e-01 -3.102617299999999911e+00 1.200481399858312898e-02 9.999279392428026547e-01 -2.761342719475538138e-05 1.310949999999999963e-02 4.193173264892653407e-01 -5.059259262018254294e-03 -9.078256350211830750e-01 3.649392000000000191e-01
-9.264594221102184779e-01 1.183888166448645793e-02 -3.762084263598221012e-01 -3.110124599999999795e+00 1.273681705503821107e-02 9.999188784136744390e-01 1.004153672387519611e-04 1.312699999999999978e-02 3.761790965411367926e-01 -4.698667138005870741e-03 -9.265350559221273707e-01 3.464239000000000068e-01
-9.331950107522329896e-01 1.063745512431259546e-02 -3.592129124288512276e-01 -3.117431600000000191e+00 1.175096769585927750e-02 9.999305349557954248e-01 -9.165267195944465026e-04 1.313830000000000033e-02 3.591782101761605839e-01 -5.076397491833607549e-03 -9.332551867110915333e-01 3.272005000000000052e-01
-9.426394499810395455e-01 1.195613386230030654e-02 -3.335984385492681281e-01 -3.124524599999999985e+00 1.325827015982652089e-02 9.999107819005859099e-01 -1.626810169610496456e-03 1.323090000000000030e-02 3.335492251704568756e-01 -5.956433666687683051e-03 -9.427138671336929843e-01 3.067798999999999943e-01
-9.494917330317127480e-01 1.181617940396006115e-02 -3.135694927902403228e-01 -3.136123399999999783e+00 1.301022495775570366e-02 9.999138917876072563e-01 -1.715533943085075733e-03 1.321420000000000060e-02 3.135222208249101583e-01 -5.708494937784957049e-03 -9.495637051480864121e-01 2.731130999999999975e-01
