9.999999995018999943e-01 3.199974879200999115e-06 3.140000255215974110e-05 2.300000000000000002e-06 -3.200025119200986543e-06 9.999999999936000084e-01 1.599949759600508987e-06 1.300000000000000047e-06 -3.139999743215973608e-05 -1.600050239600483842e-06 9.999999995057400337e-01 1.320000000000000067e-05
9.999994518738142268e-01 4.330495941973556734e-04 -9.532681260108772509e-04 5.194999999999999965e-04 -4.333502334476127386e-04 9.999998564303141935e-01 -3.151934741571468844e-04 2.536999999999999867e-04 9.531314947443946146e-04 3.156064003562950590e-04 9.999994959663499605e-01 1.397639999999999993e-02
9.999989810250202726e-01 -9.747900371523185036e-05 -1.424235501901676727e-03 8.330000000000000544e-05 9.852094859850752274e-05 9.999997275786772777e-01 7.315300361927976579e-04 -1.203999999999999992e-04 1.424163805090441787e-03 -7.316696078146689344e-04 9.999987182076991443e-01 2.581539999999999876e-02
9.987122391876358529e-01 4.176298152199867808e-05 -5.073323913049439249e-02 -1.200300000000000065e-03 4.456207878052731306e-05 9.999985532986758185e-01 1.700416059839969735e-03 -5.942000000000000233e-04 5.073323674909464842e-02 -1.700487109272317632e-03 9.987107924882716592e-01 9.751300000000000245e-02
9.986285902314447904e-01 1.610469656490071567e-04 -5.235372800700895113e-02 -1.858899999999999919e-03 -7.767106474516641767e-05 9.999987256398917834e-01 1.594580132245051237e-03 -4.375000000000000091e-04 5.235391809179824885e-02 -1.588326939677263232e-03 9.986273301276957781e-01 1.085967999999999933e-01
9.982583564284558397e-01 2.628196408912141955e-04 -5.899309066826526060e-02 -2.549500000000000117e-03 -1.597960717663839863e-04 9.999984540952990830e-01 1.751077447573564771e-03 -4.288000000000000145e-04 5.899345968811502139e-02 -1.738600830643575491e-03 9.982568552137162099e-01 1.188517000000000046e-01
9.971185424647139861e-01 -4.069166395936040501e-04 -7.585806939207458133e-02 -3.392500000000000116e-03 5.356033443219588045e-04 9.999984519451489140e-01 1.676077672212620195e-03 -4.644000000000000124e-04 7.585726993572818044e-02 -1.711877961234500737e-03 9.971172168164302851e-01 1.289307000000000092e-01
9.957144306578534776e-01 -3.220997803192738847e-04 -9.248064030616470754e-02 -6.072900000000000000e-03 4.666535758729945058e-04 9.999987030814271316e-01 1.541450584260727020e-03 -4.007999999999999844e-04 9.248002386541009923e-02 -1.578001012392281311e-03 9.957132896063294325e-01 1.575546999999999920e-01
9.941874800543866186e-01 -1.742161702241094802e-04 -1.076625475819455308e-01 -7.323299999999999602e-03 3.150711728325396137e-04 9.999991166470216797e-01 1.291292117350376035e-03 -2.078000000000000094e-04 1.076622275139461488e-01 -1.317707821299446197e-03 9.941866567264081578e-01 1.666024999999999867e-01
9.903020798363688648e-01 -2.360712002237691206e-04 -1.389306839476097677e-01 -1.115840000000000061e-02 3.820247035983543975e-04 9.999994028599367146e-01 1.023883243242122362e-03 -1.492999999999999969e-04 1.389303592771862217e-01 -1.067028658648082936e-03 9.903015786723524672e-01 1.940584999999999949e-01
9.748419735858828705e-01 6.101243762166879314e-05 -2.228971126162549443e-01 -1.792590000000000156e-02 -1.848280790492887684e-05 9.999999812259205978e-01 1.928899797584520651e-04 -1.560999999999999996e-04 2.228971202002547058e-01 -1.839174840376208786e-04 9.748419564118033787e-01 2.225579000000000029e-01
9.725936778113662973e-01 1.032238494704875473e-04 -2.325113485965730198e-01 -2.280940000000000051e-02 -3.223836604554242033e-05 9.999999517092624801e-01 3.090989490219138436e-04 -1.079999999999999993e-05 2.325113692748119187e-01 -2.931318976710521520e-04 9.725936341718686151e-01 2.430877999999999928e-01
9.600671550469012105e-01 -9.281786831659460035e-04 -2.797681116290443581e-01 -2.886580000000000049e-02 1.157878596289113561e-03 9.999991146414760612e-01 6.557693347024942925e-04 -3.545999999999999998e-04 2.797672552628444054e-01 -9.535201079143168241e-04 9.600673797614927008e-01 2.634466999999999781e-01
9.520490883662408033e-01 1.229402259522094560e-04 -3.059452863286353241e-01 -3.619950000000000251e-02 9.290686616548306861e-05 9.999997569799881081e-01 6.909473777086308889e-04 -5.902000000000000345e-04 3.059452969230350150e-01 -6.862402388274415092e-04 9.520488455772689873e-01 2.856959000000000026e-01
9.417296890705670886e-01 5.726371774024322349e-04 -3.363701306741073704e-01 -4.472489999999999799e-02 -2.503059745373553647e-04 9.999994670482702519e-01 1.001623729091780535e-03 -6.886000000000000410e-04 3.363705249720494450e-01 -8.590633495996644010e-04 9.417293305086070765e-01 3.094952000000000258e-01
9.309478812845755069e-01 2.251117611019191260e-04 -3.651520117108144059e-01 -5.449729999999999852e-02 9.069410760965290101e-05 9.999996365807419796e-01 8.477104238475814896e-04 -5.293000000000000179e-04 3.651520698371277240e-01 -8.222913588677374522e-04 9.309475225438770263e-01 3.339939000000000102e-01
9.077347447611353592e-01 -2.352551419237499568e-04 -4.195444884734568225e-01 -6.595940000000000136e-02 4.484077794788589050e-04 9.999998156427768459e-01 4.094445938890036948e-04 -5.284999999999999984e-04 4.195443148034538883e-01 -5.597940963966380277e-04 9.077346829039143472e-01 3.593689999999999940e-01
8.922040627304781424e-01 6.373934475321573704e-04 -4.516320451172857742e-01 -7.900649999999999340e-02 6.709335681809910478e-06 9.999989852852264605e-01 1.424564320155939862e-03 -7.165000000000000145e-04 4.516324948475405887e-01 -1.274032225059365487e-03 8.922031531213481248e-01 3.851257000000000152e-01
8.629208102493455268e-01 6.556043253428108040e-04 -5.053387432421755365e-01 -9.374780000000000613e-02 -9.912094972782309115e-05 9.999993587875566359e-01 1.128095524700635120e-03 -4.633999999999999881e-04 5.053391587969907617e-01 -9.233674480489037755e-04 8.629203219179077955e-01 4.110248000000000235e-01
8.557883079358090672e-01 9.845692645618902162e-04 -5.173252387267879282e-01 -1.088533000000000001e-01 -3.682505111909385709e-04 9.999990949647824534e-01 1.294009728330653862e-03 -4.667000000000000141e-04 5.173260445714344957e-01 -9.168931122474522234e-04 8.557878959853865153e-01 4.365652999999999895e-01
8.221924728624573353e-01 -2.329668448814239696e-05 -5.692095721485908033e-01 -1.253739000000000103e-01 5.982824946558384276e-04 9.999994821515100218e-01 8.232586278522485961e-04 -1.461000000000000005e-04 5.692092582050769511e-01 -1.017425169846235137e-03 8.221920610293254050e-01 4.614536000000000193e-01
8.006078426290559324e-01 6.220617528747410989e-04 -5.991883638389720046e-01 -1.439188000000000134e-01 -6.220617528747410989e-04 9.999997850943358468e-01 2.070035213040032844e-04 3.770000000000000158e-05 5.991883638389720046e-01 2.070035213040032844e-04 8.006080575347200856e-01 4.864045000000000174e-01
7.374461688295625983e-01 1.412260027498678716e-03 -6.754044370599108227e-01 -1.871084000000000080e-01 -5.409500777882483933e-04 9.999987281748051737e-01 1.500340556495203615e-03 -2.781999999999999859e-04 6.754056969345265671e-01 -7.410603125609148498e-04 7.374459948891168848e-01 5.362246999999999986e-01
7.127244160307911747e-01 1.549569058491401165e-03 -7.014424464126053360e-01 -2.104099000000000108e-01 1.340807714839526397e-04 9.999972406761262755e-01 2.345349116950442431e-03 -6.053999999999999703e-04 7.014441451861398447e-01 -1.765637524133428955e-03 7.127222416258798265e-01 5.606311999999999962e-01
6.987025908756870907e-01 2.354116111767919420e-03 -7.154083782294797800e-01 -2.353420999999999985e-01 -9.046688873753730171e-04 9.999966938701069230e-01 2.407036156778284350e-03 -5.865999999999999470e-04 7.154116794390530387e-01 -1.034594697520559983e-03 6.987024105697685616e-01 5.852186000000000332e-01
6.731093895921791415e-01 2.349117884079617632e-03 -7.395392019954120100e-01 -2.595867000000000036e-01 2.282687340095174502e-04 9.999942474995561215e-01 3.384207615008351724e-03 -8.974000000000000206e-04 7.395428976984560476e-01 -2.446755599381377107e-03 6.731049812999513327e-01 6.080984999999999863e-01
6.194382108586923286e-01 2.967927993000340787e-03 -7.850398042975978985e-01 -2.858685000000000254e-01 -3.668890470201438721e-04 9.999938388225314556e-01 3.491090002310905886e-03 -9.602000000000000292e-04 7.850453288317875700e-01 -1.874492039306510042e-03 6.194354832902173591e-01 6.295948000000000100e-01
4.986400275164490914e-01 1.681568563743512847e-03 -8.668075307042274469e-01 -3.443004000000000064e-01 2.459250744840863531e-03 9.999913491710545888e-01 3.354648838244827288e-03 1.212000000000000051e-04 8.668056731725796160e-01 -3.804459254528466065e-03 4.986315784681227825e-01 6.688442999999999472e-01
3.892456669593203356e-01 2.331247022902756347e-03 -9.211310308749304232e-01 -3.738688000000000011e-01 1.778177385080961185e-03 9.999930324489875177e-01 3.282245978811812893e-03 4.063000000000000097e-04 9.211322645736500503e-01 -2.915534392945265309e-03 3.892388094995442582e-01 6.819690000000000474e-01
3.694078404559421047e-01 3.256547925621592655e-03 -9.292616651435081643e-01 -4.017317000000000249e-01 3.375758096627807289e-04 9.999933232241686731e-01 3.638619196345124242e-03 4.248000000000000257e-04 9.292673100094772654e-01 -1.657830718562790977e-03 3.694042746707982827e-01 6.933329000000000297e-01
3.336701431259059825e-01 3.051745194240913957e-03 -9.426849539679769130e-01 -4.298256999999999772e-01 3.145073618889256215e-04 9.999943439840092152e-01 3.348594497758533919e-03 5.035000000000000413e-04 9.426898411839690350e-01 -1.413807363302562944e-03 3.336672960859106141e-01 7.034139999999999837e-01
3.233170241429405567e-01 3.490580319205272095e-03 -9.462842689955213160e-01 -4.576605999999999730e-01 -9.321643082000649443e-04 9.999938863666939515e-01 3.370207551186461988e-03 5.754000000000000000e-04 9.462902477406471835e-01 -2.075530552248592685e-04 3.233183012956017954e-01 7.130106999999999973e-01
2.871407493389765420e-01 2.635353428437783082e-03 -9.578847764639325524e-01 -4.859608999999999734e-01 -1.952269991247041446e-04 9.999963556484285920e-01 2.692689414049400081e-03 1.038300000000000030e-03 9.578883817833211411e-01 -5.861758856709822774e-04 2.871402173892769749e-01 7.219191000000000358e-01
2.544897623983765067e-01 2.578802715162189715e-03 -9.670720296911572422e-01 -5.151993999999999740e-01 7.420271020499578148e-04 9.999956295522527405e-01 2.861865156432442416e-03 1.378700000000000064e-03 9.670751833390194285e-01 -1.445909039341985178e-03 2.544867366226623018e-01 7.295382999999999729e-01
1.938528849216372418e-01 3.279227512084508488e-03 -9.810251299913180789e-01 -5.436431999999999931e-01 1.239851172503328826e-03 9.999927958234841041e-01 3.587627377746243924e-03 1.086200000000000056e-03 9.810298271595153663e-01 -1.911797074874924205e-03 1.938474226171603698e-01 7.356253000000000375e-01
1.563171585028186594e-01 3.131846879966406795e-03 -9.877019477011903525e-01 -5.730604999999999727e-01 2.371178339920434509e-03 9.999909013587650053e-01 3.546084173435931977e-03 1.229999999999999974e-03 9.877040667481757907e-01 -2.896331266489610146e-03 1.563083100615888510e-01 7.409175999999999540e-01
1.393207181026489827e-01 3.897516802339298474e-03 -9.902396411324573267e-01 -6.027200000000000335e-01 7.136521385006082841e-04 9.999915994303979483e-01 4.036306388238080495e-03 1.255700000000000002e-03 9.902470541273967752e-01 -1.269027742013892216e-03 1.393167662580586663e-01 7.449402999999999997e-01
1.301368710317929167e-01 4.075017724692962112e-03 -9.914876645872089389e-01 -6.333800000000000541e-01 1.107275542081075136e-03 9.999903331421898800e-01 4.255298232327535055e-03 1.496600000000000057e-03 9.914954204326554832e-01 -1.651621238534725644e-03 1.301311008497046950e-01 7.492231000000000307e-01
1.229618340477965921e-01 2.991437873258727051e-03 -9.924068916865965706e-01 -6.489274999999999904e-01 9.889583303875236139e-04 9.999945910702492391e-01 3.136844220813624073e-03 1.627600000000000097e-03 9.924109075020400850e-01 -1.367161181180922896e-03 1.229582105484695598e-01 7.513978000000000046e-01
8.820579411862140840e-02 3.294967966741247159e-03 -9.960968231402014261e-01 -6.803976000000000468e-01 2.676243931746868053e-03 9.999901358943436014e-01 3.544831791504441873e-03 2.159400000000000121e-03 9.960986776430944545e-01 -2.978472781547882205e-03 8.819610590932247529e-02 7.546437000000000284e-01
7.124019265706579840e-02 3.191633098480163404e-03 -9.974540833684268915e-01 -7.122399000000000369e-01 7.820598263942610609e-04 9.999943946517682036e-01 3.255617832552838882e-03 2.132199999999999894e-03 9.974588830285746610e-01 -1.011999608884202144e-03 7.123729728295091768e-02 7.567933999999999495e-01
5.566318554980970168e-02 3.836553384838067154e-03 -9.984422319957085845e-01 -7.435998000000000330e-01 5.925033598483664659e-04 9.999923145285453119e-01 3.875541718462986729e-03 2.294399999999999825e-03 9.984494272191334341e-01 -8.073053748527926014e-04 5.566048458121530818e-02 7.586724999999999719e-01
5.370715428950051384e-02 4.130638568868616120e-03 -9.985481858193610005e-01 -7.726184999999999858e-01 7.635904487963657110e-04 9.999909819324321880e-01 4.177676798957252746e-03 2.373099999999999949e-03 9.985564373172657326e-01 -9.868529897678660588e-04 5.370351583859567235e-02 7.603556999999999677e-01
3.861668613712383041e-02 3.557854919519567744e-03 -9.992477636803390739e-01 -8.034885999999999973e-01 8.491556445816548539e-04 9.999931834508505313e-01 3.593325274014489128e-03 2.335100000000000110e-03 9.992537367888491007e-01 -9.872791931599682498e-04 3.861340173199723225e-02 7.616661999999999599e-01
2.690581211669005116e-02 2.472394109264161675e-03 -9.996349156275552428e-01 -8.377392999999999645e-01 2.036155777705514567e-03 9.999947314052802794e-01 2.528088473610742154e-03 2.671300000000000150e-03 9.996358993873668553e-01 -2.103432682536551281e-03 2.690063618132010337e-02 7.628892999999999924e-01
1.873918617522627589e-02 2.151798471959500032e-03 -9.998220905065193786e-01 -8.755093000000000458e-01 1.154045430359093658e-03 9.999969713718369624e-01 2.173804567605764140e-03 2.756399999999999996e-03 9.998237400065248526e-01 -1.194575443222046542e-03 1.873664614800563122e-02 7.634838999999999931e-01
1.692115521144280099e-02 1.856872777863372752e-03 -9.998551027672945013e-01 -9.178617999999999499e-01 1.195149967664676420e-03 9.999975235583135058e-01 1.877363522309188687e-03 2.835999999999999979e-03 9.998561127096562418e-01 -1.226743953290988223e-03 1.691889406574820232e-02 7.645513000000000448e-01
1.777375116484383732e-02 1.935745913638444414e-03 -9.998401605543200121e-01 -9.646238000000000312e-01 7.729651374017248956e-04 9.999978004159985057e-01 1.949791799454396110e-03 3.276299999999999785e-03 9.998417356234069464e-01 -8.074967013493883914e-04 1.777221580587906580e-02 7.648888000000000353e-01
1.746250969192448405e-02 2.372491560213975913e-03 -9.998447039610981468e-01 -1.013980199999999998e+00 5.023416522958991598e-04 9.999970377495676077e-01 2.381626535438797002e-03 3.339400000000000181e-03 9.998473925595464662e-01 -5.438528170847666508e-04 1.746126616226717498e-02 7.659705999999999460e-01
1.824621332049750771e-02 2.961878237043177008e-03 -9.998291368912848309e-01 -1.067233899999999958e+00 -5.312699633571672710e-04 9.999954997189560713e-01 2.952675746033499825e-03 3.258800000000000065e-03 9.998333828452061756e-01 4.773040373912749816e-04 1.824770476435200184e-02 7.666551000000000338e-01
1.861430246850786716e-02 3.489200247838626819e-03 -9.998206505295043067e-01 -1.118923700000000077e+00 -1.665118089848131042e-03 9.999926320154883808e-01 3.458799861618757059e-03 3.769999999999999914e-03 9.998253523117713870e-01 1.600436304998199225e-03 1.861997524906733315e-02 7.677602999999999511e-01
1.975107010766181601e-02 3.799166327494809571e-03 -9.997977103218526063e-01 -1.172148500000000038e+00 -2.335427341354816104e-03 9.999902274796488300e-01 3.753761358091078481e-03 3.919399999999999967e-03 9.998022009421344558e-01 2.260814104758506003e-03 1.975974976684280460e-02 7.684752000000000249e-01
2.090306802854696722e-02 4.675007082149664796e-03 -9.997705767103651775e-01 -1.227160000000000029e+00 -2.932263129037810875e-03 9.999850530645851832e-01 4.614702629714862760e-03 3.549899999999999931e-03 9.997772069716014398e-01 2.835128956584226454e-03 2.091646394263413367e-02 7.695326999999999584e-01
2.163225677579800124e-02 4.795711540246449384e-03 -9.997544931720029338e-01 -1.285069599999999923e+00 -2.977801051363692351e-03 9.999843685092847378e-01 4.732381851212856191e-03 3.887799999999999850e-03 9.997615606571820246e-01 2.874697881506603665e-03 2.164619930624367417e-02 7.709416000000000047e-01
2.210500495978416635e-02 5.742407497861547715e-03 -9.997391627378894308e-01 -1.338098000000000010e+00 -3.958787237160219484e-03 9.999761672093828713e-01 5.656236986123165146e-03 4.022900000000000260e-03 9.997478165814309703e-01 3.832723491304034467e-03 2.212721110534243696e-02 7.720382000000000078e-01
2.284909773806800132e-02 5.176047923920079792e-03 -9.997255259622240819e-01 -1.389143100000000075e+00 -4.472041740147074222e-03 9.999771216346896585e-01 5.075140379867813974e-03 4.671299999999999758e-03 9.997289230462579335e-01 4.354851902219537656e-03 2.287172249042768168e-02 7.728015000000000301e-01
2.309213904336526041e-02 5.039802466702512050e-03 -9.997206377311105285e-01 -1.438756900000000005e+00 -4.089035890331590116e-03 9.999794049778970573e-01 4.946655995568806537e-03 4.855599999999999847e-03 9.997249786315680620e-01 3.973664699938326932e-03 2.311227139341776038e-02 7.740318999999999949e-01
2.280522601137624505e-02 5.621588993346058466e-03 -9.997241216474475056e-01 -1.489598200000000094e+00 -3.019106159246880573e-03 9.999800179663909105e-01 5.554157536082765523e-03 4.939899999999999673e-03 9.997353683173211270e-01 2.891609435300328615e-03 2.282174249053814385e-02 7.751392000000000282e-01
2.439182056205756177e-02 5.455883060536651993e-03 -9.996875874140370710e-01 -1.537382100000000085e+00 -4.666388231498471914e-03 9.999748350982395895e-01 5.343593465212610402e-03 5.161299999999999742e-03 9.996915843951780234e-01 4.534590420123912891e-03 2.441666601279546267e-02 7.756155999999999606e-01
5.142854269767503129e-03 5.740738726143368095e-03 -9.999702970432863269e-01 -1.602065700000000037e+00 -3.281571998874159655e-03 9.999782338492358980e-01 5.723907142758892681e-03 5.618999999999999863e-03 9.999813909944407220e-01 3.252037306194233320e-03 5.161580977082635968e-03 7.770032000000000050e-01
3.062230974615947829e-03 6.268722081606821137e-03 -9.999756626363071055e-01 -1.622637300000000060e+00 -2.023581616758495395e-03 9.999783426076916948e-01 6.262542056890606224e-03 5.688099999999999754e-03 9.999932639067615758e-01 2.004355017850281348e-03 3.074849925443268184e-03 7.770437999999999512e-01
2.336505494701274742e-03 6.411621250509529080e-03 -9.999767156564263182e-01 -1.661637299999999984e+00 -2.095157930396925137e-03 9.999772818076441139e-01 6.406729418536972337e-03 5.910600000000000229e-03 9.999950755155346815e-01 2.080139787530357279e-03 2.349885772629733971e-03 7.775277000000000438e-01
1.566582020080995851e-03 4.848286769023243785e-03 -9.999870198838478608e-01 -1.698761900000000047e+00 -3.187336124690626129e-03 9.999831916469777982e-01 4.843274920113800966e-03 6.536100000000000416e-03 9.999936933347139956e-01 3.179707365289354253e-03 1.582008807979096154e-03 7.776241999999999877e-01
1.176374608883292089e-03 5.187939900516875397e-03 -9.999858506110814726e-01 -1.737935400000000019e+00 -2.497446637022571365e-03 9.999834391853972271e-01 5.184989415626958288e-03 6.773099999999999780e-03 9.999961894442772614e-01 2.491311809782928606e-03 1.189311730219078100e-03 7.775596000000000174e-01
1.798492170457513615e-03 5.685276373218649953e-03 -9.999822213711967445e-01 -1.776482799999999918e+00 -3.323427833384259497e-03 9.999783500851791018e-01 5.679277098291415742e-03 6.869700000000000285e-03 9.999928601011854878e-01 3.313154611999318856e-03 1.817347838994454179e-03 7.777943999999999969e-01
1.134712188803212824e-03 4.853780430653291053e-03 -9.999875765447187037e-01 -1.816718599999999961e+00 -2.121108320385442156e-03 9.999859824763611682e-01 4.851365815932720538e-03 7.162700000000000143e-03 9.999971066596852198e-01 2.115577064967394307e-03 1.144991677005102737e-03 7.782571000000000350e-01
2.303865363585645958e-03 4.924203760347791066e-03 -9.999852221016636289e-01 -1.879485499999999920e+00 -2.887273870050951520e-03 9.999837405707768800e-01 4.917544476313208748e-03 7.606500000000000414e-03 9.999931779037225521e-01 2.875901841818359096e-03 2.318045428897907989e-03 7.776091000000000530e-01
2.067514231970781890e-03 4.092794155498320242e-03 -9.999894871551906483e-01 -1.921450099999999939e+00 -3.214068974666367193e-03 9.999864865325581720e-01 4.086136671230789462e-03 8.106099999999999764e-03 9.999926975461004286e-01 3.205587039936482700e-03 2.080640815399381616e-03 7.775096999999999703e-01
1.835649887260279748e-03 3.767692334845308601e-03 -9.999912174034137902e-01 -1.964793800000000035e+00 -1.953234378151520820e-03 9.999910081500880121e-01 3.764106060480309698e-03 8.027599999999999320e-03 9.999964076260252632e-01 1.946307642816382140e-03 1.842992567566703599e-03 7.775357000000000518e-01
1.211964568457523945e-03 4.029276891430838906e-03 -9.999911479956293814e-01 -2.011893999999999849e+00 -1.483549268523113272e-03 9.999907892111774554e-01 4.027477420711004022e-03 8.264900000000000371e-03 9.999981651100429136e-01 1.478654976204340273e-03 1.217931036092800845e-03 7.779981000000000257e-01
5.997209788316088495e-04 4.843405159739393000e-03 -9.999880908096885346e-01 -2.060270800000000069e+00 -1.012900572957407819e-03 9.999877606043022782e-01 4.842796095444384941e-03 8.601700000000000318e-03 9.999993071833483960e-01 1.009984183717076503e-03 6.046195264706177852e-04 7.782073999999999936e-01
3.418941797080139082e-04 5.638314529384912815e-03 -9.999840461315560036e-01 -2.083678200000000036e+00 -8.755169347201704165e-04 9.999837230052062154e-01 5.638013368548024443e-03 8.714599999999999430e-03 9.999995582891360035e-01 8.735753628823501697e-04 3.468250545519691030e-04 7.782137999999999556e-01
7.618039509226197511e-04 5.659556006456490339e-03 -9.999836944073389189e-01 -2.129038800000000009e+00 -1.212161269004988218e-03 9.999832551451648399e-01 5.658630076085888888e-03 9.192000000000000517e-03 9.999989751593739706e-01 1.207830737248324470e-03 7.686514892167872759e-04 7.781658999999999660e-01
1.988750830997254473e-04 3.901065963001429902e-03 -9.999923710374261088e-01 -2.175227399999999811e+00 -1.068969518033009193e-03 9.999918202985048632e-01 3.900851221492584141e-03 9.689299999999999649e-03 9.999994088762604871e-01 1.068185580793730091e-03 2.030435769632132903e-04 7.780732000000000204e-01
1.298764887327196740e-04 3.286161796556134104e-03 -9.999945921217497924e-01 -2.223753900000000172e+00 -1.517949041515113170e-03 9.999934491243999135e-01 3.285960893503863008e-03 9.867100000000000176e-03 9.999988394807292069e-01 1.517514063568544931e-03 1.348638640773502928e-04 7.780338999999999450e-01
-5.808680112962837962e-04 4.585704759929680289e-03 -9.999893168950398925e-01 -2.272986200000000068e+00 -1.994975988953638125e-03 9.999874903367792500e-01 4.586855213898478716e-03 1.017370000000000080e-02 9.999978413292486268e-01 1.997619033881955358e-03 -5.717123739445995056e-04 7.778688999999999742e-01
-6.954176459261378123e-04 4.967352239292979060e-03 -9.999874208238966888e-01 -2.296555800000000147e+00 -1.385337030884918911e-03 9.999866982698742968e-01 4.968312050003099653e-03 1.013430000000000060e-02 9.999987986170829624e-01 1.388774656356482791e-03 -6.885269386657233426e-04 7.780930999999999820e-01
-1.587911154841953505e-03 5.971777416530528113e-03 -9.999809080240743553e-01 -2.340916599999999903e+00 1.080820021545930969e-03 9.999815949051844566e-01 5.970065239574200849e-03 1.030859999999999936e-02 9.999981551814213221e-01 -1.071319453367046860e-03 -1.594336345782543241e-03 7.786944999999999562e-01
-9.325550882813227411e-04 5.774895798592957763e-03 -9.999828903133906044e-01 -2.362470899999999929e+00 1.168998993624203835e-03 9.999826481625158081e-01 5.773804225560714640e-03 1.047629999999999915e-02 9.999988818905548582e-01 -1.163594601908489196e-03 -9.392897541138367501e-04 7.783622999999999514e-01
-1.501592399137357441e-03 5.629446171127211115e-03 -9.999830271339974486e-01 -2.403372800000000087e+00 1.013836666507956195e-03 9.999836491512110737e-01 5.627927277527259436e-03 1.052529999999999959e-02 9.999983586763933063e-01 -1.005368605971234969e-03 -1.507275185767542602e-03 7.785860999999999477e-01
-1.721587659329840841e-03 6.009734430399054153e-03 -9.999804594230866650e-01 -2.444071300000000058e+00 1.063149850252922534e-03 9.999813871937098808e-01 6.007909664734925603e-03 1.068080000000000071e-02 9.999979529220685004e-01 -1.052785932554327255e-03 -1.727944864011954351e-03 7.781997000000000497e-01
-1.542888802190528919e-03 6.231869301785928836e-03 -9.999793914372182568e-01 -2.482512199999999947e+00 1.687586462509013761e-03 9.999791739432750681e-01 6.229264134447611012e-03 1.094159999999999924e-02 9.999973857696206059e-01 -1.677940621898524592e-03 -1.553373488170639583e-03 7.783082000000000056e-01
-1.764096975859388242e-03 6.780854354483075927e-03 -9.999754536867806465e-01 -2.517559499999999950e+00 1.794544499232487295e-03 9.999754209735798316e-01 6.777688304420627190e-03 1.081539999999999932e-02 9.999968337809375107e-01 -1.782543950339975265e-03 -1.776222160955187590e-03 7.783672999999999842e-01
-1.433618172012090771e-03 6.950095632241487346e-03 -9.999748201378072521e-01 -2.549729800000000157e+00 2.150919740209555377e-03 9.999735559959651576e-01 6.947003170840937956e-03 1.073260000000000013e-02 9.999966591360235357e-01 -2.140906230360167285e-03 -1.448529359299066677e-03 7.781443000000000110e-01
-1.193277690972682900e-03 6.456599235827083921e-03 -9.999784439749987985e-01 -2.580603400000000214e+00 1.020535093160222090e-03 9.999786430430154249e-01 6.455382713146570403e-03 1.115350000000000022e-02 9.999987672974779418e-01 -1.012810030301949590e-03 -1.199841392295009079e-03 7.779013999999999651e-01
-1.533990832578736863e-02 6.256267646473436667e-03 -9.998627637469517104e-01 -2.609804599999999919e+00 1.393783106320121545e-03 9.999795870276148024e-01 6.235615184841173525e-03 1.120439999999999978e-02 9.998813652535032404e-01 -1.297938063458697281e-03 -1.534831507281664287e-02 7.776324999999999488e-01
-1.638399635672535548e-02 6.016911129114789827e-03 -9.998476691195749000e-01 -2.639291000000000054e+00 1.095287309597129093e-03 9.999814013919361422e-01 5.999767989593137937e-03 1.141170000000000032e-02 9.998651734154421211e-01 -9.968202866342474114e-04 -1.639028188360125426e-02 7.770844000000000085e-01
-2.426787437838192826e-02 6.141934619629890735e-03 -9.996866243539939134e-01 -2.667255599999999838e+00 7.553341334691852232e-04 9.999809542493171000e-01 6.125406841335634747e-03 1.156000000000000083e-02 9.997052064201235044e-01 -6.064468264051440377e-04 -2.427205139136068279e-02 7.762265999999999888e-01
-3.108914827510897427e-02 7.044144657597699831e-03 -9.994917933057636539e-01 -2.692371599999999976e+00 6.546524029336121819e-04 9.999750947200916062e-01 7.027187899512017666e-03 1.133649999999999936e-02 9.995164012109856166e-01 -4.358504176350634640e-04 -3.109298545739580533e-02 7.755746999999999503e-01
-5.841612847332446762e-02 6.825765984870834323e-03 -9.982689842186365237e-01 -2.717987500000000001e+00 1.723105976321445514e-03 9.999758242374956474e-01 6.736604956179486486e-03 1.155330000000000072e-02 9.982908327937218829e-01 -1.326596872089256043e-03 -5.842647773703757430e-02 7.741905999999999510e-01
-1.015237265830215563e-01 6.372339669423992235e-03 -9.948127091205827277e-01 -2.756203399999999970e+00 2.596176700719076032e-03 9.999777769576693176e-01 6.140476963271608059e-03 1.187419999999999969e-02 9.948297305605791063e-01 -1.959305472689551290e-03 -1.015380141367269173e-01 7.708907000000000398e-01
-1.158718035740562979e-01 6.077125028337525964e-03 -9.932455857882710459e-01 -2.782493399999999895e+00 1.400133248125028356e-03 9.999812886385428534e-01 5.954997874625438115e-03 1.185280000000000014e-02 9.932631900777272316e-01 -7.006598242030584109e-04 -1.158781442396621397e-01 7.676669000000000409e-01
-1.297519848218007532e-01 6.651932560665950456e-03 -9.915241672435479714e-01 -2.808622399999999963e+00 1.684892725937671420e-03 9.999775322221811091e-01 6.488157468723306301e-03 1.189149999999999929e-02 9.915450486847812162e-01 -8.287605475768206921e-04 -1.297602773758190775e-01 7.645129999999999981e-01
-1.385427170804196528e-01 6.164614007177001732e-03 -9.903372723865935257e-01 -2.834223499999999785e+00 1.336911748990063202e-03 9.999808797436119390e-01 6.037616596581785698e-03 1.235389999999999926e-02 9.903555564598760519e-01 -4.875257269361344889e-04 -1.385483096530425451e-01 7.610940999999999956e-01
-1.698304479230717257e-01 6.381847726243615113e-03 -9.854526325388994756e-01 -2.858634499999999967e+00 2.083828541898492467e-03 9.999791209884657528e-01 6.116800286357634148e-03 1.244400000000000020e-02 9.854710937500177348e-01 -1.014695389885474520e-03 -1.698402007076327269e-01 7.568791999999999742e-01
-1.998502954235228113e-01 6.705621315378714614e-03 -9.798034976779299576e-01 -2.883164900000000141e+00 3.124620850541598351e-03 9.999758586932726567e-01 6.206349586689662023e-03 1.243949999999999917e-02 9.798214613712392662e-01 -1.821173639876459260e-03 -1.998664233004193713e-01 7.519238999999999784e-01
-2.133448850683141162e-01 6.020671446882881403e-03 -9.769583980551659330e-01 -2.906549000000000049e+00 1.154457496315744371e-03 9.999818667344497758e-01 5.910450928182665528e-03 1.288410000000000076e-02 9.769762674922439771e-01 1.331075277516348583e-04 -2.133479670381440707e-01 7.469398000000000426e-01
-2.394732400609498046e-01 6.794762856426056138e-03 -9.708791884124593485e-01 -2.929237399999999880e+00 3.390134087241669994e-03 9.999752668562762459e-01 6.162196571799693524e-03 1.304729999999999952e-02 9.708970461823339670e-01 -1.815729452289255828e-03 -2.394903522920597272e-01 7.414606999999999726e-01
-3.624407267781010744e-01 7.524502848529695045e-03 -9.319764489671636953e-01 -2.961072399999999938e+00 6.120027227294209601e-03 9.999650647548486981e-01 5.693376552482721890e-03 1.290570000000000085e-02 9.319867299695306917e-01 -3.640209707372777694e-03 -3.624741149847631183e-01 7.299847999999999892e-01
-4.931102227438995955e-01 8.605562498806989397e-03 -8.699242797620605483e-01 -2.980528399999999856e+00 7.770303284510658194e-03 9.999547548026309629e-01 5.487324892605823477e-03 1.303050000000000042e-02 8.699321413836411665e-01 -4.053719488249704454e-03 -4.931547797050963577e-01 7.187634000000000523e-01
-6.149822181513018293e-01 7.747083451651191367e-03 -7.885029194972574818e-01 -2.997270100000000159e+00 6.241675051985354737e-03 9.999682361451619483e-01 4.956631242988080582e-03 1.318019999999999955e-02 7.885162730408616927e-01 -1.873338924672794930e-03 -6.150110387229023035e-01 7.050591000000000497e-01
-6.334102846052299673e-01 6.139680615654352809e-03 -7.737917779856925415e-01 -3.013190999999999953e+00 4.441758836897181408e-03 9.999808968576003876e-01 4.298453012892990317e-03 1.327320000000000062e-02 7.738033872598105711e-01 -7.143121215275743952e-04 -6.334254554589959785e-01 6.914620000000000211e-01
-6.418306551959300776e-01 5.449639981492094241e-03 -7.668270414342701624e-01 -3.028291700000000031e+00 4.025399212424393865e-03 9.999849139177834356e-01 3.737391874547518669e-03 1.347600000000000013e-02 7.668358404586632648e-01 -6.880122930904603203e-04 -6.418429094623860909e-01 6.783736999999999684e-01
-6.424590434376663550e-01 5.761342726362497953e-03 -7.662983651523392892e-01 -3.042772499999999880e+00 4.013471144708944706e-03 9.999833204538529641e-01 4.153415878231073513e-03 1.350289999999999997e-02 7.663095128957547741e-01 -4.071167846494017778e-04 -6.424714504951907212e-01 6.662470999999999810e-01
-6.493580589931836622e-01 5.984448710558102659e-03 -7.604592675444468153e-01 -3.056729799999999830e+00 4.084033668516811287e-03 9.999820591616684906e-01 4.382011385620507640e-03 1.344009999999999996e-02 7.604718481900565319e-01 -2.602468443345909606e-04 -6.493708496552494935e-01 6.540658000000000305e-01
-6.565153484756965918e-01 5.299673734232954354e-03 -7.542940478846067442e-01 -3.070158999999999860e+00 3.813929246489267989e-03 9.999858582684707509e-01 3.706373803677356655e-03 1.369970000000000042e-02 7.543030234325840411e-01 -4.435328403774451041e-04 -6.565262767925454934e-01 6.422425999999999968e-01
-6.708500535059750414e-01 4.929806754862710652e-03 -7.415766330706421439e-01 -3.095530699999999857e+00 4.032300211916259661e-03 9.999873704170827438e-01 2.999926887301792786e-03 1.402010000000000062e-02 7.415820563268984422e-01 -9.777585018224763808e-04 -6.708614594104215234e-01 6.192585000000000450e-01
-6.776086432994188335e-01 5.539121651812610979e-03 -7.354018253018183016e-01 -3.107445199999999907e+00 4.486273998909108031e-03 9.999841624189887979e-01 3.398272620045232964e-03 1.390979999999999994e-02 7.354090017612827657e-01 -9.965151879714334582e-04 -6.776227616350799510e-01 6.086040999999999812e-01
-6.927773839525793731e-01 5.831164981342217349e-03 -7.211279316451287835e-01 -3.118978999999999946e+00 5.170855867061584232e-03 9.999817685706087200e-01 3.118457310841584069e-03 1.377540000000000014e-02 7.211329686912276715e-01 -1.568451898476570924e-03 -6.927949057442756020e-01 5.974070999999999687e-01
-7.045891320605620622e-01 5.823814038919834443e-03 -7.095915995642739782e-01 -3.136894199999999966e+00 5.129744400034483287e-03 9.999819956106281715e-01 3.113547329968505573e-03 1.375479999999999932e-02 7.095969565214715891e-01 -1.446251923324356602e-03 -7.046063210409342359e-01 5.793030999999999597e-01
-7.196155111600993637e-01 6.268277454051389419e-03 -6.943444568768070146e-01 -3.148737899999999978e+00 5.592095006043636130e-03 9.999791417257032355e-01 3.231808621997959725e-03 1.381109999999999977e-02 6.943502319227902175e-01 -1.557180556284195379e-03 -7.196355540254266714e-01 5.669022999999999701e-01
-7.608691693595096561e-01 6.814582831889212482e-03 -6.488695312456869146e-01 -3.160055600000000187e+00 6.541014333550477546e-03 9.999745973271999544e-01 2.831930753485017299e-03 1.390180000000000061e-02 6.488723466519885630e-01 -2.089536104394423138e-03 -7.608944155329373515e-01 5.531409999999999938e-01
-8.062645902386903485e-01 6.180296071786114433e-03 -5.915227928556109349e-01 -3.170775200000000016e+00 6.098383226442076650e-03 9.999791242475418729e-01 2.135600885590451317e-03 1.395869999999999923e-02 5.915236430179781069e-01 -1.885473305074858962e-03 -8.062854486725874459e-01 5.374818000000000096e-01
-8.227352760332697912e-01 6.726523332295290120e-03 -5.683849219097213412e-01 -3.182420000000000027e+00 6.610780924599109210e-03 9.999755831995592592e-01 2.265078424311883169e-03 1.389920000000000044e-02 5.683862798713802400e-01 -1.893908276927299588e-03 -8.227596550423533772e-01 5.205032000000000547e-01
-8.327234806069474526e-01 6.918661801983397655e-03 -5.536458587984932622e-01 -3.194354800000000161e+00 6.705940316722771785e-03 9.999746107852833799e-01 2.410010226040811259e-03 1.388269999999999955e-02 5.536484762106005375e-01 -1.705843981976378539e-03 -8.327487345448143508e-01 5.023982999999999643e-01
-8.392547544337072285e-01 7.584749094989970755e-03 -5.436855053627820400e-01 -3.206212299999999793e+00 7.098646461199901309e-03 9.999703267929461736e-01 2.992449168693562481e-03 1.393400000000000021e-02 5.436920694463334147e-01 -1.348003996421925834e-03 -8.392836925059302677e-01 4.838191000000000019e-01
-8.418196489228676471e-01 7.086978807164153078e-03 -5.397123802719061558e-01 -3.217864300000000011e+00 6.763703684165191764e-03 9.999737951434323202e-01 2.580956976338000600e-03 1.416680000000000023e-02 5.397165283737868080e-01 -1.477754319128773931e-03 -8.418455233843793462e-01 4.654417000000000137e-01
-8.475783582521932980e-01 7.503242410450769971e-03 -5.306172141721821056e-01 -3.228796700000000186e+00 7.414027636593974700e-03 9.999698765895868036e-01 2.297413243257368561e-03 1.426170000000000042e-02 5.306184682205483671e-01 -1.986772945378135081e-03 -8.476084555480455363e-01 4.479729000000000072e-01
-8.597252727617563650e-01 8.257757689191626629e-03 -5.106899889489423527e-01 -3.238775700000000146e+00 7.939678363019701465e-03 9.999645513983260736e-01 2.803115095103179792e-03 1.418119999999999971e-02 5.106950331481755478e-01 -1.644805365748510740e-03 -8.597603606430651579e-01 4.313659000000000243e-01
-8.679068804718821362e-01 8.338987593395401354e-03 -4.966569320119109121e-01 -3.247906400000000193e+00 8.211021723828679925e-03 9.999633099433408168e-01 2.440878818991383450e-03 1.426030000000000006e-02 4.966590640991238037e-01 -1.959605336639201004e-03 -8.679435085275467587e-01 4.153556999999999944e-01
-8.726773140138454066e-01 7.944154842230944855e-03 -4.882327273026894621e-01 -3.256546999999999858e+00 7.775834085829063172e-03 9.999669544141389643e-01 2.372021075152982127e-03 1.428029999999999924e-02 4.882354370688892220e-01 -1.726407702128800745e-03 -8.727102483107415098e-01 3.997884999999999911e-01
-8.770639749042039579e-01 7.780479394064535210e-03 -4.803105745927703230e-01 -3.264726599999999923e+00 7.567685647148373294e-03 9.999685336058540264e-01 2.379481477976680935e-03 1.439649999999999958e-02 4.803139744575256054e-01 -1.547881958234137954e-03 -8.770952570857167840e-01 3.847269999999999857e-01
-8.812649309451223711e-01 8.377049606074757349e-03 -4.725483536382123484e-01 -3.272282600000000041e+00 8.167246446652773328e-03 9.999635336608450054e-01 2.495482717995630654e-03 1.429099999999999988e-02 4.725520263122011677e-01 -1.660237456974142508e-03 -8.813012118678937856e-01 3.701503999999999905e-01
-8.855361022641420332e-01 8.019342282581429227e-03 -4.645013473997521292e-01 -3.279607100000000219e+00 7.916870367217266474e-03 9.999663045566468123e-01 2.170924897886068738e-03 1.440370000000000018e-02 4.645031052107392311e-01 -1.754964580379381189e-03 -8.855697518258525136e-01 3.561968999999999830e-01
-9.034878137305586421e-01 8.076767604058242983e-03 -4.285376719326388639e-01 -3.286535300000000159e+00 8.399890389533412605e-03 9.999640738072976820e-01 1.137073505662789582e-03 1.458220000000000002e-02 4.285314600841107491e-01 -2.572337416337779417e-03 -9.035231988158340943e-01 3.411934999999999829e-01
-9.261233545920753985e-01 7.546049595954904335e-03 -3.771453157797602374e-01 -3.293247200000000152e+00 7.989614878996851785e-03 9.999680071332951448e-01 3.882833391631464702e-04 1.448110000000000022e-02 3.771361798252787501e-01 -2.653647557899953095e-03 -9.261540152811691406e-01 3.232812999999999937e-01
-9.365247854376417269e-01 8.192530649865545009e-03 -3.505056471763755566e-01 -3.300904000000000060e+00 8.604795122683714034e-03 9.999629053947467483e-01 3.812287940159499438e-04 1.456129999999999924e-02 3.504957685363341291e-01 -2.658999068777936903e-03 -9.365605404681944801e-01 3.034115000000000006e-01
-9.511904907826675970e-01 7.275941492392940836e-03 -3.085185746758651315e-01 -3.307081000000000159e+00 7.638266550340677870e-03 9.999708274611113223e-01 3.332935778736800282e-05 1.464479999999999948e-02 3.085098169082048369e-01 -2.324844540914205310e-03 -9.512183177216083640e-01 2.828974000000000211e-01
-9.542077102237209729e-01 7.052120550926973576e-03 -2.990617216317358329e-01 -3.313678700000000088e+00 7.558087092211565432e-03 9.999712940120528692e-01 -5.352302000331942561e-04 1.475019999999999977e-02 2.990493622616661185e-01 -2.771055321655649731e-03 -9.542336192900009451e-01 2.618829999999999769e-01
-9.634878775456331423e-01 6.711933452494777547e-03 -2.676678160928947503e-01 -3.323590300000000219e+00 7.381223329353026746e-03 9.999716419023719771e-01 -1.494300249826042287e-03 1.473239999999999966e-02 2.676501958989992436e-01 -3.415456104782653782e-03 -9.635100971421228788e-01 2.262000000000000122e-01
-9.736280098736508348e-01 6.970592423837149686e-03 -2.280348859949638540e-01 -3.332896499999999929e+00 7.553083802046900615e-03 9.999700607802627372e-01 -1.681805041292771478e-03 1.458869999999999958e-02 2.280163356309251044e-01 -3.359819099059525773e-03 -9.736515096794480240e-01 1.891627999999999921e-01
