9.999999980891000062e-01 7.199901753102422579e-06 6.140001146117817247e-05 7.400000000000000300e-06 -7.200098233102234066e-06 9.999999999689599406e-01 3.199778956934579044e-06 3.000000000000000076e-06 -6.139998842117819731e-05 -3.200221036934155737e-06 9.999999981099000346e-01 2.860000000000000061e-05
9.994747900246903072e-01 -1.237192598217458231e-04 -3.240569083735062028e-02 9.099999999999999271e-06 9.425208867400623953e-05 9.999995807371920842e-01 -9.108468497761504747e-04 6.271999999999999581e-04 3.240578994014775560e-02 9.073141598783242235e-04 9.994743826428821309e-01 2.673769999999999966e-02
9.982768378003965548e-01 -1.855303380890206406e-04 -5.867981501107748243e-02 -8.561000000000000467e-04 1.243360399676600512e-04 9.999994446886414368e-01 -1.046500338264266328e-03 4.715000000000000224e-04 5.867997658307125275e-02 1.037401032614985010e-03 9.982763065140370928e-01 3.580269999999999980e-02
9.926523239453763914e-01 1.986438200495489390e-04 -1.210013401019849055e-01 -4.658299999999999767e-03 -4.134285022218686656e-04 9.999983833606077566e-01 -1.749958012226975968e-03 6.597999999999999915e-04 1.210007968681074964e-01 1.787125290449141602e-03 9.926508013095437510e-01 6.541750000000000342e-02
9.917816450765641889e-01 8.234365898422751830e-05 -1.279420247953965417e-01 -6.264500000000000103e-03 -2.928828777751427245e-04 9.999986339176937244e-01 -1.626770532758257688e-03 7.060999999999999785e-04 1.279417160618222249e-01 1.650873183551517919e-03 9.917803143382549758e-01 7.572669999999999402e-02
9.844135035285466184e-01 -8.061946842025816216e-04 -1.758675755242655181e-01 -1.008200000000000068e-02 5.680187391936626553e-04 9.999988521874202396e-01 -1.404627549940814331e-03 4.851999999999999759e-04 1.758685060645139853e-01 1.282838249075615939e-03 9.844128315400316742e-01 9.619650000000000423e-02
9.792204263063066794e-01 -1.076276183552987459e-04 -2.027987798799358310e-01 -1.489979999999999950e-02 -2.341650562856690697e-04 9.999985924837700990e-01 -1.661384123263685191e-03 5.163000000000000271e-04 2.027986732481781296e-01 1.674349657146045585e-03 9.792190228350367009e-01 1.185934000000000016e-01
9.748186246215968520e-01 -9.091848067885619031e-04 -2.229973597911987793e-01 -1.760300000000000059e-02 5.940610040674216413e-04 9.999987280407851564e-01 -1.480205504340090803e-03 5.670000000000000127e-04 2.229984219280076174e-01 1.310457858436180978e-03 9.748179248033037592e-01 1.300959999999999894e-01
9.698803330698345659e-01 -3.400356070735734105e-04 -2.435816575609353885e-01 -2.373930000000000137e-02 -7.445836404605738943e-05 9.999985650261794534e-01 -1.692454293070379517e-03 5.580000000000000107e-04 2.435818835223565737e-01 1.659614825202185024e-03 9.698789159984524400e-01 1.545198999999999878e-01
9.430595512837136596e-01 -4.004955793324273608e-04 -3.326236947901511365e-01 -4.066680000000000295e-02 -1.611768948659157057e-04 9.999986075172020428e-01 -1.661019465697831333e-03 5.062000000000000527e-04 3.326238968483311020e-01 1.620051526279615113e-03 9.430581735388772202e-01 2.057103999999999877e-01
9.208665747286270964e-01 -1.373641792566134782e-03 -3.898754476185845030e-01 -5.126290000000000013e-02 1.018383366587197539e-03 9.999988565874631252e-01 -1.117908352627311822e-03 3.491999999999999770e-04 3.898765374357433533e-01 6.324017646489302116e-04 9.208669206921940020e-01 2.322779000000000094e-01
9.095832557678948938e-01 -4.387788944650482725e-04 -4.155214895763612581e-01 -6.312270000000000381e-02 -3.008075711038879713e-04 9.999984850994718677e-01 -1.714442640185181608e-03 3.953000000000000133e-04 4.155216123638835191e-01 1.684420328507877642e-03 9.095817458517267973e-01 2.586443999999999965e-01
8.664227909814379291e-01 -5.207184740131159603e-04 -4.993108011251170542e-01 -9.036879999999999913e-02 -9.136985225347167821e-04 9.999961284468954492e-01 -2.628354281695550413e-03 7.039000000000000335e-04 4.993102366494654998e-01 2.733485593708316359e-03 8.664189607998913356e-01 3.096965999999999886e-01
8.462966593038119267e-01 -1.984483718144796445e-04 -5.327118593287101245e-01 -1.052512000000000031e-01 -7.468762711627411829e-04 9.999985057609042105e-01 -1.559054775934700428e-03 2.927000000000000131e-04 5.327113727217049899e-01 1.717292695644787905e-03 8.462952465178770201e-01 3.350997000000000003e-01
8.078266585307756209e-01 -8.038942621596903166e-05 -5.894201246178669695e-01 -1.242487000000000036e-01 -1.379484490525380563e-03 9.999969940771230581e-01 -2.027032130642463219e-03 2.539999999999999940e-04 5.894185158183802287e-01 2.450586513145303850e-03 8.078241193701753975e-01 3.618622000000000227e-01
7.986978834480688016e-01 4.502941252946502607e-04 -6.017320734436346630e-01 -1.441363999999999979e-01 -1.737714794455221890e-03 9.999972761832757184e-01 -1.558195534145195805e-03 2.749000000000000141e-04 6.017297327894544079e-01 2.290166201441221072e-03 7.986964904241795615e-01 3.888027000000000011e-01
7.728402880225742067e-01 1.731126478050226507e-03 -6.345982133683498727e-01 -1.645923999999999998e-01 -2.768859913818687637e-03 9.999959592441843848e-01 -6.441351420283388494e-04 -9.500000000000000523e-06 6.345945340325287454e-01 2.254927143067225054e-03 7.728419584103966011e-01 4.139782000000000184e-01
7.644489405887696654e-01 2.454505256973376660e-03 -6.446796046383436174e-01 -1.852917000000000036e-01 -3.198384599778700092e-03 9.999948850465256722e-01 1.472201591090475416e-05 6.530000000000000160e-05 6.446763432674254002e-01 2.050679089800277154e-03 7.644528809198192221e-01 4.390684999999999727e-01
7.188560611078692597e-01 7.195325524922054636e-04 -6.951585759245043628e-01 -2.074845999999999913e-01 -1.005528389611019119e-03 9.999994944449471790e-01 -4.744225092299502594e-06 -2.271999999999999931e-04 6.951582210699495112e-01 7.024120983365159283e-04 7.188564211969641349e-01 4.627354000000000189e-01
6.888326719653499186e-01 2.095979388415870198e-03 -7.249173448769729022e-01 -2.321200999999999959e-01 -2.232139795892709548e-03 9.999972120922093755e-01 7.702984749363476179e-04 -4.563999999999999806e-04 7.249169384039858555e-01 1.087510097531532629e-03 6.888354300823815723e-01 4.860558999999999852e-01
6.356493177787551074e-01 1.751494347760255196e-03 -7.719759562803448771e-01 -2.574407000000000223e-01 -1.659301447156362463e-03 9.999982160472457027e-01 9.025635897522920302e-04 7.370000000000000249e-05 7.719761599467372948e-01 7.072268913479041585e-04 6.356510900675098608e-01 5.079521999999999649e-01
5.277293620827592235e-01 9.654493906738669060e-04 -8.494120250521522975e-01 -2.841130000000000044e-01 7.203067812567469971e-06 9.999993489380877287e-01 1.141083483517666862e-03 6.164000000000000208e-04 8.494125736906888990e-01 -6.083016312572119780e-04 5.277290115440740337e-01 5.260051000000000032e-01
4.767017351457011887e-01 2.612313817929119188e-03 -8.790612217164366360e-01 -3.099912000000000223e-01 -3.320453218761433567e-03 9.999938015873963693e-01 1.171058157777083060e-03 5.197000000000000014e-04 8.790588321036878483e-01 2.360636207367837035e-03 4.767074544174830786e-01 5.401403000000000176e-01
4.464576897266498423e-01 2.527649916753617332e-03 -8.948011747141600969e-01 -3.354794999999999860e-01 -3.332143147086004918e-03 9.999937729913394024e-01 1.162239473033105115e-03 5.975999999999999975e-04 8.947985405140029824e-01 2.462714852288815873e-03 4.464633321220976558e-01 5.531882999999999662e-01
4.317739209373621656e-01 3.223404477323741323e-03 -9.019761032654646238e-01 -3.614533999999999803e-01 -5.670800946140623459e-03 9.999835518849000682e-01 8.590554630219468003e-04 7.634999999999999643e-04 9.019640365419264727e-01 4.744009194222381653e-03 4.317850983553732647e-01 5.653614999999999613e-01
4.025630399626848321e-01 3.015503645994079950e-03 -9.153872981387513041e-01 -3.877935000000000132e-01 -4.943718838273941305e-03 9.999871524506068754e-01 1.120079360933277576e-03 9.409000000000000479e-04 9.153789152586212508e-01 4.074514877588467608e-03 4.025727758163266667e-01 5.774580000000000268e-01
3.791505765678837014e-01 3.025395889408802417e-03 -9.253300423459478452e-01 -4.145579999999999821e-01 -5.423154826719261967e-03 9.999847460937497656e-01 1.047364093441693032e-03 9.009000000000000515e-04 9.253190961392543379e-01 4.621099385551850035e-03 3.791612002308544227e-01 5.886685999999999863e-01
3.210314393384940401e-01 2.869658639073839612e-03 -9.470641900185805540e-01 -4.413110000000000088e-01 -3.472817462022601172e-03 9.999922532423424215e-01 1.852834093638789032e-03 1.140600000000000077e-03 9.470621703431778560e-01 2.694163060816523111e-03 3.210389181863648744e-01 5.981573000000000029e-01
2.621657532936770285e-01 3.309683542893817904e-03 -9.650171831603855388e-01 -4.826767000000000141e-01 -1.752595497526489212e-03 9.999941025593072075e-01 2.953515807945538037e-03 1.035099999999999952e-03 9.650212672314435469e-01 9.169740735877607556e-04 2.621700077231707837e-01 6.106956999999999525e-01
2.478143388458892149e-01 3.583339597122080136e-03 -9.688009151212165770e-01 -4.975413000000000197e-01 -3.263953685308628849e-03 9.999905725857874961e-01 2.863799205433174584e-03 1.156300000000000079e-03 9.688020437987913125e-01 2.452430810558461297e-03 2.478236984519528452e-01 6.143026999999999793e-01
2.443336770306393235e-01 4.577152395400648985e-03 -9.696804133035979989e-01 -5.267808000000000490e-01 -4.547402149962506690e-03 9.999832723821048264e-01 3.574365630938845795e-03 1.119999999999999902e-03 9.696805532763735913e-01 3.536188898574083202e-03 2.443504040628945440e-01 6.216490000000000071e-01
2.293967380699157566e-01 3.571268107747143945e-03 -9.733264522281231956e-01 -5.550844999999999807e-01 -4.085225832131961915e-03 9.999879934342860155e-01 2.706273668903157181e-03 1.362699999999999892e-03 9.733244307489578029e-01 3.355448013768798192e-03 2.294085732396328181e-01 6.284883999999999471e-01
2.197498870152300166e-01 3.840164222408596392e-03 -9.755486867888957248e-01 -5.699260999999999910e-01 -3.661280128035414565e-03 9.999884563029307616e-01 3.111637624402961190e-03 1.486799999999999927e-03 9.755493745498574620e-01 2.887975004476338661e-03 2.197614102060592156e-01 6.319061000000000261e-01
1.819764668146738040e-01 3.954245476900871553e-03 -9.832949351381591319e-01 -5.998533000000000337e-01 -4.895383423749996576e-03 9.999831646822389120e-01 3.115376899947317618e-03 1.595700000000000026e-03 9.832907000204885728e-01 4.246680445084207410e-03 1.819927607307909589e-01 6.370211000000000068e-01
1.784978858188940587e-01 4.368079714584299257e-03 -9.839305995027249896e-01 -6.152163000000000492e-01 -4.712623155968155043e-03 9.999824714432662409e-01 3.584409185192697755e-03 1.561099999999999944e-03 9.839290096044401857e-01 3.997084665615450484e-03 1.785153421221856718e-01 6.401419999999999888e-01
1.635157692267270035e-01 4.896856297582483607e-03 -9.865285672562111863e-01 -6.447798000000000140e-01 -4.899960498270562910e-03 9.999793776682547319e-01 4.151460625537535011e-03 1.698800000000000093e-03 9.865285518429294243e-01 4.155121732371649772e-03 1.635363915527122680e-01 6.450540000000000163e-01
1.617409195841382485e-01 5.063765690171872363e-03 -9.868202638824925543e-01 -6.729952000000000156e-01 -5.146891011318755621e-03 9.999775623193480900e-01 4.287699939599360840e-03 1.776599999999999924e-03 9.868198338323945773e-01 4.385559814832349843e-03 1.617633531431504901e-01 6.496615000000000029e-01
1.465097024823893423e-01 4.419119119441226005e-03 -9.891993623454931051e-01 -7.025105999999999851e-01 -4.459359363702769703e-03 9.999828109707037394e-01 3.806819827002514995e-03 1.876199999999999960e-03 9.891991817589556035e-01 3.853459398785983887e-03 1.465268905630457974e-01 6.543953999999999604e-01
1.352414863664841704e-01 3.696971015870536507e-03 -9.908057694476208876e-01 -7.352682000000000384e-01 -3.732215743581914023e-03 9.999878452189823186e-01 3.221797625557481885e-03 2.007200000000000217e-03 9.908056373129028316e-01 3.262180191911798893e-03 1.352536404292619121e-01 6.590017999999999709e-01
1.267327551211780146e-01 3.648025882199663200e-03 -9.919301894218958138e-01 -7.723592000000000235e-01 -4.512850800189437822e-03 9.999850086581799635e-01 3.101070227362084496e-03 2.114200000000000107e-03 9.919266318418163975e-01 4.083425775326808733e-03 1.267473182236478202e-01 6.638049000000000310e-01
1.254073537428516127e-01 3.371018321077867350e-03 -9.920996078331520973e-01 -8.130370000000000097e-01 -5.214131274245062744e-03 9.999826560110138818e-01 2.738706302824449584e-03 2.412300000000000035e-03 9.920916330976037312e-01 4.829483682253016968e-03 1.254227556111434660e-01 6.693033999999999928e-01
1.262115646606913055e-01 3.364921043096713582e-03 -9.919976402453152264e-01 -8.584175000000000555e-01 -6.179604566497836488e-03 9.999775109981372534e-01 2.605760037312013656e-03 2.986899999999999798e-03 9.919840993853186184e-01 5.801276096175577227e-03 1.262295201700224245e-01 6.744603999999999600e-01
1.265409718700765962e-01 3.532315232323498394e-03 -9.919550923238793505e-01 -9.063151000000000401e-01 -6.901308134527954843e-03 9.999725930990471801e-01 2.680484433788869313e-03 3.375700000000000141e-03 9.919373742249097958e-01 6.506596642406960868e-03 1.265618813700406520e-01 6.806691000000000269e-01
1.266820408274654253e-01 5.388255297256898564e-03 -9.919287410074576483e-01 -9.572610999999999759e-01 -6.643226974731435662e-03 9.999674290156251866e-01 4.583496835691118140e-03 2.892500000000000106e-03 9.919211299630382728e-01 6.008961036000553396e-03 1.267137100716305698e-01 6.872066000000000008e-01
1.280147324739113746e-01 6.290907002179805911e-03 -9.917523142189902385e-01 -1.007731300000000108e+00 -8.576264228180559626e-03 9.999495153248222357e-01 5.235885172676802563e-03 3.149700000000000069e-03 9.917351843922456167e-01 7.835259456007272541e-03 1.280622221724100340e-01 6.933432000000000484e-01
1.289811640113232016e-01 6.329038818505181539e-03 -9.916268464487625334e-01 -1.058767000000000014e+00 -9.416628305056736620e-03 9.999423630791097750e-01 5.157289126108329305e-03 3.535899999999999807e-03 9.916023328137384407e-01 8.672588275695178664e-03 1.290333281402589183e-01 6.998434999999999517e-01
1.289132201319532489e-01 7.519290657956007908e-03 -9.916273705093116009e-01 -1.112239800000000001e+00 -9.465564831825779360e-03 9.999350270887638059e-01 6.351746484849525240e-03 3.201700000000000032e-03 9.916107022201933185e-01 8.567489071745046716e-03 1.289760185979567098e-01 7.071195999999999593e-01
1.289601863978845631e-01 7.571285092923952902e-03 -9.916208680570735012e-01 -1.168151500000000009e+00 -9.069822524875511063e-03 9.999380320528219457e-01 6.455259382618339439e-03 3.671400000000000011e-03 9.916082939566357446e-01 8.161353832011501025e-03 1.290208652119438915e-01 7.147014000000000422e-01
1.297959488505812942e-01 8.818807224917471488e-03 -9.915015079671372078e-01 -1.220043299999999942e+00 -9.429064263866509393e-03 9.999262104817183694e-01 7.659395457753123866e-03 3.844000000000000195e-03 9.914958922804901764e-01 8.354772935281787674e-03 1.298695243700951352e-01 7.214313999999999449e-01
1.298086520100109054e-01 8.868145429355812209e-03 -9.914994048712222341e-01 -1.268386500000000083e+00 -1.020869066888294846e-02 9.999189554657945678e-01 7.606913633099913509e-03 4.292800000000000261e-03 9.914865084801562922e-01 9.134467518042567458e-03 1.298886638817678962e-01 7.274639000000000522e-01
1.297954338750806347e-01 8.088526873635950437e-03 -9.915078018241682001e-01 -1.317247300000000010e+00 -9.909802332225787352e-03 9.999273658255476427e-01 6.859948317423943294e-03 4.625599999999999677e-03 9.914912713498368335e-01 8.935256358716534703e-03 1.298661619933700884e-01 7.340630999999999684e-01
1.293177770851340613e-01 8.606410559199161037e-03 -9.915658537016320828e-01 -1.366417800000000016e+00 -8.505332375895440639e-03 9.999351765717191531e-01 7.569806844315848243e-03 4.796199999999999596e-03 9.915667258691849284e-01 7.454686564250131292e-03 1.293825946458551091e-01 7.404905000000000515e-01
1.303984815196309044e-01 8.358968546577100894e-03 -9.914264287692816646e-01 -1.413601799999999908e+00 -1.028589703904375999e-02 9.999220499703251885e-01 7.077733058299612648e-03 5.172300000000000335e-03 9.914083095977542781e-01 9.274784524704123359e-03 1.304742964439495889e-01 7.464351999999999654e-01
1.208111178361355870e-01 9.466034388288396134e-03 -9.926303783383534363e-01 -1.455924999999999914e+00 -8.881011263050766352e-03 9.999248199682329030e-01 8.454705816445629712e-03 5.475800000000000285e-03 9.926357848909783677e-01 7.794139109408789595e-03 1.208861032104776578e-01 7.514053000000000537e-01
1.100576968286363644e-01 8.732885713278711395e-03 -9.938868346426040778e-01 -1.497131500000000059e+00 -7.870538569596402870e-03 9.999377056282731102e-01 7.914511070777714360e-03 6.186299999999999612e-03 9.938940376073300831e-01 6.951371805894154821e-03 1.101195733673889787e-01 7.562680000000000513e-01
1.085524049717850603e-01 9.137207999083601928e-03 -9.940487346226154486e-01 -1.535377900000000073e+00 -7.720290603498197908e-03 9.999353498795782169e-01 8.348243779562615832e-03 6.258999999999999807e-03 9.940607488920578660e-01 6.768123165763985892e-03 1.086159289467890643e-01 7.609390999999999794e-01
1.086730295577546662e-01 7.218486665419835205e-03 -9.940513397692293251e-01 -1.571999799999999947e+00 -8.675901419185812549e-03 9.999424370688937413e-01 6.312787283460311039e-03 7.131000000000000186e-03 9.940396880312692973e-01 7.938261710400120949e-03 1.087294008983460403e-01 7.647456999999999727e-01
1.086367617085571002e-01 7.391019364588769305e-03 -9.940540361762182364e-01 -1.610013200000000033e+00 -7.969138412009500044e-03 9.999467025202922743e-01 6.563912839482198905e-03 7.388399999999999829e-03 9.940495696083009314e-01 7.208671968286419623e-03 1.086898716992766856e-01 7.688869999999999871e-01
1.081791731412660579e-01 8.210487302272114277e-03 -9.940975074894470298e-01 -1.648277999999999910e+00 -7.106303431041918750e-03 9.999467326098472331e-01 7.485478904954981881e-03 7.294799999999999722e-03 9.941060139391663109e-01 6.254585609758057420e-03 1.082317569331305851e-01 7.734305999999999681e-01
1.092287829330102628e-01 6.996311176778630646e-03 -9.939920143587124279e-01 -1.687757100000000010e+00 -7.914856380061565180e-03 9.999496511285631550e-01 6.168488984168286546e-03 7.755899999999999600e-03 9.939851246509960880e-01 7.193527492300920423e-03 1.092786581852155381e-01 7.773788999999999838e-01
1.084971425606877371e-01 6.129229123953517516e-03 -9.940778654645279211e-01 -1.729284999999999961e+00 -7.328561237510458279e-03 9.999587502823108487e-01 5.365624290547016395e-03 8.481700000000000003e-03 9.940697471738861868e-01 6.703005608331905410e-03 1.085375855151606839e-01 7.820842000000000072e-01
1.077804863591327739e-01 6.649768978688980030e-03 -9.941524769031752085e-01 -1.770691299999999968e+00 -6.256509208352981945e-03 9.999623652765821102e-01 6.010334681958395993e-03 8.696999999999999870e-03 9.941550295867914722e-01 5.572127331049004685e-03 1.078180344111874245e-01 7.867281999999999886e-01
1.070494437199591281e-01 5.843350945242956583e-03 -9.942365271146388350e-01 -1.812602000000000046e+00 -5.791500438251598847e-03 9.999694293012907353e-01 5.253473662712023103e-03 9.227600000000000732e-03 9.942368304996153094e-01 5.195739849319401700e-03 1.070800129132284395e-01 7.916693999999999676e-01
1.068164980281361143e-01 5.414252438681709488e-03 -9.942640100192379204e-01 -1.857206200000000029e+00 -5.556993857637530961e-03 9.999728063560306968e-01 4.848336592107519230e-03 9.230500000000000857e-03 9.942632224759553328e-01 5.007236660516374213e-03 1.068436802658641049e-01 7.962939999999999463e-01
1.071436054161754164e-01 5.505496335343931791e-03 -9.942283124758241053e-01 -1.881070599999999926e+00 -6.218536648392699109e-03 9.999688198897326297e-01 4.867139846771738158e-03 9.518199999999999231e-03 9.942241083480002350e-01 5.661162286752682328e-03 1.071745007974730379e-01 7.987395999999999940e-01
1.073572192530446168e-01 6.729770613713161390e-03 -9.941977356953397571e-01 -1.928225300000000031e+00 -6.183565730675263591e-03 9.999622695407964779e-01 6.101066273523083998e-03 9.833800000000000180e-03 9.942012829347526282e-01 5.492693538356672490e-03 1.073947825948056156e-01 8.037533000000000039e-01
1.075436404394531087e-01 6.865516482375029136e-03 -9.941766593943248687e-01 -1.951279999999999903e+00 -6.151302825842707572e-03 9.999616108417229698e-01 6.240057401286166865e-03 1.022709999999999939e-02 9.941813350061314836e-01 5.444403204833708591e-03 1.075817438005575166e-01 8.059298000000000295e-01
1.080933719668334680e-01 7.194811429567474215e-03 -9.941147104963957704e-01 -1.994967500000000005e+00 -6.067594556850901266e-03 9.999599604728283131e-01 6.577366302201834158e-03 1.042069999999999975e-02 9.941222295236805673e-01 5.320915304027321394e-03 1.081326991579971697e-01 8.105445000000000011e-01
1.070208104083660017e-01 6.244437607361365446e-03 -9.942371714729357768e-01 -2.039357400000000098e+00 -5.486980619129126248e-03 9.999687590602790443e-01 5.689810816796920905e-03 1.071129999999999999e-02 9.942416402380366280e-01 4.846431926005868342e-03 1.070517300858081500e-01 8.155124999999999735e-01
1.073271589561603928e-01 5.440077369118807328e-03 -9.942088746881198036e-01 -2.086353299999999855e+00 -6.152777405647634305e-03 9.999695156933540163e-01 4.807391620793591280e-03 1.091439999999999945e-02 9.942047195022744033e-01 5.601182216025993657e-03 1.073573587472570479e-01 8.204453999999999914e-01
1.071610564502238211e-01 6.304547281114398875e-03 -9.942216858749622910e-01 -2.134631900000000027e+00 -6.699012424136465381e-03 9.999617748625093672e-01 5.618900814326734106e-03 1.133769999999999917e-02 9.942191062401753987e-01 6.058176078669999520e-03 1.071991944446720746e-01 8.254215999999999775e-01
1.073812715085562253e-01 7.855809706913297052e-03 -9.941868781989908754e-01 -2.179738299999999906e+00 -5.955347454475305204e-03 9.999559254800317598e-01 7.258163271081106115e-03 1.138710000000000069e-02 9.942000786390547962e-01 5.141337493489714534e-03 1.074233228069018109e-01 8.302743000000000206e-01
1.062442679424374925e-01 7.190440723178814775e-03 -9.943140615980353703e-01 -2.222343899999999817e+00 -3.440002318961024857e-03 9.999705270521824785e-01 6.863775275014956032e-03 1.198630000000000008e-02 9.943341098008359191e-01 2.691205898257431877e-03 1.062658717434346034e-01 8.357649000000000328e-01
1.064574179048374258e-01 8.163940753545496573e-03 -9.942837463442754098e-01 -2.281403800000000093e+00 -4.667964321393309676e-03 9.999593764254817163e-01 7.710746258048427337e-03 1.183380000000000022e-02 9.943063050600297048e-01 3.820414916525129503e-03 1.064912022081476728e-01 8.417679999999999607e-01
1.065995698669244124e-01 8.215962065400816972e-03 -9.942680874248789324e-01 -2.319805899999999976e+00 -4.764643312016738665e-03 9.999586003336329298e-01 7.752147632179203982e-03 1.213020000000000070e-02 9.942906164086514620e-01 3.910957189965423228e-03 1.066343028090037670e-01 8.455882999999999594e-01
1.056726510991877060e-01 9.017217286753724179e-03 -9.943600859859935692e-01 -2.372019100000000158e+00 -4.760356060939810799e-03 9.999520141382608474e-01 8.562034279799176500e-03 1.241410000000000083e-02 9.943895764839061346e-01 3.828735200931554158e-03 1.057105054709263081e-01 8.515040000000000386e-01
1.060884066403407905e-01 9.303197314372974730e-03 -9.943131802889082493e-01 -2.418388399999999994e+00 -4.614387508232459766e-03 9.999500707160827728e-01 8.863605520609395966e-03 1.252720000000000049e-02 9.943459948149020455e-01 3.647820531626052611e-03 1.061260382796394008e-01 8.561706999999999512e-01
9.110111000675903681e-02 9.136454669520713626e-03 -9.957997353642992211e-01 -2.460795599999999972e+00 -2.348630787495287284e-03 9.999571026378459848e-01 8.959733118140526115e-03 1.265999999999999938e-02 9.958388783779034137e-01 1.522524284229330102e-03 9.111866016817582459e-02 8.606856000000000506e-01
8.958553854682481388e-02 9.319172317929355284e-03 -9.959355322060682303e-01 -2.503695000000000004e+00 -2.785320438337479578e-03 9.999546581877807316e-01 9.106237346693671700e-03 1.309620000000000055e-02 9.959752372791862429e-01 1.958212416281313647e-03 8.960743345728394704e-02 8.644526999999999628e-01
7.479339487936545461e-02 9.547593470485558551e-03 -9.971533440456094022e-01 -2.542022699999999968e+00 -2.821044654967675997e-03 9.999521887535628428e-01 9.362794134963966022e-03 1.329289999999999985e-02 9.971950610534899839e-01 2.112738952492445449e-03 7.481675310145874391e-02 8.676772999999999847e-01
2.519955772405679459e-02 8.797181827122640616e-03 -9.996437324779323674e-01 -2.591346300000000102e+00 -1.827324406589956110e-03 9.999600142517138801e-01 8.753901028988052974e-03 1.367160000000000077e-02 9.996807706343182609e-01 1.606078955960944452e-03 2.521462540594665569e-02 8.700689999999999813e-01
-1.178027981698579266e-02 8.427591205162118099e-03 -9.998950948544111927e-01 -2.630450199999999850e+00 -1.135841606394560714e-03 9.999637243773963347e-01 8.441551583193034058e-03 1.415489999999999977e-02 9.999299649831874248e-01 1.235166290505011321e-03 -1.177028007126845743e-02 8.700261000000000244e-01
-2.546901353281210562e-02 8.655411116074471223e-03 -9.996381411331188849e-01 -2.656519400000000086e+00 -1.371506492428438504e-03 9.999612732846175911e-01 8.693152532172577704e-03 1.420049999999999958e-02 9.996746712404024349e-01 1.592416220127870069e-03 -2.545615624903363461e-02 8.697133999999999698e-01
-5.482530939746058096e-02 8.743378362882862215e-03 -9.984576800166726773e-01 -2.693509300000000106e+00 -4.713956658615207559e-04 9.999613226074235417e-01 8.782429922206149570e-03 1.462830000000000033e-02 9.984958503847669586e-01 9.521680606524767290e-04 -5.481906730678065554e-02 8.689867999999999482e-01
-9.796219410349825407e-02 9.171206667424231657e-03 -9.951478771995105888e-01 -2.729632099999999895e+00 5.393647241062051942e-04 9.999578784996469016e-01 9.162440296112770582e-03 1.468449999999999964e-02 9.951899907113832544e-01 3.608250945189234518e-04 -9.796301441425858680e-02 8.663435999999999915e-01
-1.119558235391630852e-01 8.907903840518413552e-03 -9.936732575775782950e-01 -2.753067000000000153e+00 -7.975334473566998705e-04 9.999586926866638192e-01 9.054107398215606797e-03 1.506359999999999991e-02 9.937128647230387690e-01 1.806147708841264032e-03 -1.119440945936217569e-01 8.637725000000000541e-01
-1.384888506443943679e-01 9.111512927324739997e-03 -9.903220782045455417e-01 -2.775424999999999809e+00 4.817971294690413450e-04 9.999581790906667544e-01 9.132794818895992317e-03 1.539869999999999954e-02 9.903638756127571829e-01 7.876559231112202283e-04 -1.384874488155014571e-01 8.606578999999999757e-01
-2.647485425179972318e-01 9.494272457347734118e-03 -9.642707441507816224e-01 -2.807491100000000017e+00 4.096932572707244653e-03 9.999535806571380192e-01 8.720761117196801360e-03 1.563360000000000097e-02 9.643087806185792754e-01 -1.641743425194518245e-03 -2.647751504587145810e-01 8.528143000000000251e-01
-4.015682228729866021e-01 1.041062806957719980e-02 -9.157699390140674467e-01 -2.827345799999999798e+00 6.341946493024381952e-03 9.999430237541231392e-01 8.586556943307151538e-03 1.590379999999999919e-02 9.158071533315905732e-01 -2.359675540825859671e-03 -4.016113666693599260e-01 8.440613999999999617e-01
-4.793242408864473725e-01 1.114221827527196555e-02 -8.775671615725704200e-01 -2.836103399999999830e+00 7.972225520570549659e-03 9.999334295768150804e-01 8.341464799281670187e-03 1.602829999999999880e-02 8.776016839767804001e-01 -2.997897038706794515e-03 -4.793811603457787118e-01 8.386548000000000336e-01
-5.314131516393243437e-01 1.032379690590275699e-02 -8.470498695367384423e-01 -2.844226799999999944e+00 5.710147191808101139e-03 9.999466733361932480e-01 8.604923179693177437e-03 1.603919999999999998e-02 8.470935346724161041e-01 -2.640100873215955532e-04 -5.314437635487554434e-01 8.328387000000000429e-01
-5.511090799873260559e-01 8.431083763332949607e-03 -8.343906152289216616e-01 -2.860627399999999820e+00 3.764893857414112425e-03 9.999638995146563625e-01 7.617430123376804120e-03 1.639219999999999913e-02 8.344247165141772671e-01 1.056642805202586029e-03 -5.511209268175332188e-01 8.214072999999999514e-01
-5.606748827035328286e-01 7.871291507781152941e-03 -8.279986223873682105e-01 -2.876540700000000061e+00 3.579581635107182205e-03 9.999685139353249319e-01 7.082212457658897814e-03 1.660760000000000014e-02 8.280282981279670773e-01 1.006929976387531747e-03 -5.606854051884402335e-01 8.106548000000000087e-01
-5.610754481479786060e-01 8.063793463769005493e-03 -8.277253872635047527e-01 -2.891801599999999972e+00 3.381473773030242973e-03 9.999665336397146609e-01 7.449646682620216301e-03 1.675830000000000028e-02 8.277577587197039177e-01 1.380882162692396390e-03 -5.610839385009924740e-01 8.001949000000000423e-01
-5.687029533316002583e-01 8.130514974733243916e-03 -8.225027936719488952e-01 -2.906242600000000120e+00 3.361451752659814357e-03 9.999657688172651770e-01 7.560544676824937013e-03 1.682310000000000055e-02 8.225361095502308206e-01 1.534900629149686408e-03 -5.687108162906947539e-01 7.899996999999999714e-01
-5.763243854290450718e-01 7.596455389893400773e-03 -8.171857173405213670e-01 -2.919983400000000007e+00 2.806919366407211597e-03 9.999692982439110089e-01 7.315994344634519850e-03 1.695479999999999904e-02 8.172162039286198221e-01 1.922611528519382190e-03 -5.763280138960854559e-01 7.801031000000000493e-01
-5.844089632197032591e-01 7.556728886501820272e-03 -8.114240935275507383e-01 -2.933247099999999996e+00 3.211518701980697107e-03 9.999703452581094609e-01 6.999625133116759573e-03 1.705179999999999890e-02 8.114529252249316205e-01 1.484740015369879432e-03 -5.844159012988853208e-01 7.704577999999999705e-01
-5.920896459343515383e-01 7.578107943599407537e-03 -8.058364743900146010e-01 -2.945820100000000163e+00 3.484233139951343691e-03 9.999705114843451259e-01 6.843703760657782013e-03 1.716940000000000133e-02 8.058645737943566090e-01 1.244363987076216836e-03 -5.920985899843934641e-01 7.612236000000000002e-01
-6.156126518369245959e-01 7.747170861131187462e-03 -7.880108148001260249e-01 -2.970104699999999820e+00 4.199748197550247537e-03 9.999697289555071755e-01 6.550060131529150328e-03 1.735439999999999899e-02 7.880377053246799823e-01 7.228528881550425229e-04 -6.156265527658105752e-01 7.426066000000000056e-01
-6.265125455211593142e-01 7.843481149437956171e-03 -7.793718689483571938e-01 -2.982085000000000097e+00 4.545158160860567585e-03 9.999691273383146672e-01 6.409828979177574319e-03 1.726640000000000119e-02 7.793980830370893509e-01 4.734698596040587404e-04 -6.265288532736557059e-01 7.328276999999999708e-01
-6.335164320231527757e-01 8.318515880296036002e-03 -7.736845175200313118e-01 -2.994610999999999912e+00 4.501996975151529266e-03 9.999649077922095897e-01 7.065069522203166336e-03 1.736040000000000152e-02 7.737161381151940187e-01 9.927122781049190631e-04 -6.335316504662124037e-01 7.223861999999999783e-01
-6.643614230740239046e-01 8.781228141468347750e-03 -7.473598795516019910e-01 -3.007007399999999997e+00 5.737944005668106640e-03 9.999614359911620509e-01 6.648498257579916679e-03 1.751890000000000044e-02 7.473894403385997753e-01 1.286966227610091863e-04 -6.643861888296096474e-01 7.112585999999999631e-01
-7.230784393135984978e-01 9.584380935244142530e-03 -6.906994355303176514e-01 -3.018635000000000179e+00 7.025389097640451219e-03 9.999540593461130333e-01 6.520974256720022538e-03 1.750780000000000045e-02 6.907302038479553596e-01 -1.372563957678409052e-04 -7.231125546226150336e-01 6.984489999999999865e-01
-7.484892092385435625e-01 8.150550994439811209e-03 -6.630968799292812355e-01 -3.030755800000000111e+00 5.711891044925147994e-03 9.999666117303080970e-01 5.843776629722035980e-03 1.769199999999999939e-02 6.631223702712428780e-01 5.864666181614594173e-04 -7.485107735382003913e-01 6.840519999999999934e-01
-7.661972907028645752e-01 7.959407413118697178e-03 -6.425561139334238225e-01 -3.043478700000000092e+00 5.262986905013343659e-03 9.999674777776137446e-01 6.111002856758618838e-03 1.775209999999999982e-02 6.425838565420304294e-01 1.300469418958045617e-03 -7.662142625211715297e-01 6.685615999999999781e-01
-7.745829555192746962e-01 8.596782270055156050e-03 -6.324138995575814270e-01 -3.056904799999999867e+00 6.048428610202527186e-03 9.999625807276025791e-01 6.184953996608831897e-03 1.784830000000000097e-02 6.324434057924650521e-01 9.656496228701958069e-04 -7.746059682125056023e-01 6.522025999999999657e-01
-7.819066350780161656e-01 9.043379113412347917e-03 -6.233299538087240244e-01 -3.069937499999999986e+00 6.469826681510740772e-03 9.999586422185067214e-01 6.391806883164138919e-03 1.794810000000000155e-02 6.233619777975603071e-01 9.649594455468316762e-04 -7.819328062497334919e-01 6.358215000000000394e-01
-7.862558261167787999e-01 9.565723203761110349e-03 -6.178270573850015435e-01 -3.082190300000000160e+00 6.301308493575373537e-03 9.999522976381025607e-01 7.462972567847564118e-03 1.782440000000000066e-02 6.178689743049814442e-01 1.974686777359055834e-03 -7.862785964296884478e-01 6.199312999999999629e-01
-7.929172624877659503e-01 9.390073379975577561e-03 -6.092569584098537216e-01 -3.093867299999999876e+00 6.446306819239458995e-03 9.999545666396062460e-01 7.022092636063063942e-03 1.818169999999999856e-02 6.092952157840234584e-01 1.640481184256092646e-03 -7.929417688860793678e-01 6.045789999999999775e-01
-8.079416730355005738e-01 9.482704746307163424e-03 -5.891861601253807201e-01 -3.104627400000000037e+00 6.650738666666727687e-03 9.999535659458363979e-01 6.973781427144129172e-03 1.838100000000000150e-02 5.892249321335478740e-01 1.715885456619964822e-03 -8.079672240192146138e-01 5.897974000000000272e-01
-8.141876826139441414e-01 9.007035579728242883e-03 -5.805319033350371249e-01 -3.114675300000000036e+00 6.507003240311998518e-03 9.999584220014248181e-01 6.388519175119822778e-03 1.857570000000000054e-02 5.805653075998995494e-01 1.423930646419976041e-03 -8.142124391293393826e-01 5.755717999999999668e-01
-8.198005025810005675e-01 8.919049986263307209e-03 -5.725797643257060088e-01 -3.124128799999999817e+00 6.694905041994561601e-03 9.999596435432405173e-01 5.990787206544985130e-03 1.869979999999999906e-02 5.726100891657579517e-01 1.077883211653179758e-03 -8.198271305301895184e-01 5.618256999999999834e-01
-8.251406240831611338e-01 9.163948941707304036e-03 -5.648530539241556347e-01 -3.133260299999999887e+00 7.043395268345915838e-03 9.999575889422184227e-01 5.933877312455757176e-03 1.885169999999999901e-02 5.648834756573652971e-01 9.177999015125160726e-04 -8.251701743110905207e-01 5.483278999999999792e-01
-8.299806247972231210e-01 9.215886294308724483e-03 -5.577160835954273477e-01 -3.142110800000000204e+00 7.109735489042692466e-03 9.999570648451758803e-01 5.943073909752254538e-03 1.890680000000000138e-02 5.577469086624211592e-01 9.674223644839398915e-04 -8.300105119644459739e-01 5.350996000000000086e-01
-8.417620355803593357e-01 9.865481564167062623e-03 -5.397586013479691580e-01 -3.150168199999999974e+00 8.127856558684174587e-03 9.999512812327434608e-01 5.601170302378674117e-03 1.889129999999999976e-02 5.397875632166513338e-01 3.277720272902434617e-04 -8.418012111906985062e-01 5.223678000000000488e-01
-8.827232442834550552e-01 9.225593455815278565e-03 -4.698026845677658048e-01 -3.162417899999999893e+00 8.117590392200717264e-03 9.999574417282530714e-01 4.384000286480380960e-03 1.902649999999999827e-02 4.698231355818017208e-01 5.619319734415789691e-05 -8.827605666965466780e-01 4.985956999999999750e-01
-8.956965454324926634e-01 1.017383724773891773e-02 -4.445494253015685460e-01 -3.171489199999999897e+00 8.992720829378145209e-03 9.999482084951507588e-01 4.765637357528409307e-03 1.904770000000000074e-02 4.445748862367095433e-01 2.708560413247299709e-04 -8.957416464386488419e-01 4.806858999999999993e-01
-9.146697565680743658e-01 9.581467969101437748e-03 -4.040883961353705089e-01 -3.179307699999999848e+00 8.518387509733573587e-03 9.999539115650034615e-01 4.428523465340360177e-03 1.920559999999999976e-02 4.041122040893260214e-01 6.084549335310606398e-04 -9.147092195275284832e-01 4.617394000000000220e-01
-9.184505351515939164e-01 9.250703590086050213e-03 -3.954276659047008535e-01 -3.187765100000000018e+00 8.412186430153607494e-03 9.999571885018361250e-01 3.854384901343887310e-03 1.951989999999999975e-02 3.954463928261525152e-01 2.136506300886775386e-04 -9.184890335514046544e-01 4.420826999999999951e-01
-9.309242464496941816e-01 9.114645668137749332e-03 -3.650985765603759758e-01 -3.200702199999999831e+00 8.651957466732205018e-03 9.999583567040966070e-01 2.903186118128748845e-03 1.973079999999999973e-02 3.651098341650937384e-01 -4.561710062426253473e-04 -9.309643392224807856e-01 4.090045999999999959e-01
-9.410871859864681221e-01 1.010445429517453989e-02 -3.380130298900722585e-01 -3.209334099999999967e+00 9.467155002260568136e-03 9.999489407941072328e-01 3.533946930316889546e-03 1.964399999999999827e-02 3.380314798184235747e-01 1.257304253243908369e-04 -9.411347952571014197e-01 3.857462999999999864e-01
-9.548632000628958227e-01 1.054211848471601348e-02 -2.968587760257392905e-01 -3.220969699999999936e+00 1.013650892716370933e-02 9.999444027906034815e-01 2.905600542578177202e-03 2.001999999999999960e-02 2.968729026913964342e-01 -2.346606011011133624e-04 -9.549169726117483492e-01 3.499867999999999868e-01
-9.614497393783113521e-01 1.044590516699686437e-02 -2.747822441764002366e-01 -3.228360700000000083e+00 1.013047114670745548e-02 9.999453902626583846e-01 2.567108647038963444e-03 2.003169999999999951e-02 2.747940541636998968e-01 -3.155276566051236960e-04 -9.615030568014721890e-01 3.245739999999999736e-01
-9.732567123059838732e-01 9.563232803189044423e-03 -2.295210590113668514e-01 -3.237970600000000143e+00 9.417378760178146679e-03 9.999541575110947322e-01 1.730853420750844834e-03 2.036999999999999922e-02 2.295270897489764261e-01 -4.769220363837079618e-04 -9.733021563814273636e-01 2.850335999999999981e-01
-9.782411664325489919e-01 8.937163915502102651e-03 -2.072784296491902156e-01 -3.247162299999999835e+00 8.837748818348204610e-03 9.999599584013457720e-01 1.405627903326810060e-03 2.045270000000000074e-02 2.072826922164767438e-01 -4.568316169806454921e-04 -9.782809805022093519e-01 2.442544000000000104e-01
-9.863967437225514834e-01 9.383402052928964052e-03 -1.641140327316959469e-01 -3.254127500000000062e+00 9.208643622141922044e-03 9.999559329971313693e-01 1.825635910314703974e-03 2.031670000000000004e-02 1.641239313938935296e-01 2.895336763386574096e-04 -9.864396845798848457e-01 2.057107999999999992e-01
-9.868340547928524664e-01 9.250885059360650434e-03 -1.614712650186244103e-01 -3.260514300000000087e+00 9.312511236307536786e-03 9.999565672457493282e-01 3.751753868213444855e-04 2.045289999999999955e-02 1.614677225812328754e-01 -1.133467121591347866e-03 -9.868773428429256089e-01 1.680886000000000047e-01
-9.869433955417795667e-01 9.592334422853192669e-03 -1.607815944590137158e-01 -3.267881399999999825e+00 9.778123693031116545e-03 9.999521266302576761e-01 -3.643414182082431148e-04 2.046769999999999839e-02 1.607704024175668767e-01 -1.931726674605953493e-03 -9.869899422681815970e-01 1.260069000000000050e-01
-9.868308203170633730e-01 9.637456792730725655e-03 -1.614684226061544048e-01 -3.275247600000000148e+00 9.779496981626294508e-03 9.999521759694690592e-01 -8.492767652250657589e-05 2.099140000000000034e-02 1.614598820485689257e-01 -1.662889200195173233e-03 -9.868778755693987659e-01 7.814459999999999462e-02
-9.867131968541574816e-01 9.604359029133403836e-03 -1.621876180276664303e-01 -3.283386199999999810e+00 9.853876315085760562e-03 9.999511799279702240e-01 -7.340859806549749657e-04 2.128729999999999858e-02 1.621726495911555432e-01 -2.322509052620888061e-03 -9.867596656107731068e-01 2.872529999999999875e-02
-9.866022455721989992e-01 8.466340605216681608e-03 -1.629243079121456550e-01 -3.292285899999999987e+00 8.829425075522350647e-03 9.999598879696237619e-01 -1.504561269327985874e-03 2.142399999999999860e-02 1.629050345591901150e-01 -2.922931496611571450e-03 -9.866374238729930246e-01 -2.667980000000000004e-02
