9.999999975989999346e-01 -9.800102888212926171e-06 -6.859998521749136860e-05 4.300000000000000335e-06 9.799897088213173203e-06 9.999999999474800116e-01 -3.000336136391345842e-06 -1.999999999999999909e-06 6.860001461749132702e-05 2.999663856392154675e-06 9.999999976425200110e-01 -1.599999999999999928e-05
9.999960890746125708e-01 -8.139976312251710972e-04 -2.675676239001873510e-03 2.478300000000000121e-03 8.132007779673493210e-04 9.999996246850916259e-01 -2.988882243246769729e-04 4.679999999999999915e-05 2.675918529087291994e-03 2.967111933959873339e-04 9.999963757046790302e-01 2.485920000000000143e-02
9.999963006700069990e-01 -1.065272175798632082e-03 -2.502766767477680818e-03 2.172400000000000112e-03 1.065126012256783269e-03 9.999994309691149219e-01 -5.973294180897811248e-05 -4.653999999999999825e-04 2.502828975166980063e-03 5.706695885046261015e-05 9.999968662903315764e-01 3.714039999999999703e-02
9.999972506343499656e-01 -6.693162404972039523e-04 -2.247385038483315240e-03 2.112300000000000115e-03 6.678827213266971168e-04 9.999995730926326543e-01 -6.385508774470816714e-04 -7.490000000000000455e-05 2.247811471530744305e-03 6.370481322018623892e-04 9.999972707529084515e-01 5.252230000000000093e-02
9.999485979231695909e-01 -1.072872228914740567e-03 -1.008218511373625871e-02 1.829600000000000020e-03 1.067500219485253846e-03 9.999992853980400609e-01 -5.381883411161293663e-04 -4.159000000000000262e-04 1.008275531631212633e-02 5.273979422958657718e-04 9.999490286492815905e-01 6.832290000000000585e-02
9.997194714012774819e-01 -1.151085676861703447e-03 -2.365699691243496397e-02 9.204000000000000375e-04 1.161552153878433156e-03 9.999992335105772900e-01 4.286896917302403091e-04 5.810000000000000277e-05 2.365648532103309040e-02 -4.560482677296667461e-04 9.997200421729242059e-01 1.584936999999999874e-01
9.995993420118493011e-01 -8.043432318398700083e-04 -2.829325858651183731e-02 1.824999999999999908e-04 8.246935738791971336e-04 9.999994095890222257e-01 7.076030780630566779e-04 -7.789999999999999616e-05 2.829267272611470443e-02 -7.306528397777894458e-04 9.995994151741189881e-01 1.749461999999999962e-01
9.993467272831402237e-01 -8.583724151459749298e-04 -3.613006871393752151e-02 -2.977000000000000262e-04 8.725448773022313493e-04 9.999995484578555471e-01 3.764963773720390351e-04 -9.560000000000000626e-05 3.612972922558407851e-02 -4.077755289336291869e-04 9.993470250044295122e-01 1.910212000000000021e-01
9.977073661265682958e-01 -8.788503496830348373e-04 -6.767007609607458840e-02 -3.159299999999999869e-03 8.937327430635198409e-04 9.999995826368840435e-01 1.896518957868784756e-04 2.439999999999999949e-04 6.766988117744585085e-02 -2.496960561590988448e-04 9.977077351776469927e-01 2.372351000000000043e-01
9.948028799828985136e-01 -8.474347301630024256e-04 -1.018160686341250398e-01 -8.568299999999999181e-03 8.515534533937357603e-04 9.999996374237584140e-01 -3.011263467001825365e-06 2.593000000000000144e-04 1.018160342698867793e-01 -8.370621128700208278e-05 9.948032409269801368e-01 2.924460999999999866e-01
9.923623697844662361e-01 -1.357788083954593892e-03 -1.233494363476267675e-01 -1.172980000000000030e-02 1.329066746378464300e-03 9.999990671371961071e-01 -3.151290548031718047e-04 3.910000000000000172e-04 1.233497491580012317e-01 1.487825815782567440e-04 9.923632486375145723e-01 3.178250000000000242e-01
9.835771115178308932e-01 -1.748037782328413451e-03 -1.804799436562188886e-01 -2.015700000000000131e-02 1.652712910177949260e-03 9.999984040546844311e-01 -6.785485395979504782e-04 3.707000000000000117e-04 1.804808417485826433e-01 3.691232796935728366e-04 9.835784307871576759e-01 3.680061000000000027e-01
9.711831847248463268e-01 -1.231567489371917373e-03 -2.383310826334328336e-01 -2.711550000000000071e-02 1.004943843204502644e-03 9.999989200434219461e-01 -1.072380465004768363e-03 6.430000000000000440e-05 2.383321459551293597e-01 8.019685211033106926e-04 9.711833735453434535e-01 3.940238999999999825e-01
9.686796230448311285e-01 -1.122944228219435823e-03 -2.483113507151539501e-01 -3.433289999999999953e-02 9.311802919586050636e-04 9.999991706492028509e-01 -8.897214004402937727e-04 1.660999999999999987e-04 2.483121438854486163e-01 6.306323547378503164e-04 9.686798653331478715e-01 4.224708999999999826e-01
9.554294236183707989e-01 -2.276190390884770282e-03 -2.952108321887467191e-01 -4.311360000000000192e-02 2.145303102780826265e-03 9.999974045021581270e-01 -7.672441230615846194e-04 -1.375000000000000083e-04 2.952118123633692970e-01 9.973089600228389213e-05 9.554318269216717230e-01 4.507400999999999769e-01
9.470650326406839792e-01 -1.078331993402341371e-03 -3.210399681494693902e-01 -5.383799999999999697e-02 8.030645612747945800e-04 9.999991876561818982e-01 -9.898354847262275796e-04 -3.633999999999999969e-04 3.210407747259072520e-01 6.796227544775242449e-04 9.470651292684685307e-01 4.817040000000000211e-01
9.361204339713885547e-01 -8.256792208796209700e-04 -3.516786194169946866e-01 -6.595620000000000649e-02 5.482393959547581918e-04 9.999994550151209971e-01 -8.884835539719226124e-04 -4.820000000000000066e-04 3.516791613598734823e-01 6.389235362412612560e-04 9.361203764697844099e-01 5.139344000000000134e-01
9.248336409432740268e-01 -1.015613900183580083e-03 -3.803704840126440612e-01 -7.965469999999999495e-02 7.451358304302805984e-04 9.999993540137553927e-01 -8.583383169289009228e-04 -4.400000000000000157e-04 3.803711100388692534e-01 5.103924743305479584e-04 9.248338002837702687e-01 5.472095000000000153e-01
9.008751032592623442e-01 -1.668188512830336926e-03 -4.340751841267811995e-01 -9.607670000000000099e-02 1.255352748686976942e-03 9.999984460500349615e-01 -1.237734620857190628e-03 -6.001000000000000041e-04 4.340765743703404733e-01 5.701268288419250076e-04 9.008757975094620063e-01 5.820986999999999689e-01
8.847710303782346797e-01 -9.902151512076848468e-04 -4.660249384715277610e-01 -1.151766000000000040e-01 6.725117268549456835e-04 9.999994142999348856e-01 -8.480140119193533242e-04 -3.334999999999999748e-04 4.660255052370139706e-01 4.368909949721098561e-04 8.847711780990858976e-01 6.181328999999999851e-01
8.547139658717791688e-01 -1.042236030944041370e-03 -5.190982087117917976e-01 -1.360097000000000111e-01 4.615748059589187672e-04 9.999991149957416781e-01 -1.247780602480737808e-03 -1.643000000000000092e-04 5.190990497895692224e-01 8.268928523244218395e-04 8.547136905161735188e-01 6.531487999999999738e-01
8.472254490212119959e-01 -6.657422347323823861e-04 -5.312330894419913241e-01 -1.570423999999999987e-01 1.388468228672000838e-04 9.999994580918953879e-01 -1.031764253782028063e-03 -3.601999999999999733e-04 5.312334884515147460e-01 8.003769065235667116e-04 8.472250823390687913e-01 6.878001999999999727e-01
8.125646883227182204e-01 -1.896488900644133918e-03 -5.828679358318258341e-01 -1.799701999999999968e-01 1.351696012220737764e-03 9.999981489098940246e-01 -1.369340964100273497e-03 -1.745000000000000132e-04 5.828694538306964379e-01 3.248178491864572946e-04 8.125657476687474512e-01 7.211360999999999466e-01
7.906168069456902536e-01 -1.319781185960033302e-03 -6.123098257848083037e-01 -2.065315000000000067e-01 7.795562365352085629e-05 9.999978859545548548e-01 -2.054752866351008695e-03 2.575000000000000249e-04 6.123112431581849702e-01 1.576789155918705346e-03 7.906152384301960989e-01 7.552759999999999474e-01
7.473197211326780831e-01 -2.875834177337147860e-03 -6.644583989866940099e-01 -2.351045999999999969e-01 1.978984894120708066e-03 9.999958319779997939e-01 -2.102295273454630586e-03 2.116999999999999958e-04 6.644616753620670169e-01 2.561335831303641680e-04 7.473222975200342066e-01 7.892457999999999974e-01
7.261833562801257580e-01 -8.781662652792880056e-04 -6.875005177348902929e-01 -2.674255999999999855e-01 -3.021695464297735807e-04 9.999986799374063207e-01 -1.596501490723406524e-03 -7.880000000000000448e-05 6.875010121849254308e-01 1.367094530453933938e-03 7.261821323175390308e-01 8.237607000000000124e-01
7.009932432805715541e-01 -4.222130993227994470e-04 -7.131677885400350414e-01 -2.995188999999999768e-01 3.218370383402564274e-04 9.999999102101931880e-01 -2.756819296352444409e-04 -7.219000000000000373e-04 7.131678409013589848e-01 -3.627263893453876187e-05 7.009933162223371816e-01 8.563655000000000017e-01
6.865005357681948084e-01 1.226704605131112222e-04 -7.271292865384667570e-01 -3.340509999999999868e-01 -4.870717950298671887e-04 9.999998389959924294e-01 -2.911512593458234809e-04 -8.691000000000000374e-04 7.271291337520785492e-01 5.540396623435700583e-04 6.865004849881787274e-01 8.894168999999999548e-01
6.608334236967114972e-01 -2.223613035704000672e-04 -7.505325687008745916e-01 -3.691210999999999798e-01 2.222411274647414006e-05 9.999999614706781559e-01 -2.767033266092208395e-04 -7.144999999999999659e-04 7.505326013114761441e-01 1.661748862447316798e-04 6.608334031770306538e-01 9.207669000000000548e-01
6.065015713743958647e-01 4.515774426197116513e-04 -7.950821592755064060e-01 -4.060377000000000014e-01 -7.579915068045102108e-04 9.999997126719151197e-01 -1.024513882184722741e-05 -1.016299999999999929e-03 7.950819261995987208e-01 6.088792167370239402e-04 6.065017394013271224e-01 9.495185999999999904e-01
5.716979808077575775e-01 2.270888811834633468e-04 -8.204641169307608228e-01 -4.439089999999999980e-01 -1.023275612024458948e-04 9.999999736536577810e-01 2.054793276161139546e-04 -9.254999999999999989e-04 8.204641419766028898e-01 -3.351602455622492826e-05 5.716979889830582362e-01 9.774540999999999924e-01
4.839005610200937668e-01 3.270034279121322414e-04 -8.751229285724356766e-01 -4.841903000000000179e-01 1.706565217645578374e-03 9.999976761585245288e-01 1.317312684430090464e-03 -7.073999999999999559e-04 8.751213256912416805e-01 -2.130902698100461175e-03 4.838988784592239689e-01 1.001284700000000027e+00
3.741946314215290892e-01 4.544462135584686037e-04 -9.273500802253402675e-01 -5.251757000000000231e-01 1.186542192489962403e-03 9.999988267435722111e-01 9.688287281358575181e-04 -1.389999999999999905e-04 9.273494324864448579e-01 -1.462870506231703704e-03 3.741936531756658857e-01 1.018241299999999905e+00
3.543170358619932014e-01 1.224427022911265487e-03 -9.351245579474621872e-01 -5.636615000000000375e-01 -7.528284170554702193e-04 9.999991922065322170e-01 1.024126778025595758e-03 -4.400000000000000224e-06 9.351250565284546790e-01 3.411227763723617625e-04 3.543176714304635544e-01 1.033263199999999937e+00
3.185098140070599659e-01 1.097494470787540970e-03 -9.479189279084337949e-01 -6.018175000000000052e-01 -1.190891807286319302e-03 9.999990038775893320e-01 7.576414273022937873e-04 -5.420000000000000284e-05 9.479188151724234901e-01 8.875526551236880479e-04 3.185108037294700489e-01 1.046265699999999965e+00
3.075019450691003353e-01 1.603055779898567533e-03 -9.515461018736225407e-01 -6.400957000000000452e-01 -1.345559440177581962e-03 9.999983136696024566e-01 1.249851088890418854e-03 -1.629000000000000023e-04 9.515465008335183272e-01 8.960301992596952491e-04 3.075035835260608863e-01 1.058834099999999889e+00
2.712138716792875659e-01 1.485892188575551167e-03 -9.625179623950582686e-01 -6.787535999999999570e-01 -1.406210506115590812e-03 9.999983528867539828e-01 1.147517229325024490e-03 1.201999999999999943e-04 9.625180821058602065e-01 1.042280280460973485e-03 2.712155144365335779e-01 1.070139799999999974e+00
2.379868453574270071e-01 1.607239130022151789e-03 -9.712670478396758789e-01 -7.183909000000000544e-01 -5.406191202694576913e-04 9.999986951393941004e-01 1.522317468831039123e-03 2.444999999999999799e-04 9.712682271997716832e-01 1.627940049101962326e-04 2.379874037219723570e-01 1.079972500000000002e+00
1.775467474967183656e-01 2.008591874113371638e-03 -9.841103180091245184e-01 -7.575741000000000280e-01 -9.989782945576239272e-04 9.999977697501023499e-01 1.860789399238923884e-03 1.566999999999999871e-04 9.841118607636553106e-01 6.527277415300721279e-04 1.775483580627877922e-01 1.087254799999999966e+00
1.402164836409647009e-01 2.007914453388371517e-03 -9.901188342794569053e-01 -7.972555000000000058e-01 7.684172063822246497e-04 9.999974218758765909e-01 2.136767792043308897e-03 -4.339999999999999782e-05 9.901205720771384389e-01 -1.060434414781026222e-03 1.402145792294507975e-01 1.093471199999999977e+00
1.225526949964675372e-01 2.473299156178414802e-03 -9.924589259714412526e-01 -8.375822000000000545e-01 -4.011675540903335280e-04 9.999969365100693786e-01 2.442546840897875937e-03 5.649999999999999776e-05 9.924619267325555105e-01 9.880162185993998473e-05 1.225533117648934800e-01 1.098419100000000093e+00
1.216732125944857551e-01 3.048462245150532733e-03 -9.925655324535890278e-01 -8.584798999999999625e-01 -4.557420750732948857e-04 9.999953497765621258e-01 3.015414467730626914e-03 -1.167000000000000041e-04 9.925701091792448194e-01 8.545870981395246868e-05 1.216740360993702197e-01 1.101195799999999947e+00
1.063150449397376740e-01 2.269357227383131913e-03 -9.943299056335558328e-01 -8.992655999999999983e-01 -2.730615597971775867e-04 9.999974244943619084e-01 2.253096098132725909e-03 1.693999999999999976e-04 9.943324578111921719e-01 3.197526205875062671e-05 1.063153907989642377e-01 1.105656299999999925e+00
7.158939849929224497e-02 2.598832566572571983e-03 -9.974308016558341983e-01 -9.415945000000000009e-01 7.680069767681477070e-04 9.999961655740968736e-01 2.660639469571396756e-03 7.142999999999999610e-04 9.974338916378331366e-01 -9.565073937652191025e-04 7.158712807350564589e-02 1.109174300000000057e+00
5.396321352563306778e-02 3.199371179818894483e-03 -9.985377987888295337e-01 -9.844711000000000434e-01 -7.720498153902756108e-05 9.999948774308481392e-01 3.199867411920045285e-03 3.560999999999999821e-04 9.985429212734813209e-01 -9.558303608164374528e-05 5.396318410273304167e-02 1.111703799999999909e+00
3.861289719368533879e-02 3.499081535784527228e-03 -9.992481176358132267e-01 -1.026854799999999956e+00 -1.223054680461655450e-03 9.999932855038704549e-01 3.454429681331893428e-03 5.358999999999999615e-04 9.992534955193095314e-01 1.088749549068895785e-03 3.861691749558626707e-02 1.113272800000000062e+00
3.696581676829868712e-02 3.899175300118877183e-03 -9.993089236180330293e-01 -1.065956600000000032e+00 -2.181066423604790736e-04 9.999923954476408472e-01 3.893774053743962425e-03 5.104999999999999946e-04 9.993165068286149477e-01 7.401937580333857285e-05 3.696638609584224078e-02 1.114782099999999998e+00
2.114543735340262964e-02 3.368320097642730007e-03 -9.997707361684740057e-01 -1.107045899999999916e+00 1.651685488658957007e-04 9.999942992404728948e-01 3.372566664418199297e-03 5.100000000000000366e-04 9.997763966000012825e-01 -2.364450788141631531e-04 2.114476046780655594e-02 1.116540199999999983e+00
9.697984043035904472e-03 2.290230591339391386e-03 -9.999503507421453330e-01 -1.153106900000000046e+00 8.470094117082480273e-04 9.999969996120915416e-01 2.298552124925408273e-03 1.019399999999999950e-03 9.999526147175962221e-01 -8.692586801491736671e-04 9.696015098455967873e-03 1.117202000000000028e+00
8.542120262129842840e-04 2.357765055505989076e-03 -9.999968556279349441e-01 -1.204575100000000010e+00 2.246893864696558954e-05 9.999972201684010908e-01 2.357785108307423189e-03 1.059299999999999999e-03 9.999996349084138147e-01 -2.448291639100424501e-05 8.541566751689710912e-04 1.117494699999999952e+00
1.546850391070541298e-04 3.075955204440741254e-03 -9.999952572748127544e-01 -1.260492600000000074e+00 -5.712979973952218762e-04 9.999951063203668111e-01 3.075866368437233864e-03 5.374000000000000521e-04 9.999998248455530536e-01 5.708194973763306302e-04 1.564415691763798577e-04 1.117380000000000040e+00
6.709532299544849630e-05 3.296811658756781949e-03 -9.999945632507731830e-01 -1.323901400000000006e+00 -4.847676801132531389e-05 9.999945643373828741e-01 3.296808409757059043e-03 1.167300000000000022e-03 9.999999965741104280e-01 4.825530403018717975e-05 6.725477706182036997e-05 1.116916500000000090e+00
1.158892560528808986e-04 3.404331321864182899e-03 -9.999941985321372240e-01 -1.391433700000000107e+00 -7.095677767655055729e-04 9.999939537854094507e-01 3.404248256901564601e-03 1.449299999999999937e-03 9.999997415415919910e-01 7.091691444329403793e-04 1.183041591690248140e-04 1.117203500000000016e+00
7.179403746863316851e-04 4.138911455762380419e-03 -9.999911769478664336e-01 -1.462594200000000066e+00 -1.804610781210677422e-03 9.999898117290181299e-01 4.137610190820895442e-03 1.154999999999999994e-03 9.999981139689944065e-01 1.801624301624972328e-03 7.254021843507985068e-04 1.117085099999999942e+00
1.440544459718480280e-03 4.243606143701108765e-03 -9.999899582688599464e-01 -1.532896199999999931e+00 -2.922277597348693114e-03 9.999867438757401583e-01 4.239382789870313126e-03 1.866800000000000057e-03 9.999946925485670990e-01 2.916141233232171989e-03 1.452926358847861366e-03 1.117054699999999956e+00
1.806905778518216182e-03 5.094169807030951569e-03 -9.999853921560478698e-01 -1.604140899999999981e+00 -2.403677335458846362e-03 9.999841579071222508e-01 5.089820237552374581e-03 1.687300000000000084e-03 9.999954787031662962e-01 2.394445397316566186e-03 1.819121893857245098e-03 1.117043599999999914e+00
2.241286110303710062e-03 6.227632476805328166e-03 -9.999780963752683549e-01 -1.678444100000000105e+00 -2.306778375603515518e-03 9.999779796308412294e-01 6.222461486167714037e-03 1.124900000000000075e-03 9.999948276916722500e-01 2.292781532294790089e-03 2.255602524284916477e-03 1.117163200000000023e+00
1.925855161414901165e-03 6.144690903695114795e-03 -9.999792667128628576e-01 -1.756747499999999906e+00 -1.436539753549192361e-03 9.999801063302776738e-01 6.141929438131396579e-03 1.720699999999999921e-03 9.999971137135512667e-01 1.424681502848528132e-03 1.934643941844838011e-03 1.117954399999999904e+00
2.141813741693762187e-03 8.246068870044271498e-03 -9.999637068324460643e-01 -1.828242099999999981e+00 -1.859623994213772426e-03 9.999643042327874820e-01 8.242090683642453938e-03 1.422000000000000087e-03 9.999959772081563614e-01 1.841903479482053223e-03 2.157071875537708294e-03 1.118045699999999920e+00
3.806648748644683288e-03 7.643154793924378590e-03 -9.999635451405720632e-01 -1.896632000000000096e+00 -3.556870657946702066e-03 9.999645681391572394e-01 7.629622362298865354e-03 2.738299999999999935e-03 9.999864289561269937e-01 3.527697700308785132e-03 3.833699585016558942e-03 1.117424399999999984e+00
3.276726419626850399e-03 7.950675156707314589e-03 -9.999630242306580818e-01 -1.963806200000000057e+00 -2.106352208759897961e-03 9.999662291030948502e-01 7.943798443403732312e-03 2.736900000000000010e-03 9.999924131433917118e-01 2.080244670534781102e-03 3.293362683814193836e-03 1.118076700000000034e+00
3.331685850673451414e-03 8.651392740430205799e-03 -9.999570257131270568e-01 -2.031979300000000155e+00 -9.681626410570497339e-04 9.999621348352631944e-01 8.648211190955185090e-03 2.864100000000000066e-03 9.999939812471337897e-01 9.393079120994327763e-04 3.339935651084258161e-03 1.118341400000000041e+00
3.916500929567899927e-03 9.123769079397112472e-03 -9.999507077142624212e-01 -2.096592199999999906e+00 -2.151641207938584030e-03 9.999561390787424786e-01 9.115391316162327687e-03 3.202599999999999891e-03 9.999900156804470974e-01 2.115834710062233868e-03 3.935960225751933272e-03 1.118380200000000047e+00
-5.678565934073206804e-03 1.005964216375902255e-02 -9.999332765182233906e-01 -2.155180500000000166e+00 -5.392438857771773147e-04 9.999492226936134154e-01 1.006286492357101603e-02 3.648999999999999900e-03 9.999837314201487359e-01 5.963505475017607735e-04 -5.672852991260968203e-03 1.117768000000000095e+00
-1.554537592534727813e-02 9.420336942686291515e-03 -9.998347856217176810e-01 -2.211844900000000003e+00 -2.252893559522859204e-04 9.999555585330864860e-01 9.424977638644891492e-03 4.433600000000000214e-03 9.998791379622068431e-01 3.717669553921342657e-04 -1.554256276439480722e-02 1.116825500000000027e+00
-1.718865869353308068e-02 9.851465546360476180e-03 -9.998037300585078668e-01 -2.265327000000000091e+00 -1.489299720290535034e-04 9.999514224749287417e-01 9.855481227728293825e-03 4.611699999999999827e-03 9.998522530015023779e-01 3.183032446361011222e-04 -1.718635653254618756e-02 1.116895100000000030e+00
-1.840343390347031274e-02 9.153039497592546994e-03 -9.997887454300112831e-01 -2.317034000000000038e+00 -6.506485625800886158e-04 9.999577744921329669e-01 9.166563652129668810e-03 5.223099999999999618e-03 9.998304307616409092e-01 8.192073583917092866e-04 -1.839670139713489583e-02 1.116007299999999924e+00
-1.774996796281690450e-02 8.320197333926134670e-03 -9.998078380137073173e-01 -2.371643300000000121e+00 -2.005665118370882332e-03 9.999630674411253972e-01 8.357096455598022472e-03 6.185799999999999979e-03 9.998404452435157852e-01 2.153617900126933091e-03 -1.773262488150950666e-02 1.114669600000000038e+00
-1.825060798845594412e-02 9.348785403696439206e-03 -9.997897356542161384e-01 -2.425387399999999971e+00 -8.541768094600049946e-04 9.999557738858498857e-01 9.365930510599761866e-03 6.349999999999999742e-03 9.998330789136903318e-01 1.024931132728056603e-03 -1.824181531929525146e-02 1.114284499999999900e+00
-1.930750467575844884e-02 8.137126804815854320e-03 -9.997804796206803957e-01 -2.481913800000000059e+00 9.767526060329785771e-04 9.999665570167041162e-01 8.119778476363123665e-03 7.200699999999999983e-03 9.998131156458900382e-01 -8.197655280318951951e-04 -1.931480693501430590e-02 1.114162199999999991e+00
-1.868822811220011496e-02 8.651060281286013925e-03 -9.997879321566327526e-01 -2.569853499999999791e+00 6.781361841372238880e-04 9.999624454722179090e-01 8.639894474890252515e-03 8.023600000000000523e-03 9.998251298408846743e-01 -5.165280544470567115e-04 -1.869339288162619184e-02 1.111607599999999918e+00
-1.952610104509765188e-02 8.396612325348579153e-03 -9.997740886217415524e-01 -2.628375300000000081e+00 1.289137673569393065e-03 9.999641145962619992e-01 8.373030739964757926e-03 8.769900000000000612e-03 9.998085164180362527e-01 -1.125353798418530452e-03 -1.953622473235716583e-02 1.110581800000000063e+00
-1.943539510144149177e-02 8.583135128734490499e-03 -9.997742721277703692e-01 -2.689858899999999942e+00 2.037742396279850886e-03 9.999614134481303873e-01 8.545128480228756859e-03 8.982099999999999806e-03 9.998090382783991759e-01 -1.871204472818760716e-03 -1.945213537490508848e-02 1.109331000000000067e+00
-2.039861526498330802e-02 8.601920237527817606e-03 -9.997549217000623045e-01 -2.756225800000000170e+00 2.990836376157365428e-03 9.999590381533532968e-01 8.542652585204967355e-03 9.674099999999999713e-03 9.997874531084303129e-01 -2.815845103634892748e-03 -2.042350663598424543e-02 1.108616100000000104e+00
-2.037852025117553242e-02 9.012744088720655439e-03 -9.997517123548043116e-01 -2.824423299999999859e+00 2.390170936291420752e-03 9.999569491660068588e-01 8.965874051497450814e-03 1.052310000000000051e-02 9.997894793381592038e-01 -2.206866240450101706e-03 -2.039918493786030407e-02 1.107236600000000015e+00
-2.006066254834553905e-02 9.138725046727429538e-03 -9.997569972361490809e-01 -2.890095000000000081e+00 2.479803392536917509e-03 9.999556031442305981e-01 9.090781902153474356e-03 1.192059999999999995e-02 9.997956893252017974e-01 -2.296833685419015243e-03 -2.008243415937804865e-02 1.105450700000000008e+00
-2.050946160924208353e-02 8.423634922336758341e-03 -9.997541719638852742e-01 -2.954479899999999937e+00 2.550290762246660951e-03 9.999616931620134430e-01 8.373065483281842344e-03 1.289779999999999920e-02 9.997864061896054588e-01 -2.377936764196016128e-03 -2.053015867494600855e-02 1.103740600000000072e+00
-2.084912929919904151e-02 6.798376449246411844e-03 -9.997595190270106569e-01 -3.021367099999999972e+00 2.927420378255667262e-03 9.999730091672313081e-01 6.738779337637085254e-03 1.425210000000000019e-02 9.997783474437692552e-01 -2.786218707625588795e-03 -2.086846826959332102e-02 1.102417800000000003e+00
-2.067936883099048481e-02 6.431154385755045652e-03 -9.997654744778990965e-01 -3.055703900000000139e+00 2.674896170548068247e-03 9.999760879602671571e-01 6.377181050955987689e-03 1.432330000000000061e-02 9.997825806820345163e-01 -2.542392760072383594e-03 -2.069607701534004196e-02 1.101513500000000034e+00
-2.072446051501802139e-02 6.855682856415629481e-03 -9.997617197857366911e-01 -3.090575199999999967e+00 1.979373969155826321e-03 9.999748110248704025e-01 6.816112855954198184e-03 1.465080000000000028e-02 9.997832659206953299e-01 -1.837642061753218432e-03 -2.073750844728428078e-02 1.101047600000000015e+00
-2.045719507882584956e-02 8.277080072841395270e-03 -9.997564669033024431e-01 -3.124579400000000007e+00 1.554529663521325798e-03 9.999647846297277098e-01 8.246995692218754559e-03 1.484749999999999959e-02 9.997895211528432524e-01 -1.385440684408503764e-03 -2.046934163762703651e-02 1.099688299999999952e+00
-1.972627327576556566e-02 8.081179059404168183e-03 -9.997727585244856607e-01 -3.157719100000000001e+00 5.787219989311742467e-04 9.999672587995810380e-01 8.071332585125360129e-03 1.516220000000000068e-02 9.998052506480937796e-01 -4.193731770164494700e-04 -1.973030416999765890e-02 1.098903299999999916e+00
-1.995939748724274987e-02 9.024451411594606662e-03 -9.997600620792299608e-01 -3.220366700000000026e+00 2.106175722605652459e-03 9.999574233170086535e-01 8.984184828589801899e-03 1.579979999999999926e-02 9.997985729514577979e-01 -1.926351455089314949e-03 -1.997755476277618403e-02 1.097998500000000099e+00
-1.993902071419405633e-02 8.736849877657777708e-03 -9.997630233746264139e-01 -3.249946599999999908e+00 2.306267861852077852e-03 9.999595593445859132e-01 8.692571767375770198e-03 1.612610000000000085e-02 9.997985379972846864e-01 -2.132399961747644297e-03 -1.995836388321470256e-02 1.097289900000000040e+00
-1.951607994232539348e-02 8.892491934425223593e-03 -9.997699966546710337e-01 -3.279797799999999874e+00 2.173176561067843415e-03 9.999584610801962592e-01 8.851746593749883207e-03 1.620140000000000122e-02 9.998071813741483682e-01 -1.999925329035978205e-03 -1.953459422048720029e-02 1.096624700000000008e+00
-2.011578737692845328e-02 8.316293887241652319e-03 -9.997630691089697264e-01 -3.337742299999999940e+00 1.665649450880028141e-03 9.999642960798954539e-01 8.284453955808181516e-03 1.717449999999999879e-02 9.997962696020187279e-01 -1.498606492762493986e-03 -2.012892119480980124e-02 1.095586900000000030e+00
-2.005139252485080986e-02 8.108644378356040863e-03 -9.997660684100858619e-01 -3.394766300000000125e+00 1.930124046195076052e-03 9.999655617445927236e-01 8.071551646827841014e-03 1.793080000000000021e-02 9.997970875527600887e-01 -1.767826678853068930e-03 -2.006635267937051381e-02 1.094199499999999992e+00
-2.032935398607127117e-02 7.921443876111978338e-03 -9.997619557141721458e-01 -3.447186900000000165e+00 1.588140477178949170e-03 9.999676061776586744e-01 7.890779755357677991e-03 1.873040000000000121e-02 9.997920759719660655e-01 -1.427347974540473310e-03 -2.034127580624733866e-02 1.093242300000000000e+00
-2.081859384887415829e-02 8.341237980052231687e-03 -9.997484733167218973e-01 -3.494655600000000195e+00 2.601202741219123780e-03 9.999622636040416124e-01 8.288854696535011973e-03 1.881489999999999899e-02 9.997798857220798752e-01 -2.427986169921596792e-03 -2.083950548127222469e-02 1.092390100000000031e+00
-2.079377486734792016e-02 8.457960985757443165e-03 -9.997480091616733899e-01 -3.538458799999999904e+00 2.583791138072033186e-03 9.999613306325727535e-01 8.406025391912583244e-03 1.880959999999999924e-02 9.997804473733825636e-01 -2.408347046848449084e-03 -2.081482438986848038e-02 1.091124800000000006e+00
-2.898051451271209389e-02 8.970730765681167451e-03 -9.995397219561154012e-01 -3.578112099999999796e+00 3.201455691335665550e-03 9.999554325905718466e-01 8.881639153821918944e-03 1.882440000000000155e-02 9.995748498536941584e-01 -2.942587659178466999e-03 -2.900794232332160050e-02 1.090025800000000045e+00
-3.563942826141951181e-02 8.589256812909111527e-03 -9.993278019852149807e-01 -3.617932099999999984e+00 3.018660047356524784e-03 9.999594281838022347e-01 8.487029977659450025e-03 1.905249999999999999e-02 9.993601547213686320e-01 -2.714158014024069601e-03 -3.566391035146432298e-02 1.088483199999999984e+00
-3.600015617052177569e-02 9.669480745556745943e-03 -9.993050034387946923e-01 -3.656845300000000076e+00 2.963875784645302654e-03 9.999498240979244335e-01 9.568945964059858561e-03 1.924119999999999997e-02 9.993473891475532778e-01 -2.617332352073694409e-03 -3.602700897004296188e-02 1.086943500000000062e+00
-4.879395020882387746e-02 9.664403841816597562e-03 -9.987621086732322295e-01 -3.694594400000000167e+00 2.428284760209353972e-03 9.999513797415201521e-01 9.557279223379374147e-03 1.908059999999999964e-02 9.988059140073922704e-01 -1.958941401008368072e-03 -4.881504575891804087e-02 1.084956299999999985e+00
-5.736509298960062314e-02 9.015372605223604535e-03 -9.983125608561096431e-01 -3.731692799999999810e+00 2.562414708682456306e-03 9.999572624029505752e-01 8.882983646139496620e-03 1.960519999999999971e-02 9.983499787835703465e-01 -2.048517606914252494e-03 -5.738574246673955326e-02 1.083088599999999957e+00
-8.951929664680283172e-02 8.659084531834030860e-03 -9.959474462957030871e-01 -3.766286599999999929e+00 2.633166853096358898e-03 9.999607694913748013e-01 8.457299246289656791e-03 1.978699999999999903e-02 9.959816072399055864e-01 -1.865404322952425413e-03 -8.953858557363103543e-02 1.080273199999999933e+00
-1.209169617213935871e-01 8.847997862751429132e-03 -9.926231920028304456e-01 -3.802227499999999871e+00 3.861435206456857554e-03 9.999569017257209369e-01 8.442985801444015392e-03 2.011210000000000081e-02 9.926551151765720116e-01 -2.812049949377840290e-03 -1.209459163794661674e-01 1.076382500000000020e+00
-1.355104886471607817e-01 8.450802464171671899e-03 -9.907398707048785669e-01 -3.838880300000000023e+00 3.020066607965842236e-03 9.999625009722379332e-01 8.116393720767450456e-03 2.038529999999999856e-02 9.907713089630175718e-01 -1.892243921542253581e-03 -1.355309291219175538e-01 1.071430199999999999e+00
-1.491717294081831569e-01 9.076261458567661672e-03 -9.887696479075941403e-01 -3.875782300000000014e+00 3.559486141049856417e-03 9.999563224912737525e-01 8.641942382329582603e-03 2.046179999999999874e-02 9.888048974412412262e-01 -2.230378367799850780e-03 -1.491975207855444907e-01 1.066025500000000070e+00
-1.576658534215178431e-01 9.020999068216609476e-03 -9.874513153774597818e-01 -3.910905099999999912e+00 3.179307608113857587e-03 9.999577272404175377e-01 8.627614694211461349e-03 2.097960000000000103e-02 9.874874027895228501e-01 -1.779131245866716077e-03 -1.576878689817721169e-01 1.060661400000000087e+00
-1.881514972665971064e-01 8.302660660827354544e-03 -9.821049230618331682e-01 -3.945371199999999856e+00 3.483812745078730243e-03 9.999636183386879651e-01 7.786208817909308182e-03 2.159010000000000096e-02 9.821338387027988004e-01 -1.956482800847362223e-03 -1.881735769175764128e-01 1.053530099999999914e+00
-2.180028363910997968e-01 7.879460762055829487e-03 -9.759163270606422413e-01 -3.979852000000000167e+00 3.753562552847461171e-03 9.999667810551114977e-01 7.235160982353461626e-03 2.213499999999999843e-02 9.759409173170253693e-01 -2.085877364067990469e-03 -2.180251706157452229e-01 1.045922900000000100e+00
-2.314773039267387922e-01 7.828931805292040427e-03 -9.728088021772810512e-01 -4.012528399999999884e+00 3.044957603162813577e-03 9.999685506972796345e-01 7.322967265869929909e-03 2.244689999999999880e-02 9.728355390301092198e-01 -1.267060839166087288e-03 -2.314938628923598474e-01 1.037987100000000051e+00
-2.576242889092524302e-01 8.546796958999517552e-03 -9.662073680249718688e-01 -4.043997799999999643e+00 4.627692377497087499e-03 9.999603242579327977e-01 7.611463277781942149e-03 2.255170000000000091e-02 9.662340866618508439e-01 -2.510412657593224291e-03 -2.576536194215546249e-01 1.029849500000000084e+00
-3.279949364430063130e-01 9.008834575526881647e-03 -9.446365240489796866e-01 -4.073953600000000286e+00 5.810847837378682948e-03 9.999548500978450161e-01 7.518764074443087808e-03 2.241699999999999943e-02 9.446616091041059038e-01 -3.023022558152009195e-03 -3.280324764706290530e-01 1.019519800000000087e+00
-4.417981352951244056e-01 1.056859726568892301e-02 -8.970522350463138173e-01 -4.102233899999999878e+00 8.636397825223693717e-03 9.999343742253141709e-01 7.527275419035890994e-03 2.220400000000000151e-02 8.970729180408668624e-01 -4.421763727883155221e-03 -4.418604165606818679e-01 1.005998799999999971e+00
-5.826054829607769658e-01 1.158060189561748408e-02 -8.126725914436726539e-01 -4.127520600000000428e+00 1.165058170814769513e-02 9.999147439980292651e-01 5.896497368561982692e-03 2.287580000000000169e-02 8.126715912162189026e-01 -6.032776731398633609e-03 -5.826907330951879294e-01 9.875283000000000255e-01
-6.446275828460532598e-01 9.347423268639607624e-03 -7.644396020041689388e-01 -4.149183800000000311e+00 8.242248824745695979e-03 9.999521092127612309e-01 5.276799717719337507e-03 2.312600000000000072e-02 7.644523168702977989e-01 -2.899130764011777651e-03 -6.446737549120853394e-01 9.677305999999999964e-01
-6.538641528736985897e-01 8.483616238066199813e-03 -7.565644042923813650e-01 -4.170676199999999945e+00 7.303198240439206200e-03 9.999613205689079631e-01 4.901087792163764424e-03 2.337670000000000026e-02 7.565767197596167115e-01 -2.320694208824271125e-03 -6.539008193114363987e-01 9.486101999999999590e-01
-6.568819645503994886e-01 7.544039573627286076e-03 -7.539556831242271162e-01 -4.191319899999999876e+00 6.325026960891772486e-03 9.999698941376049532e-01 4.494980797627006093e-03 2.361769999999999842e-02 7.539668949511990625e-01 -1.816118206116762142e-03 -6.569099048060621504e-01 9.305588999999999666e-01
-6.642194143182919008e-01 7.628160372763148622e-03 -7.474987497059735198e-01 -4.220665900000000192e+00 6.420451779536063067e-03 9.999692658782047827e-01 4.499455294893621102e-03 2.387999999999999845e-02 7.475100985549378851e-01 -1.810654117025123399e-03 -6.642479763537534332e-01 9.047579000000000038e-01
-6.714551689212279184e-01 7.155604180027537453e-03 -7.410106297873090275e-01 -4.238684199999999791e+00 5.988857079187139693e-03 9.999731217660501326e-01 4.229578743253973455e-03 2.397360000000000116e-02 7.410209779215771730e-01 -1.597834246437414545e-03 -6.714799752828602974e-01 8.880400000000000515e-01
-6.784925833725108379e-01 6.962837761752855605e-03 -7.345742530192574948e-01 -4.256691000000000003e+00 6.378931329176422242e-03 9.999732225571829058e-01 3.586558754605606407e-03 2.421130000000000157e-02 7.345795556259336889e-01 -2.252345201361257744e-03 -6.785188305400962072e-01 8.715431999999999624e-01
-6.854656108820650351e-01 6.984674644616297584e-03 -7.280715010341949345e-01 -4.273395100000000113e+00 6.292610709667233529e-03 9.999734712657851743e-01 3.668762068148223934e-03 2.430030000000000037e-02 7.280778113282491137e-01 -2.066660292587102661e-03 -6.854913781855327404e-01 8.556234999999999813e-01
-7.071314534384744999e-01 7.926218262731271266e-03 -7.070376811896533775e-01 -4.304849599999999832e+00 7.486789238201728945e-03 9.999650456729133330e-01 3.722286833539346050e-03 2.421090000000000048e-02 7.070424708211616727e-01 -2.661296003818228346e-03 -7.071660780599468010e-01 8.251022000000000078e-01
-7.169056717352376706e-01 7.862413928990411027e-03 -6.971258424998009184e-01 -4.320794099999999638e+00 7.671001236034469088e-03 9.999648336496756995e-01 3.389277801141527685e-03 2.410299999999999943e-02 6.971279750331963454e-01 -2.917860720762847394e-03 -7.169407733662034321e-01 8.085105000000000208e-01
-7.335971067799903489e-01 7.908342989605977522e-03 -6.795386251238305642e-01 -4.345639700000000438e+00 7.918999324474844045e-03 9.999638748958985524e-01 3.088422393182320425e-03 2.450499999999999901e-02 6.795385010238391699e-01 -3.115608181157094279e-03 -7.336332316709318624e-01 7.819557000000000313e-01
-7.737369942698664183e-01 8.600195680543685356e-03 -6.334485774966178706e-01 -4.361023900000000175e+00 9.086376246320686245e-03 9.999556489751150190e-01 2.477468358394314257e-03 2.462140000000000162e-02 6.334417901156685904e-01 -3.838843186808180673e-03 -7.737808228549244438e-01 7.624507999999999841e-01
-8.180854650692952479e-01 8.223133800868949808e-03 -5.750378699814890915e-01 -4.375299899999999909e+00 8.085983898332418582e-03 9.999633989493078579e-01 2.796001813886627579e-03 2.424870000000000150e-02 5.750398148882831517e-01 -2.362378513353657374e-03 -8.181220144092254953e-01 7.407561999999999758e-01
-8.337596753319331810e-01 8.333067387313092614e-03 -5.520646373191337997e-01 -4.390855799999999753e+00 8.315079157373164373e-03 9.999622136481015611e-01 2.535889310505384797e-03 2.440430000000000030e-02 5.520649085469886419e-01 -2.476138911090415042e-03 -8.337974607103916247e-01 7.167824000000000417e-01
-8.434571359341838104e-01 8.194436025484795952e-03 -5.371339786868145616e-01 -4.406760700000000419e+00 8.164336229967312022e-03 9.999637067637415777e-01 2.434906413382521492e-03 2.442599999999999980e-02 5.371344370412560743e-01 -2.331603212839852314e-03 -8.434934262760024337e-01 6.915289999999999493e-01
-8.498673700424929089e-01 9.285654220403009168e-03 -5.269148223031462352e-01 -4.422956899999999969e+00 9.085787081670817361e-03 9.999543207488430507e-01 2.967303291966536579e-03 2.460249999999999937e-02 5.269183065809762700e-01 -2.265621640760768444e-03 -8.499129162146071836e-01 6.654883000000000326e-01
-8.523864561147553864e-01 8.965038609082253210e-03 -5.228354975657886206e-01 -4.438782200000000344e+00 8.848018416869744482e-03 9.999571529884481169e-01 2.721168376285877395e-03 2.479779999999999832e-02 5.228374910067398185e-01 -2.306571042701491530e-03 -8.524292567291447131e-01 6.393535999999999664e-01
-8.577716212855891476e-01 9.505048662101946502e-03 -5.139430900080513842e-01 -4.453507899999999964e+00 9.200132550689214470e-03 9.999527527163117879e-01 3.138454415836320396e-03 2.459880000000000053e-02 5.139486387550246116e-01 -2.036267418982034855e-03 -8.578185416140506891e-01 6.144317999999999724e-01
-8.696638092100135164e-01 1.025743387331669830e-02 -4.935378850713126320e-01 -4.467175000000000118e+00 9.846823894529703122e-03 9.999456318276135347e-01 3.431245847321447683e-03 2.447660000000000113e-02 4.935462480958798248e-01 -1.875750305658245923e-03 -8.697175303230765264e-01 5.909033999999999676e-01
-8.774687488981778305e-01 1.047819544237311301e-02 -4.795193448937563607e-01 -4.479546100000000308e+00 1.011521833816717703e-02 9.999432602485147648e-01 3.340455289659146482e-03 2.441549999999999970e-02 4.795271390286862667e-01 -1.919297747207724010e-03 -8.775249507741189614e-01 5.681412999999999602e-01
-8.820947488739091513e-01 9.533018484346757887e-03 -4.709755572932123879e-01 -4.491218599999999839e+00 9.361343722903526371e-03 9.999525173237167053e-01 2.707090996540568052e-03 2.465610000000000024e-02 4.709790008617970036e-01 -2.021053324135530568e-03 -8.821421065172460052e-01 5.458802999999999850e-01
-8.863845615799843536e-01 1.007558527750808917e-02 -4.628400280593442662e-01 -4.502340300000000184e+00 9.759423424103479475e-03 9.999476395192411493e-01 3.077641032786816548e-03 2.464819999999999858e-02 4.628468025676400477e-01 -1.789078313907763651e-03 -8.864364819611717516e-01 5.246266000000000540e-01
-8.904800709409865789e-01 1.032731967771264268e-02 -4.549050337435385227e-01 -4.512583300000000186e+00 1.013510691853908470e-02 9.999445446437761342e-01 2.861336208998145093e-03 2.460959999999999884e-02 4.549093567565799523e-01 -2.062548284397711096e-03 -8.905353575405577926e-01 5.039053999999999478e-01
-8.945568426355648972e-01 9.931950041821426683e-03 -4.468438336401843736e-01 -4.522497200000000106e+00 9.985298576352989730e-03 9.999476463377500179e-01 2.235709268916913264e-03 2.488349999999999937e-02 4.468426446818064002e-01 -2.461900071246063675e-03 -8.946091827953750464e-01 4.838616000000000028e-01
-9.117725621783037138e-01 1.029014873419673189e-02 -4.105665691429830066e-01 -4.531827400000000061e+00 1.072519396414800714e-02 9.999417100447141049e-01 1.243674910995497089e-03 2.502889999999999976e-02 4.105554348358369521e-01 -3.269457429138038392e-03 -9.118297788375175905e-01 4.625085999999999919e-01
