9.999999863020000435e-01 -1.920059170824630322e-05 -1.643999297518942309e-04 -1.550000000000000068e-05 1.919940802825442354e-05 9.999999997897599524e-01 -7.201578190583056488e-06 -9.200000000000000007e-06 1.644000679918932687e-04 7.198421710604716894e-06 9.999999864604000033e-01 -5.640000000000000211e-05
9.995150523938324261e-01 -3.001012470587866693e-04 -3.113791864264452841e-02 4.789999999999999879e-05 2.778286320640243668e-04 9.999997024839849535e-01 -7.196132245394151880e-04 2.280999999999999879e-04 3.113812533544113581e-02 7.106132444870014121e-04 9.995148383988159413e-01 2.592360000000000150e-02
9.992654503352812467e-01 -4.456139805158907882e-04 -3.831920138009064364e-02 -4.221000000000000143e-04 4.178273416273282697e-04 9.999996439618943356e-01 -7.331414579350819779e-04 3.298999999999999958e-04 3.831951443507811833e-02 7.165921190770387561e-04 9.992652807484080357e-01 3.478139999999999704e-02
9.902705356851907448e-01 -2.226007935536138962e-04 -1.391553685728726120e-01 -5.256900000000000114e-03 3.277571151612476978e-05 9.999990659196116294e-01 -1.366413428214003885e-03 3.629999999999999872e-04 1.391555427552853275e-01 1.348558041308655199e-03 9.902696179888036410e-01 7.064729999999999621e-02
9.898192607849719549e-01 -2.265682926765368315e-04 -1.423298269720730258e-01 -6.668600000000000222e-03 1.760778517175338911e-05 9.999989202754416828e-01 -1.469400529682772950e-03 4.417000000000000028e-04 1.423300062146327649e-01 1.451934833070791381e-03 9.898181960421736925e-01 8.076089999999999658e-02
9.888062369207253344e-01 -1.596510527562925190e-04 -1.492052289238409990e-01 -8.215999999999999345e-03 -4.487127435757678898e-06 9.999993952691020871e-01 -1.099746014185996965e-03 3.963999999999999859e-04 1.492053142704378998e-01 1.088105220732084755e-03 9.888056382426672064e-01 9.058180000000000398e-02
9.803457298526543351e-01 -1.623664681100370688e-03 -1.972805456011053338e-01 -1.237369999999999963e-02 1.343248254893428207e-03 9.999978884937881229e-01 -1.555214483874529062e-03 4.609999999999999840e-04 1.972826541888368090e-01 1.259651129668286178e-03 9.803458408313054928e-01 1.107338999999999962e-01
9.768166895631492652e-01 -6.660339255600296717e-04 -2.140764148375532139e-01 -1.505669999999999925e-02 2.665132847651186182e-04 9.999981687651200435e-01 -1.895108723931424955e-03 4.858999999999999929e-04 2.140772850200581556e-01 1.794119621563842115e-03 9.768150782892451867e-01 1.213941999999999938e-01
9.746114985799866348e-01 -4.395679889537252552e-04 -2.239022858651870118e-01 -1.759029999999999969e-02 1.710537990632829929e-05 9.999982161582424700e-01 -1.888752958709555372e-03 4.478999999999999908e-04 2.239027166942795799e-01 1.836970417873683842e-03 9.746097675462754850e-01 1.324797000000000058e-01
9.697906275211637395e-01 -1.133332359292447923e-03 -2.439361685561838022e-01 -2.043319999999999859e-02 7.554388069762996800e-04 9.999983654292649016e-01 -1.642696261406854843e-03 4.137999999999999751e-04 2.439376315460910216e-01 1.408792590023970077e-03 9.697898984930302113e-01 1.435892000000000002e-01
9.668104660737057987e-01 -4.450594821296665216e-04 -2.554942751069014806e-01 -2.354849999999999999e-02 8.647441626063209590e-05 9.999989955342575287e-01 -1.414727058925423957e-03 2.956999999999999776e-04 2.554946481093469668e-01 1.345679208908969566e-03 9.668095334319720680e-01 1.551192000000000126e-01
9.642573477629406975e-01 -9.748317480470395724e-04 -2.649656902095858246e-01 -2.660039999999999974e-02 5.874181333927554248e-04 9.999986395699120845e-01 -1.541362469232886601e-03 2.076000000000000046e-04 2.649668323113588686e-01 1.330624435367802443e-03 9.642566085920781793e-01 1.668470999999999982e-01
9.397540122048684275e-01 -1.666099153454470147e-03 -3.418473645626989299e-01 -3.902159999999999657e-02 1.045315428558063172e-03 9.999974532987767617e-01 -2.000177895960398872e-03 2.278000000000000077e-04 3.418498264742966253e-01 1.522336878462974457e-03 9.397533605313266314e-01 2.033429999999999960e-01
9.269877596966533684e-01 -5.519655465038551551e-04 -3.750911738585899768e-01 -4.934240000000000154e-02 3.607011343188793167e-06 9.999989303430465437e-01 -1.462634524513440910e-03 4.644000000000000124e-04 3.750915799635722858e-01 1.354491343014856304e-03 9.269867701286964579e-01 2.290223000000000120e-01
8.962719775070828732e-01 -1.959354797356914122e-04 -4.435047958532477574e-01 -7.297289999999999333e-02 -5.862033926697054380e-04 9.999985055320956828e-01 -1.626437566471157200e-03 4.578000000000000146e-04 4.435044517263897479e-01 1.717714429987370539e-03 8.962705231993359778e-01 2.787918999999999814e-01
8.674141760010373181e-01 -5.136541128687358406e-04 -4.975865587331453344e-01 -8.623020000000000684e-02 -3.006849312124660343e-04 9.999987435150607951e-01 -1.556456511376579002e-03 5.599999999999999509e-04 4.975867330034168812e-01 1.499709222482087986e-03 8.674129316601373318e-01 3.024993000000000265e-01
8.482992651025331732e-01 -8.418340726354378838e-05 -5.295170910741749948e-01 -1.014831000000000066e-01 -1.235467712530264033e-03 9.999969507906496524e-01 -2.138230327695766000e-03 7.672000000000000000e-04 5.295156564692241608e-01 2.468060484859357744e-03 8.482965744546004938e-01 3.273067000000000060e-01
8.104604704008505633e-01 -1.499382669794485992e-03 -5.857914114847037057e-01 -1.183961999999999931e-01 5.827389515234137349e-04 9.999982931004974818e-01 -1.753342923077676110e-03 6.377000000000000507e-04 5.857930405296279952e-01 1.079651657271518510e-03 8.104599607749618517e-01 3.519141000000000075e-01
7.915814485051889671e-01 2.159352535687558347e-04 -6.110636331466579030e-01 -1.376874999999999905e-01 -1.154163097110875481e-03 9.999986821615597377e-01 -1.141745457226118077e-03 4.110000000000000155e-04 6.110625813204177970e-01 1.609051618219640208e-03 7.915806545532284577e-01 3.773224000000000022e-01
7.690081817188711977e-01 -2.272626429506746551e-05 -6.392389349319645975e-01 -1.569871999999999934e-01 -7.990749370206705413e-05 9.999999881374207478e-01 -1.316812475948028163e-04 -3.100000000000000135e-05 6.392389303415647595e-01 1.523439379465438260e-04 7.690081707804518052e-01 4.015251000000000237e-01
7.561968461891472870e-01 8.362740307714937749e-04 -6.543436638795645521e-01 -1.780936999999999937e-01 -1.477161904444358005e-03 9.999988169497798784e-01 -4.290591435847302326e-04 1.910000000000000077e-04 6.543425309471295748e-01 1.291024703904825911e-03 7.561971868824418630e-01 4.262040999999999746e-01
7.328701608516076105e-01 7.713086514655187464e-04 -6.803680859772178735e-01 -1.995059000000000138e-01 -7.504040456763432215e-04 9.999996655196068396e-01 3.253527970840055681e-04 1.050999999999999932e-04 6.803681093548601400e-01 2.721096075338988191e-04 7.328704945140406268e-01 4.495083000000000273e-01
6.834896068559810356e-01 1.047108448989358866e-03 -7.299594926321273380e-01 -2.228207000000000104e-01 -1.853553470116261863e-03 9.999982368429173318e-01 -3.010823641886423933e-04 2.254000000000000036e-04 7.299578903329904112e-01 1.558805617343149603e-03 6.834903426279390626e-01 4.716602999999999768e-01
6.516979482177087668e-01 5.564942335949906154e-04 -7.584783942888528863e-01 -2.473185999999999996e-01 -1.492946089353691533e-03 9.999987348172376667e-01 -5.490682092452244412e-04 4.591999999999999945e-04 7.584771291217704547e-01 1.490193978009494687e-03 6.516979545165881849e-01 4.937810000000000255e-01
5.693544438968891619e-01 -1.366414410289610269e-05 -8.220921584762593826e-01 -2.724312999999999874e-01 1.231089955724290388e-03 9.999988927668960192e-01 8.359919275094174814e-04 2.833000000000000015e-04 8.220912368054927866e-01 -1.488045117969237366e-03 5.693538303105915022e-01 5.124914999999999887e-01
4.652640739851995333e-01 1.069518066570388946e-03 -8.851712814985582822e-01 -2.986702999999999997e-01 2.926677967504924950e-04 9.999990295248182282e-01 1.362092134336849230e-03 4.724999999999999925e-04 8.851718792439439154e-01 -8.927936642677510633e-04 4.652633094444665884e-01 5.265218000000000398e-01
4.462827975046926854e-01 2.608454113661459652e-03 -8.948881833047759304e-01 -3.231196000000000068e-01 -1.725747953459559701e-03 9.999964010359470024e-01 2.054193066537421571e-03 4.706000000000000005e-04 8.948903209027274652e-01 6.276004225642967810e-04 4.462856928832953374e-01 5.389114999999999878e-01
4.114102666123669594e-01 2.197376396072812151e-03 -9.114476200325037913e-01 -3.475476000000000121e-01 -1.106757245388715304e-03 9.999975610285450900e-01 1.911288926588938526e-03 4.646000000000000173e-04 9.114495968589492181e-01 2.224273704020540568e-04 4.114116951567176050e-01 5.502034999999999565e-01
4.008826775825443112e-01 2.520685023674459901e-03 -9.161259329160271747e-01 -3.721097999999999906e-01 -1.381387322388242384e-03 9.999967411211658774e-01 2.146978368169495666e-03 5.846000000000000068e-04 9.161283592288338440e-01 4.048383124977125236e-04 4.008848531968067785e-01 5.610781999999999714e-01
3.659021577054600849e-01 2.355214195388984511e-03 -9.306503446260483425e-01 -3.971276999999999724e-01 -1.756333369462396553e-03 9.999967645175034114e-01 1.840175975313719427e-03 6.195999999999999902e-04 9.306516675317269005e-01 9.612078956433687702e-04 3.659051103767169133e-01 5.711541999999999453e-01
3.336135610971020515e-01 2.601451265217808936e-03 -9.427063298309950046e-01 -4.226595000000000213e-01 -9.676655302299346515e-04 9.999966106181347181e-01 2.417100673147750366e-03 8.453999999999999493e-04 9.427094226088608142e-01 1.058468574080021710e-04 3.336149476880659881e-01 5.806592999999999893e-01
2.393379404312397374e-01 2.219044503014006194e-03 -9.709337907970997383e-01 -4.744535999999999754e-01 -1.130923232416705063e-03 9.999973470949468091e-01 2.006692729550222341e-03 8.383999999999999959e-04 9.709356679424104852e-01 6.177738761819673210e-04 2.393398150593903928e-01 5.947561999999999571e-01
2.220872024424813962e-01 2.636846147472619167e-03 -9.750232415453832235e-01 -5.014188000000000534e-01 -2.436027125034348657e-03 9.999947226763152841e-01 2.149509563882084657e-03 9.166000000000000536e-04 9.750237639581500471e-01 1.897804498277541520e-03 2.220924538451676256e-01 6.007382000000000000e-01
2.124991618776728153e-01 3.480160218416583802e-03 -9.771550515072519039e-01 -5.288273000000000001e-01 -1.913184876994827519e-03 9.999932229300105835e-01 3.145443955396631103e-03 1.008999999999999914e-03 9.771593759080002828e-01 1.201074062767801265e-03 2.125043799458794513e-01 6.069194999999999451e-01
1.966869208321481433e-01 2.607853807715641587e-03 -9.804628775594139700e-01 -5.566054999999999753e-01 -2.160164380365484343e-03 9.999951882626522126e-01 2.226463876303590161e-03 1.119800000000000005e-03 9.804639661218654823e-01 1.680044660200327895e-03 1.966916078192499917e-01 6.127331999999999779e-01
1.578552323439752769e-01 2.884493098301360234e-03 -9.874580524362518430e-01 -5.852492000000000250e-01 -1.258610628522901327e-03 9.999955089710242939e-01 2.719914900827228709e-03 1.463200000000000004e-03 9.874614633092854143e-01 8.134724013908683311e-04 1.578581538652242822e-01 6.172602999999999840e-01
1.544619927767965084e-01 3.030343754076225520e-03 -9.879940838912714129e-01 -5.999082000000000026e-01 -1.610555899357826769e-03 9.999947399175660445e-01 2.815359105764797445e-03 1.410100000000000069e-03 9.879974184668275372e-01 1.156353722482989389e-03 1.544660608319917694e-01 6.197046000000000499e-01
1.388093978494051861e-01 3.412258345850940379e-03 -9.903132370930254336e-01 -6.279632000000000547e-01 -1.711399803528511473e-03 9.999933971792456244e-01 3.205730591294840733e-03 1.582999999999999989e-03 9.903176370131949735e-01 1.249836346347632911e-03 1.388143210540948580e-01 6.237757999999999914e-01
1.369582471559737114e-01 3.396737233447313063e-03 -9.905709973102029275e-01 -6.545646000000000519e-01 -1.734516800920520192e-03 9.999934101109032580e-01 3.189229724257396266e-03 1.663800000000000001e-03 9.905753025325386707e-01 1.281370724527120149e-03 1.369632363141137787e-01 6.276388999999999996e-01
1.225115429339257017e-01 3.066186358215953686e-03 -9.924623521067010845e-01 -6.824594999999999967e-01 -2.482766334711237859e-03 9.999930454377177202e-01 2.782974582319600650e-03 1.753699999999999964e-03 9.924639830841601729e-01 2.123105606252976337e-03 1.225183035440361445e-01 6.309949999999999726e-01
1.107681320218545373e-01 1.805114789132786050e-03 -9.938446369976481343e-01 -7.136985999999999608e-01 -5.608756959082564350e-04 9.999983048361248406e-01 1.753779726880303359e-03 2.023000000000000059e-03 9.938461180418438623e-01 3.631603980764149973e-04 1.107689566967321460e-01 6.348656000000000299e-01
1.019751722057445631e-01 2.002594632101203746e-03 -9.947849284485307253e-01 -7.479036000000000017e-01 -9.041943472055033720e-04 9.999977472461180072e-01 1.920399768685751921e-03 2.033800000000000104e-03 9.947865332251896175e-01 7.036458118727910308e-04 1.019767532155255729e-01 6.384298999999999946e-01
1.014346929021775479e-01 1.905434890198025658e-03 -9.948403753335104405e-01 -7.866433999999999926e-01 -2.290714145942124823e-03 9.999959621705685198e-01 1.681746491135075556e-03 2.071400000000000151e-03 9.948395627962038912e-01 2.108307481863244421e-03 1.014386481328463097e-01 6.421335000000000237e-01
1.014399375704085338e-01 2.137450068885806288e-03 -9.948393691309739273e-01 -8.294608999999999455e-01 -2.282230955716547677e-03 9.999955605216893639e-01 1.915818043789663423e-03 2.526599999999999940e-03 9.948390475285818768e-01 2.076112741437945511e-03 1.014443653847193483e-01 6.463090000000000224e-01
1.022726030726803514e-01 2.128125863074438982e-03 -9.947541333118695706e-01 -8.748270000000000213e-01 -2.867237642741948117e-03 9.999941882750942312e-01 1.844549900518889290e-03 2.680300000000000044e-03 9.947522775088469826e-01 2.663549576481414119e-03 1.022781105350289987e-01 6.509004000000000456e-01
1.031988881308170819e-01 3.013260605601671485e-03 -9.946561766505478408e-01 -9.227893999999999819e-01 -2.909602776697825695e-03 9.999920473250295538e-01 2.727544386038700721e-03 2.373399999999999902e-03 9.946564852753160269e-01 2.612574825475430951e-03 1.032068348150274595e-01 6.558401999999999843e-01
1.033124042660111680e-01 4.081172494269029449e-03 -9.946405839074978772e-01 -9.698293999999999526e-01 -4.254995185031765215e-03 9.999842454256057112e-01 3.661135965437422538e-03 2.448800000000000109e-03 9.946398554958228999e-01 3.853950136429482812e-03 1.033281419923647304e-01 6.604527000000000037e-01
1.038844121709212448e-01 4.704228390792924465e-03 -9.945782518953195650e-01 -1.018064599999999986e+00 -4.690841115718657160e-03 9.999800097838958957e-01 4.239816296325967654e-03 2.339599999999999839e-03 9.945783151253245746e-01 4.224957733133635068e-03 1.039044022870253547e-01 6.657245000000000523e-01
1.039079671331917393e-01 5.331343709634674480e-03 -9.945726273834892828e-01 -1.068591700000000033e+00 -4.958915434608810249e-03 9.999759807170095494e-01 4.842225394092654692e-03 2.096199999999999886e-03 9.945745540299931742e-01 4.428855755670537200e-03 1.039319090209330776e-01 6.712129000000000012e-01
1.045310784544350308e-01 5.991691459530348179e-03 -9.945035712709163755e-01 -1.121086500000000097e+00 -5.000324121967686386e-03 9.999723781570380998e-01 5.499061886615370931e-03 2.177500000000000182e-03 9.945090499315870636e-01 4.398017327313388791e-03 1.045581515127378402e-01 6.767931000000000363e-01
1.049033104386701554e-01 7.784957098671749058e-03 -9.944519545468147870e-01 -1.169542300000000035e+00 -5.832353379923846913e-03 9.999569786165733998e-01 7.212805977252069282e-03 2.084599999999999821e-03 9.944653232330727954e-01 5.043347993707419409e-03 1.049442019739760257e-01 6.818018000000000134e-01
1.051161358550598002e-01 7.192319352286803864e-03 -9.944339437716488428e-01 -1.215125000000000011e+00 -5.483152611995503571e-03 9.999628375288628357e-01 6.652713631192254048e-03 2.804800000000000088e-03 9.944448365899104525e-01 4.753325526387295816e-03 1.051516660643377898e-01 6.864489000000000285e-01
1.047494148207645387e-01 6.650221567572582246e-03 -9.944764123134394174e-01 -1.260764999999999914e+00 -4.771565569769039422e-03 9.999694924623467873e-01 6.184359838327740076e-03 3.268800000000000091e-03 9.944872006500239392e-01 4.097401334836377022e-03 1.047779511423109211e-01 6.914921000000000539e-01
1.055335086411810092e-01 7.365640831060690438e-03 -9.943884683005076441e-01 -1.306043400000000076e+00 -4.544347817194255637e-03 9.999656983691872503e-01 6.924665186134165359e-03 3.352500000000000011e-03 9.944053637510198440e-01 3.788062852106375503e-03 1.055633607035620924e-01 6.961277999999999633e-01
1.055734370947245260e-01 8.312444082612592544e-03 -9.943767659460772679e-01 -1.349557499999999965e+00 -4.873590875816149331e-03 9.999573773039964752e-01 7.841663553616111740e-03 3.378499999999999993e-03 9.943995663172734423e-01 4.018314159742688088e-03 1.056094487218459665e-01 7.007136000000000475e-01
9.476613280983678389e-02 8.230870293211242986e-03 -9.954655357401802629e-01 -1.389528600000000003e+00 -3.958334604328447512e-03 9.999610293899974245e-01 7.891215904842530798e-03 4.098899999999999939e-03 9.954916934155844110e-01 3.192565663067312067e-03 9.479502025453889758e-02 7.050414000000000403e-01
8.514408333822437447e-02 8.224264945771973118e-03 -9.963347060795356702e-01 -1.426369500000000068e+00 -3.315784373993745700e-03 9.999627348313511188e-01 7.970854570880403153e-03 4.426000000000000247e-03 9.963631319185181079e-01 2.624959943826270670e-03 8.516818031879413997e-02 7.079147999999999552e-01
8.541059663566295812e-02 8.692723479500336428e-03 -9.963079175339565330e-01 -1.462051500000000059e+00 -4.517194964651752992e-03 9.999550411923652238e-01 8.337298340986006723e-03 4.502899999999999785e-03 9.963355985469913856e-01 3.788423482693923424e-03 8.544602340380957894e-02 7.109773000000000343e-01
8.416481428372386830e-02 7.168847444689441413e-03 -9.964260593054061754e-01 -1.496368300000000096e+00 -4.897897070752040526e-03 9.999650164253188755e-01 6.780599515982755655e-03 5.154599999999999634e-03 9.964398098434599227e-01 4.309704378097952392e-03 8.419698217455784395e-02 7.140218999999999872e-01
8.373098181276504570e-02 8.043922270681779299e-03 -9.964559287791777686e-01 -1.532365399999999989e+00 -4.845436889840208303e-03 9.999588835771159312e-01 7.665043806434666297e-03 5.434699999999999774e-03 9.964766150924050381e-01 4.186462672855985508e-03 8.376651541201773910e-02 7.171286000000000049e-01
8.363268258174012815e-02 8.744299453480756934e-03 -9.964582839392975844e-01 -1.567255999999999982e+00 -3.687197617665572465e-03 9.999573687030390845e-01 8.465538980047804946e-03 5.625800000000000245e-03 9.964898288381623948e-01 2.966142876242415603e-03 8.366135917212635942e-02 7.204040000000000443e-01
8.347825053535919138e-02 6.808015160435747747e-03 -9.964863434172748224e-01 -1.604824400000000040e+00 -2.930222864788461883e-03 9.999740164203707593e-01 6.586370629920548260e-03 6.460699999999999776e-03 9.965052912461218604e-01 2.370108370367507607e-03 8.349603047327602834e-02 7.237295999999999729e-01
8.229883674678850625e-02 8.223090062391046062e-03 -9.965737716094835719e-01 -1.662614500000000106e+00 -9.648501951387247928e-04 9.999661480477191056e-01 8.171402738095428012e-03 6.414000000000000430e-03 9.966072298223740411e-01 2.890474580727695614e-04 8.230398482054557263e-02 7.287578000000000111e-01
8.247524871319328321e-02 7.543617221568963555e-03 -9.965645624789752910e-01 -1.701851699999999967e+00 -1.261942098947429081e-03 9.999713404707515352e-01 7.464967465903820168e-03 7.042699999999999828e-03 9.965923142648832611e-01 6.419317273250301631e-04 8.248240461954070568e-02 7.316548000000000496e-01
8.143941996419967744e-02 7.816651335960973432e-03 -9.966476412643471283e-01 -1.742119200000000090e+00 1.261358656556507696e-06 9.999692447267762851e-01 7.842805554744272656e-03 6.919500000000000303e-03 9.966782935703494273e-01 -6.399706654002224569e-04 8.143690541298664876e-02 7.350322000000000244e-01
8.220692136040247400e-02 7.417364988844812532e-03 -9.965876804260961341e-01 -1.785587400000000047e+00 1.211742963569263469e-04 9.999722220158717700e-01 7.452550800220500600e-03 7.341999999999999568e-03 9.966152755187099865e-01 -7.334120685017443339e-04 8.220373902386235443e-02 7.385538000000000380e-01
8.242583809339812384e-02 8.191558139560323193e-03 -9.965635351495898409e-01 -1.830364600000000008e+00 -1.024583540529159544e-03 9.999663871814356009e-01 8.134785545771674661e-03 7.869100000000000400e-03 9.965966744090459795e-01 3.505460788855289424e-04 8.243146046429838947e-02 7.420972000000000124e-01
8.123984128441576191e-02 8.579354283231848538e-03 -9.966576558017130605e-01 -1.873776000000000108e+00 1.058820700219126852e-03 9.999616450061450390e-01 8.694102330268379045e-03 8.840000000000000635e-03 9.966940187875152901e-01 -1.761589250416196063e-03 8.122764133289295252e-02 7.456477000000000244e-01
8.070417711763462620e-02 7.877130761763082717e-03 -9.967069712843026341e-01 -1.915463700000000102e+00 3.984255076906187062e-04 9.999684366890435605e-01 7.935167470520542582e-03 9.438000000000000209e-03 9.967380182640173114e-01 -1.037514642051710206e-03 8.069849137677387318e-02 7.488949000000000300e-01
8.119677781095352431e-02 6.552093235981617213e-03 -9.966765540271056434e-01 -1.958915699999999926e+00 9.136171536372741583e-04 9.999774829606008497e-01 6.648223482829149905e-03 9.947700000000000292e-03 9.966976716019835258e-01 -1.450395121360094439e-03 8.118896339513581584e-02 7.518578999999999679e-01
8.101617118725942812e-02 6.176959663280147048e-03 -9.966936466013390783e-01 -1.981367000000000100e+00 1.064170329419085025e-03 9.999796903313878937e-01 6.283825765533438551e-03 9.939999999999999183e-03 9.967122190219536160e-01 -1.569743310165025354e-03 8.100795243847069838e-02 7.536072000000000326e-01
8.071721906330235619e-02 6.884499051709068104e-03 -9.967132657988923006e-01 -2.003888100000000172e+00 1.128784344546576463e-03 9.999748735231593910e-01 6.998440415184075357e-03 9.929399999999999685e-03 9.967364026625041840e-01 -1.689968978529560358e-03 8.070741980921736225e-02 7.556888000000000494e-01
8.041799822169685974e-02 8.890053068573041534e-03 -9.967215822477472065e-01 -2.048203899999999855e+00 1.464411206769394673e-03 9.999580925291527977e-01 9.037072826738634310e-03 1.000449999999999950e-02 9.967601522241106293e-01 -2.186353561582534636e-03 8.040160941343843515e-02 7.591472000000000220e-01
8.146784652282321182e-02 9.269557898641710841e-03 -9.966328638366774850e-01 -2.069031499999999912e+00 1.475296972598879978e-03 9.999545326463320505e-01 9.421047653965709812e-03 1.035619999999999943e-02 9.966748785244745612e-01 -2.237841911168282714e-03 8.145046704472758137e-02 7.605423000000000044e-01
8.153522487778278038e-02 1.002644911001817490e-02 -9.966200266010981634e-01 -2.108768200000000093e+00 3.129425967512079482e-03 9.999418928403996931e-01 1.031589239341466034e-02 1.048020000000000028e-02 9.966655476122586732e-01 -3.959957197100129681e-03 8.149911006725096829e-02 7.639365000000000183e-01
8.178469979907186660e-02 9.190231796212469315e-03 -9.966076472304976619e-01 -2.147239900000000201e+00 2.069092908700851784e-03 9.999537640052502674e-01 9.390884211159685607e-03 1.097519999999999919e-02 9.966478724872247508e-01 -2.830104461699203561e-03 8.176190295868246416e-02 7.668713000000000335e-01
8.070729462536774257e-02 9.703932178100629913e-03 -9.966906071066070627e-01 -2.184709100000000070e+00 2.421113762291906158e-03 9.999477484606081878e-01 9.931694553816747262e-03 1.112450000000000071e-02 9.967349049784521853e-01 -3.214661544096930439e-03 8.067958322123869319e-02 7.700590999999999964e-01
8.107458744295316377e-02 9.818867106395949562e-03 -9.966596716631520581e-01 -2.236686199999999847e+00 2.318663330072846980e-03 9.999469110266959726e-01 1.003986695782442540e-02 1.152459999999999943e-02 9.967053401438746851e-01 -3.124896304835546833e-03 8.104751662924236655e-02 7.741168999999999967e-01
8.086171114230084056e-02 1.053830631762525324e-02 -9.966696181639606023e-01 -2.267822999999999922e+00 2.979770167078974429e-03 9.999370806177877435e-01 1.081460934695593207e-02 1.151529999999999915e-02 9.967208759933195994e-01 -3.844334211769338643e-03 8.082522164261429776e-02 7.766383999999999510e-01
8.109929575834264048e-02 1.034041943162287286e-02 -9.966523867194013730e-01 -2.310927200000000070e+00 2.643408736471648292e-03 9.999404342673259283e-01 1.058963207686975522e-02 1.192840000000000046e-02 9.967025216270665178e-01 -3.493371330053478795e-03 8.106713106430707416e-02 7.797884000000000482e-01
7.332401801553471710e-02 1.082973879603248146e-02 -9.972493695859964147e-01 -2.324034699999999898e+00 2.503216096861952435e-03 9.999358913561641193e-01 1.104296549509986743e-02 1.179849999999999996e-02 9.973050297131916819e-01 -3.306045275440731932e-03 7.329220813570014315e-02 7.807547000000000237e-01
6.622040774641262117e-02 1.090136919526348350e-02 -9.977454674151959857e-01 -2.350780700000000056e+00 2.808936257178616669e-03 9.999343176897569352e-01 1.111171379325388842e-02 1.198450000000000036e-02 9.978010660823140032e-01 -3.538425637008881831e-03 6.618543698586110136e-02 7.826549999999999896e-01
6.623791289929302495e-02 1.127761743471403233e-02 -9.977401235991976147e-01 -2.377271200000000029e+00 2.629054895898591017e-03 9.999306818413039588e-01 1.147691521007823852e-02 1.240050000000000006e-02 9.978003943500424189e-01 -3.383320466820669351e-03 6.620367193380416460e-02 7.841825000000000045e-01
5.329148694681825477e-02 1.121694793063728740e-02 -9.985159976175239649e-01 -2.402019000000000126e+00 2.025678666683134420e-03 9.999336371403555468e-01 1.134098501890780722e-02 1.254399999999999959e-02 9.985769444789605043e-01 -2.627050509814835011e-03 5.326522843922132378e-02 7.854223999999999650e-01
4.489543677709261632e-02 1.147686802620955654e-02 -9.989257636365692639e-01 -2.425886600000000115e+00 2.319141072116012205e-03 9.999301137219888114e-01 1.159263803532595977e-02 1.255940000000000008e-02 9.989889996097464087e-01 -2.837106314439115200e-03 4.486568272609769981e-02 7.865461000000000258e-01
1.246065599634455651e-02 1.101933545130441908e-02 -9.998616435779265066e-01 -2.449173500000000114e+00 3.039079545318667912e-03 9.999342400464016345e-01 1.105800969173240458e-02 1.288330000000000031e-02 9.999177446408570313e-01 -3.176449123919302363e-03 1.242634794721131364e-02 7.870253000000000387e-01
-1.867370278155874516e-02 1.101384828488437446e-02 -9.997649663647868445e-01 -2.473070100000000160e+00 3.965881898966227073e-03 9.999322741132434800e-01 1.094161631025112463e-02 1.320529999999999968e-02 9.998177656979242434e-01 -3.760629292399201348e-03 -1.871611771002978930e-02 7.867575999999999459e-01
-3.338904968397912038e-02 1.029213884249165212e-02 -9.993894352249517166e-01 -2.497745999999999800e+00 3.358357861480569355e-03 9.999424854973107957e-01 1.018563350678175494e-02 1.358769999999999943e-02 9.994367877928425070e-01 -3.016218743247606020e-03 -3.342169401478445323e-02 7.859066000000000107e-01
-4.725861803131796435e-02 1.051156514921229926e-02 -9.988273774881644140e-01 -2.522878200000000071e+00 3.677139253946366815e-03 9.999396835983113130e-01 1.034929042090524352e-02 1.388939999999999966e-02 9.988759190553535561e-01 -3.183734194781295823e-03 -4.729442005036010865e-02 7.848239999999999661e-01
-5.569533428359504934e-02 1.025630351593896997e-02 -9.983951311866595679e-01 -2.547035499999999786e+00 3.337305224249184372e-03 9.999435655116639676e-01 1.008603914630291226e-02 1.440220000000000042e-02 9.984422327470320324e-01 -2.770203965323422054e-03 -5.572641956120727436e-02 7.836712000000000122e-01
-8.706702278608652312e-02 9.266134631324543514e-03 -9.961593608917006515e-01 -2.570564300000000024e+00 3.531834849991784611e-03 9.999533273528287136e-01 8.992733655499155973e-03 1.496680000000000059e-02 9.961961953780790191e-01 -2.735299800850298901e-03 -8.709568559486746686e-02 7.813807000000000391e-01
-1.172792978207579384e-01 9.016227376529985932e-03 -9.930580415799292737e-01 -2.593951899999999977e+00 4.504601276483338398e-03 9.999533289411198789e-01 8.546841926257762664e-03 1.524799999999999940e-02 9.930887547797577763e-01 -3.470962902026468889e-03 -1.173144387810932665e-01 7.787254999999999594e-01
-1.312503012893043997e-01 8.847084413381067075e-03 -9.913097838258476679e-01 -2.616302500000000197e+00 3.018890349632667638e-03 9.999591081441566720e-01 8.524572751736819720e-03 1.556429999999999966e-02 9.913446649437939184e-01 -1.873802797860242651e-03 -1.312716425986626412e-01 7.757406999999999497e-01
-1.584294040843437779e-01 9.201252318088305737e-03 -9.873274334673676211e-01 -2.637655500000000153e+00 5.076535916346548195e-03 9.999509516315029378e-01 8.504299756107143796e-03 1.576750000000000027e-02 9.873572568754283019e-01 -3.664872034676664326e-03 -1.584683438684195700e-01 7.726412000000000280e-01
-2.300643251874638640e-01 9.713078152439436064e-03 -9.731269508079823938e-01 -2.657772500000000093e+00 6.600971491152994759e-03 9.999427624930681269e-01 8.420149232907609901e-03 1.587250000000000119e-02 9.731530370149444886e-01 -4.486407308309504210e-03 -2.301152726310318197e-01 7.677224999999999744e-01
-3.474577519728783148e-01 1.047204767090569207e-02 -9.376371615990549691e-01 -2.677320200000000039e+00 8.388181640788949442e-03 9.999323398871784452e-01 8.059407950558053479e-03 1.583690000000000098e-02 9.376581194671730346e-01 -5.064767055913410587e-03 -3.475220843801936077e-01 7.606842000000000326e-01
-4.963971315402244122e-01 1.159511175815025434e-02 -8.680181110909799269e-01 -2.694982800000000012e+00 1.167920558139460933e-02 9.999094968083347412e-01 6.677900080875162972e-03 1.621970000000000009e-02 8.680169836792506199e-01 -6.822871522946716630e-03 -4.964876277094493195e-01 7.502822999999999576e-01
-5.634371882628865791e-01 1.007335195120973720e-02 -8.260974896844072157e-01 -2.710547399999999829e+00 9.106300818967363875e-03 9.999406421960996827e-01 5.982254578854804584e-03 1.638080000000000092e-02 8.261087157074465948e-01 -4.152067547477269853e-03 -5.634954748418785631e-01 7.389759000000000189e-01
-5.733321072098734872e-01 8.921820177948756869e-03 -8.192744936631425334e-01 -2.725989300000000171e+00 7.946748923406389553e-03 9.999542285090667892e-01 5.328233139170388682e-03 1.679469999999999921e-02 8.192845317860179000e-01 -3.455721567105853303e-03 -5.733767644094206473e-01 7.277633000000000019e-01
-5.767198609956747379e-01 8.294642555973542886e-03 -8.168998719781991324e-01 -2.740738900000000200e+00 7.476171162277697561e-03 9.999601682218490772e-01 4.875329166692577570e-03 1.681979999999999933e-02 8.169077725165073689e-01 -3.295584106028653579e-03 -5.767589013855947133e-01 7.171184000000000447e-01
-5.814964700333258296e-01 8.444065434294233119e-03 -8.135051033015853195e-01 -2.754903999999999797e+00 7.425668479553476642e-03 9.999595686453058851e-01 5.071540429245493566e-03 1.692019999999999982e-02 8.135150366074456185e-01 -3.091736346304926018e-03 -5.815356621738273502e-01 7.069423000000000235e-01
-5.894169680642927789e-01 8.609756207054206772e-03 -8.077830834177899266e-01 -2.768539899999999943e+00 7.828486381975131164e-03 9.999571259465066531e-01 4.945813357722083151e-03 1.701060000000000072e-02 8.077910327299160365e-01 -3.408572554205619234e-03 -5.894590987288932382e-01 6.968136999999999803e-01
-5.967290899479787969e-01 8.194007245894922159e-03 -8.024009293707924373e-01 -2.781476300000000013e+00 7.570053627591207500e-03 9.999608500767480646e-01 4.581768420897902420e-03 1.715219999999999939e-02 8.024070584796302308e-01 -3.340143566011131472e-03 -5.967677571241815082e-01 6.869642999999999722e-01
-6.040283699057538147e-01 8.199414431486411192e-03 -7.969206346631882987e-01 -2.794089099999999881e+00 7.780464938894213200e-03 9.999600899146471322e-01 4.391234817864247617e-03 1.713280000000000011e-02 7.969248350467770248e-01 -3.547982648170329781e-03 -6.040680583384588909e-01 6.773991999999999791e-01
-6.115836233786915432e-01 7.783405741691667469e-03 -7.911415108626584924e-01 -2.806046999999999958e+00 7.771948340576526927e-03 9.999624640040637447e-01 3.829804422295775626e-03 1.736549999999999899e-02 7.911416234998518426e-01 -3.806465287090858227e-03 -6.116211592056278734e-01 6.682825999999999489e-01
-6.190144536201318548e-01 8.317716966553862293e-03 -7.853355472623367861e-01 -2.817513899999999794e+00 8.488448300576321645e-03 9.999563668071951295e-01 3.900093229981654690e-03 1.734089999999999937e-02 7.853337204366167557e-01 -4.252066111716489884e-03 -6.190580485535774891e-01 6.594617000000000395e-01
-6.360309947531315178e-01 8.216716448195982708e-03 -7.716197634095127711e-01 -2.828815500000000149e+00 8.160920779363579208e-03 9.999590104042189731e-01 3.921336946503496332e-03 1.731540000000000162e-02 7.716203555411011994e-01 -3.803035922129474524e-03 -6.360719800717525851e-01 6.499650000000000150e-01
-6.433733056681542051e-01 8.365854064119906258e-03 -7.655068922220162886e-01 -2.840849599999999864e+00 8.273297580947955310e-03 9.999578761489472667e-01 3.974729528386917315e-03 1.726389999999999869e-02 7.655078981308873765e-01 -3.776031443804281091e-03 -6.434154175070461168e-01 6.395775999999999684e-01
-6.598501032018205814e-01 8.966760896914772322e-03 -7.513437552169874856e-01 -2.852593900000000016e+00 9.108616733433938517e-03 9.999507760536966439e-01 3.934281486271173044e-03 1.717170000000000155e-02 7.513420488737139191e-01 -4.247666256589497681e-03 -6.598992975641226888e-01 6.292470000000000008e-01
-7.043753276224015147e-01 9.438089976389471211e-03 -7.097649753928638727e-01 -2.864247799999999788e+00 1.003979593546658854e-02 9.999440446252449988e-01 3.333184075351217773e-03 1.733660000000000062e-02 7.097567191188889346e-01 -4.778082889984533455e-03 -7.044306705343598152e-01 6.172050999999999510e-01
-7.543158389870358027e-01 8.794429226467915042e-03 -6.564527957651367096e-01 -2.875289899999999843e+00 9.158061923615691199e-03 9.999539369826924151e-01 2.872945286060743682e-03 1.728769999999999959e-02 6.564478234826336411e-01 -3.844727219729007599e-03 -7.543616328509280544e-01 6.037432999999999828e-01
-7.724391890324041610e-01 9.333840862595445959e-03 -6.350201403591178018e-01 -2.887247100000000177e+00 9.860394580523849234e-03 9.999477303984383170e-01 2.703532823639699656e-03 1.728829999999999950e-02 6.350121824545402749e-01 -4.173234448705804775e-03 -7.724908492976197971e-01 5.888759000000000077e-01
-7.834676984004629308e-01 8.588170853374097954e-03 -6.213731639558274233e-01 -2.899433600000000055e+00 9.124185492248930787e-03 9.999556910185930514e-01 2.316298476293051928e-03 1.732030000000000028e-02 6.213655243109207360e-01 -3.854778971808760311e-03 -7.835113438086868110e-01 5.730933999999999751e-01
-7.907831412240708957e-01 9.793699721818227913e-03 -6.120180610092724738e-01 -2.911777499999999907e+00 9.829660769549374358e-03 9.999462403709928893e-01 3.300626769595769137e-03 1.733140000000000028e-02 6.120174844928421010e-01 -3.405849919689321083e-03 -7.908368977617179496e-01 5.570264000000000326e-01
-7.934187032680551921e-01 8.820871404166364532e-03 -6.086123179266985650e-01 -2.923931800000000081e+00 9.120373088761280639e-03 9.999550206574442379e-01 2.602970743610211191e-03 1.756040000000000031e-02 6.086079034149650679e-01 -3.485525733867387600e-03 -7.934634654545846821e-01 5.410038000000000347e-01
-7.999975009157838102e-01 9.466594289727521538e-03 -5.999286475248987172e-01 -2.935310600000000214e+00 9.586746435193707616e-03 9.999495610749408181e-01 2.994928850675927703e-03 1.748440000000000064e-02 5.999267395451611806e-01 -3.355428227068581962e-03 -8.000479037408479988e-01 5.258247999999999811e-01
-8.137772515599097645e-01 1.024446066851758021e-02 -5.810865992855204221e-01 -2.946038499999999782e+00 1.042898109242449724e-02 9.999410452786966497e-01 3.023627014270876667e-03 1.749310000000000101e-02 5.810833169150303457e-01 -3.599582275594292221e-03 -8.138361148354550378e-01 5.110649999999999915e-01
-8.233464622486238449e-01 1.059920051410400549e-02 -5.674400937994575900e-01 -2.955760000000000165e+00 1.069357405327836866e-02 9.999378239103808852e-01 3.161611509842594293e-03 1.741670000000000024e-02 5.674383231476726186e-01 -3.464861012210294043e-03 -8.234086131208026016e-01 4.970921999999999841e-01
-8.284738613628284121e-01 9.407996985632730014e-03 -5.599487035713925920e-01 -2.964889499999999956e+00 9.295205617068688642e-03 9.999521533432701448e-01 3.047979116320055724e-03 1.747390000000000054e-02 5.599505872763250736e-01 -2.679667306856199898e-03 -8.285216709248003353e-01 4.832657000000000203e-01
-8.336695590644410681e-01 9.916619735432738794e-03 -5.521745439100961272e-01 -2.973685500000000204e+00 1.006863078737792357e-02 9.999455102108013582e-01 2.756679765131686034e-03 1.756840000000000138e-02 5.521717929805608494e-01 -3.261481608540357097e-03 -8.337239793686812561e-01 4.700305000000000177e-01
-8.402035854856841901e-01 9.752845249061108113e-03 -5.421833794451360600e-01 -2.986110399999999832e+00 1.025838620557620318e-02 9.999451971481523316e-01 2.090026985455549664e-03 1.786159999999999831e-02 5.421740499594736029e-01 -3.805878333651083710e-03 -8.402575883862350992e-01 4.505663999999999780e-01
-8.640428104392139375e-01 1.059500356816271867e-02 -5.033068324866004639e-01 -2.997348099999999960e+00 1.126116063844531841e-02 9.999351169353714042e-01 1.717026651003641805e-03 1.774770000000000167e-02 5.032923683003541759e-01 -4.184234557926478672e-03 -8.641060607308483910e-01 4.309844999999999926e-01
-8.955371705765509116e-01 9.305512419062769019e-03 -4.448894059812669166e-01 -3.009435199999999977e+00 1.000706237830227899e-02 9.999496302767956202e-01 7.717589367469256806e-04 1.775269999999999973e-02 4.448741786374015295e-01 -3.760897222518875746e-03 -8.955851834603894002e-01 4.058563000000000032e-01
-9.153874403923816239e-01 1.039535322084919090e-02 -4.024397726409487674e-01 -3.017283700000000124e+00 1.090798727424854321e-02 9.999399879159209803e-01 1.018027667946611774e-03 1.774610000000000076e-02 4.024262041486731389e-01 -3.457918177408671016e-03 -9.154458984649882503e-01 3.878860000000000086e-01
-9.227529730223298365e-01 9.128250059386033496e-03 -3.852838250294261524e-01 -3.025069699999999973e+00 9.864380008584297185e-03 9.999513436433098423e-01 6.597715865713912539e-05 1.783890000000000128e-02 3.852656807782109949e-01 -3.739705441948719660e-03 -9.227981197519368184e-01 3.691871999999999931e-01
-9.327991820705840986e-01 1.008737719345214126e-02 -3.602553688008069410e-01 -3.032574900000000184e+00 1.099837530777651035e-02 9.999394013838153183e-01 -4.788535960482550279e-04 1.786139999999999950e-02 3.602287074471406947e-01 -4.408897995438086290e-03 -9.328536004912170165e-01 3.491946000000000216e-01
-9.400983604264200322e-01 9.837070523059789767e-03 -3.407613604373031513e-01 -3.044611499999999804e+00 1.051787390836352032e-02 9.999446742975210967e-01 -1.505738095884782708e-04 1.763659999999999881e-02 3.407410263704754860e-01 -3.725639213439256060e-03 -9.401498138916194458e-01 3.161130999999999802e-01
-9.508931466120649212e-01 9.438379885581061821e-03 -3.093754041796836773e-01 -3.052099699999999860e+00 1.015731367556337202e-02 9.999481588581456970e-01 -7.131445160505690047e-04 1.763910000000000131e-02 3.093526348766135747e-01 -3.820547256613709107e-03 -9.509397198106500637e-01 2.933773000000000075e-01
-9.636211501769864629e-01 8.700225642809667273e-03 -2.671302772157154171e-01 -3.062455899999999787e+00 9.533225897458684830e-03 9.999528985948453741e-01 -1.821591544475144450e-03 1.775499999999999995e-02 2.671018467468332935e-01 -4.301937415987989316e-03 -9.636587034831882725e-01 2.576210999999999918e-01
-9.748286778925179252e-01 7.524250680346802021e-03 -2.228282621437966682e-01 -3.071475500000000025e+00 8.584566872421818887e-03 9.999559688468461216e-01 -3.790195137208961750e-03 1.819909999999999931e-02 2.227899323801194320e-01 -5.607675031999025290e-03 -9.748503474948332359e-01 2.188669000000000031e-01
-9.805844578567151082e-01 9.370317465580183316e-03 -1.958732196101552192e-01 -3.080105999999999788e+00 1.006223679783805301e-02 9.999461543804651908e-01 -2.537662377696093575e-03 1.780170000000000016e-02 1.958388939931955675e-01 -4.459315004928821394e-03 -9.806259440322852017e-01 1.789494000000000085e-01
