9.999999969526000010e-01 -1.020016252441302955e-05 -7.739997846172431799e-05 -1.180000000000000052e-05 1.019983744441352660e-05 9.999999999391600003e-01 -4.200394733581334703e-06 -3.800000000000000040e-06 7.740002130172425740e-05 4.199605253582540863e-06 9.999999969958001111e-01 -2.920000000000000164e-05
9.998533128135629333e-01 -6.750591907017090788e-04 -1.711423824867748522e-02 -1.354389999999999934e-02 6.372919063160933624e-04 9.999973501589000113e-01 -2.212133405682218095e-03 3.227499999999999900e-03 1.711568621965214171e-02 2.200902148538267430e-03 9.998510935709191694e-01 1.916850000000000151e-02
9.992787253868143926e-01 -1.409946908564690959e-03 -3.794787265471722543e-02 -1.672090000000000035e-02 1.339956038968948947e-03 9.999973542442684993e-01 -1.869765299886987217e-03 3.235000000000000028e-03 3.795040852371996815e-02 1.817568204513850391e-03 9.992779708062740074e-01 3.503239999999999826e-02
9.980257272326353846e-01 -1.425487286117051947e-03 -6.279025217154658722e-02 -1.867109999999999950e-02 1.323953726636226992e-03 9.999977480862753954e-01 -1.658604506152674832e-03 3.065200000000000129e-03 6.279247509295217411e-02 1.572198580085401717e-03 9.980253670440073499e-01 4.275980000000000059e-02
9.841033106189035484e-01 -2.291145862649454114e-03 -1.775821631796107858e-01 -2.966610000000000080e-02 2.189340682399947002e-03 9.999973075294060765e-01 -7.692342391729548121e-04 2.354499999999999822e-03 1.775834474727029377e-01 3.682181070938104540e-04 9.841056770485248073e-01 9.869899999999999507e-02
9.808589459469463367e-01 -1.953041091226672028e-03 -1.947098194399590476e-01 -4.549839999999999995e-01 1.511458145375483165e-03 9.999959381313839879e-01 -2.416446773294455425e-03 -1.748771000000000075e-01 1.947137479740972121e-01 2.075897692413383733e-03 9.808579137666425529e-01 -9.241781999999999497e-01
9.743942434322873103e-01 -2.368151749552080323e-03 -2.248338280226341579e-01 -3.704539999999999916e-02 2.381547938306808037e-03 9.999971417200110846e-01 -2.116157501101111364e-04 1.862799999999999959e-03 2.248336865228115211e-01 -3.292553708620340937e-04 9.743970982076367582e-01 1.313062999999999869e-01
9.639926137744853074e-01 -1.953483699718037633e-03 -2.659218390611627902e-01 -4.666150000000000159e-02 1.913231412552967095e-03 9.999980855496348742e-01 -4.104176253946846585e-04 1.884100000000000098e-03 2.659221317111421512e-01 -1.131304563323316727e-04 9.639945057248521243e-01 1.669113999999999876e-01
9.466643985145031248e-01 -1.971665609499960534e-03 -3.222151907031980955e-01 -5.491639999999999716e-02 1.798632942777997909e-03 9.999980340778108490e-01 -8.347215407458312159e-04 1.710200000000000045e-03 3.222162030449604031e-01 2.106543086349845460e-04 9.466660837486738922e-01 1.917975000000000096e-01
9.345906054829320464e-01 -1.100901330150069659e-03 -3.557234714765215577e-01 -6.475590000000000512e-02 1.140325214606487288e-03 9.999993449432957870e-01 -9.885031225177966674e-05 1.696699999999999988e-03 3.557233472819169573e-01 -3.132558707724613744e-04 9.345912486586358536e-01 2.175915999999999961e-01
9.053028377210874389e-01 -7.204919907620015987e-04 -4.247661155335222816e-01 -8.754589999999999594e-02 6.518183729523825990e-04 9.999997404450625682e-01 -3.069896026862411077e-04 1.810600000000000100e-03 4.247662264669297416e-01 1.048200150358954237e-06 9.053030723751832598e-01 2.679295999999999900e-01
8.775762244740027418e-01 -1.423166727946792052e-03 -4.794350267079151573e-01 -1.009242999999999946e-01 1.392487975631763074e-03 9.999989424735306054e-01 -4.195581703972657388e-04 1.974800000000000080e-03 4.794351167939125968e-01 -2.994132346630121134e-04 8.775772781564723513e-01 2.929359000000000268e-01
8.597696281800628615e-01 -5.852992238901539830e-04 -5.106817442242623795e-01 -1.168455999999999939e-01 -2.504925068680888961e-04 9.999987395738209051e-01 -1.567834262162212449e-03 2.351799999999999811e-03 5.106820181997995256e-01 1.475898230949672157e-03 8.597683978908455815e-01 3.190868000000000038e-01
8.232110120215663240e-01 -2.395642045190668826e-03 -5.677304735397071811e-01 -1.346622000000000097e-01 1.365045033564923471e-03 9.999965587410525325e-01 -2.240347765198999388e-03 2.617599999999999875e-03 5.677338869034375124e-01 1.069301287760883196e-03 8.232114492985813659e-01 3.461093000000000086e-01
8.051480844370101364e-01 -7.301558964579453297e-04 -5.930733757300018505e-01 -1.547450999999999965e-01 -1.240516103351343644e-03 9.999949812343478239e-01 -2.915240284012208215e-03 2.774200000000000103e-03 5.930725278135974277e-01 3.082917203408044003e-03 8.051431378173116160e-01 3.734678000000000164e-01
7.834123144108722236e-01 -8.910487673503978204e-04 -6.215016907953628822e-01 -1.743168999999999969e-01 -5.016189120035157920e-04 9.999977400130237726e-01 -2.065997897372585067e-03 2.202500000000000031e-03 6.215021271145159121e-01 1.930285196293768032e-03 7.834100969423314353e-01 3.992767999999999873e-01
7.708303440095668480e-01 -1.273988262158956422e-04 -6.370404732225669608e-01 -1.954293000000000002e-01 -1.798550878104702554e-03 9.999955592840402696e-01 -2.376263230033696071e-03 2.385299999999999920e-03 6.370379470399167854e-01 2.977445505566841434e-03 7.708266918376851518e-01 4.254504000000000064e-01
7.482182227391941387e-01 1.208892285041235012e-05 -6.634527044295315257e-01 -2.169494999999999896e-01 -1.902662161397670245e-03 9.999959267313853761e-01 -2.127533157738480726e-03 2.389800000000000084e-03 6.634499762888690366e-01 2.854185434696814103e-03 7.482151980465268082e-01 4.502079999999999971e-01
6.999392603487605280e-01 1.516085702809512759e-04 -7.142023584652124057e-01 -2.403952000000000033e-01 -3.474179215387675559e-03 9.999888688754765553e-01 -3.192523128221329883e-03 2.800299999999999925e-03 7.141939245759583166e-01 4.715839266374246760e-03 6.999319959530384549e-01 4.736174000000000217e-01
6.682056120175174918e-01 -3.981829240751737654e-04 -7.439765463498522191e-01 -2.642144000000000159e-01 -2.233166845122213501e-03 9.999942782938839869e-01 -2.540933949526236277e-03 2.643799999999999970e-03 7.439733012912066457e-01 3.359290081696286474e-03 6.682008995324761891e-01 4.960175000000000001e-01
5.877458315468218064e-01 -6.667150827250282324e-04 -8.090453590438136944e-01 -2.886694000000000204e-01 -3.292060671626704637e-04 9.999993805787075196e-01 -1.063233542874458728e-03 2.454500000000000084e-03 8.090455667777310955e-01 8.912537235922467216e-04 5.877452479978888533e-01 5.151375999999999733e-01
4.843395527407682311e-01 -2.740290205248894747e-04 -8.748800618135998963e-01 -3.144256999999999747e-01 -1.105886164211448194e-03 9.999989602833778690e-01 -9.254447336362332365e-04 2.707199999999999884e-03 8.748794057849711425e-01 1.415747244079789335e-03 4.843387461199820665e-01 5.300766999999999562e-01
4.654118571773115387e-01 8.418256843316872760e-04 -8.850938337420971580e-01 -3.389539999999999775e-01 -3.241549400203618762e-03 9.999944623535363952e-01 -7.534054339332441150e-04 2.771700000000000205e-03 8.850882981693136697e-01 3.219719208104965778e-03 4.654120087105286796e-01 5.435012999999999650e-01
4.314264514902970138e-01 7.779627692087287116e-04 -9.021477771010801838e-01 -3.634726999999999819e-01 -3.644572639235480957e-03 9.999929708152823782e-01 -8.805738487013547999e-04 2.653400000000000203e-03 9.021407506840426471e-01 3.667845955790085405e-03 4.314262542559004210e-01 5.553141000000000327e-01
4.208044053167379617e-01 1.128749572384092886e-03 -9.071506922173567800e-01 -3.876128999999999825e-01 -4.185603513168266107e-03 9.999909971883744753e-01 -6.973273483812023315e-04 2.767499999999999995e-03 9.071417382026126797e-01 4.090411544464642168e-03 4.208053413921213348e-01 5.667168000000000205e-01
3.997254986913358898e-01 1.247941555407405638e-03 -9.166340427552520653e-01 -3.998590000000000200e-01 -3.215366912604697425e-03 9.999948298652199252e-01 -4.072403761370534808e-05 2.762000000000000132e-03 9.166292528124880823e-01 2.963593208286179580e-03 3.997274446466188014e-01 5.720281999999999867e-01
3.764914757360545705e-01 1.819476851828601138e-04 -9.264200643299601579e-01 -4.249357999999999747e-01 -3.355154111459018613e-03 9.999936903697705937e-01 -1.167116761840499483e-03 2.818499999999999825e-03 9.264140066077238833e-01 3.547691599796409107e-03 3.764897106765822121e-01 5.823483000000000409e-01
3.179498033671168122e-01 9.204320762644662042e-04 -9.481071011988071451e-01 -4.497925999999999869e-01 -1.595738519044433926e-03 9.999986319022270420e-01 4.356744803889676899e-04 2.821000000000000157e-03 9.481062051043600558e-01 1.374408406190752181e-03 3.179508371496171382e-01 5.912096000000000018e-01
2.957488007163385224e-01 1.252908466371904480e-03 -9.552649250837290662e-01 -4.625562999999999758e-01 -3.835383648030786519e-03 9.999926371833308680e-01 1.241426583667441970e-04 2.927900000000000207e-03 9.552580471826028763e-01 3.627092430873785599e-03 2.957514285567831580e-01 5.950769000000000197e-01
2.825618751349213698e-01 8.496846019365968854e-04 -9.592486980738177405e-01 -4.754585000000000061e-01 -2.484525820408973844e-03 9.999969017148983008e-01 1.539222258336624474e-04 3.047799999999999815e-03 9.592458568332129509e-01 2.339785605801591225e-03 2.825631107410060405e-01 5.989803000000000210e-01
2.596783229264588155e-01 5.707416175455034928e-04 -9.656950050901721427e-01 -4.882640999999999787e-01 -1.584106043839869724e-03 9.999987316833314210e-01 1.650447522481585539e-04 2.965800000000000207e-03 9.656938744810094066e-01 1.486904749597700798e-03 2.596788976873591892e-01 6.022370999999999697e-01
2.451579226037599868e-01 9.240376576817478779e-04 -9.694827172977432683e-01 -5.015732999999999997e-01 -2.470712799025646771e-03 9.999968938807255459e-01 3.283400154240802976e-04 3.009799999999999975e-03 9.694800093673275887e-01 2.314818201972643208e-03 2.451594441456789175e-01 6.056224999999999525e-01
2.408737709800193860e-01 1.783616284296290957e-03 -9.705548130666376005e-01 -5.284318000000000071e-01 -2.553969466657963257e-03 9.999960139567093398e-01 1.203873189429654307e-03 2.879300000000000002e-03 9.705530916409615960e-01 2.188785883370454426e-03 2.408773661482710438e-01 6.125066999999999595e-01
2.260530421327827388e-01 9.911615402519542359e-04 -9.741144900581839572e-01 -5.545179999999999554e-01 -2.722260130446446397e-03 9.999962202341100559e-01 3.857684222587859715e-04 2.977099999999999885e-03 9.741111904922850062e-01 2.564588913365202505e-03 2.260548859047486481e-01 6.187664999999999971e-01
1.921987375974796852e-01 8.417800933300091746e-04 -9.813556626790359561e-01 -5.815776000000000279e-01 -9.228739161855864341e-04 9.999993449688320268e-01 6.770270611895382127e-04 3.354799999999999796e-03 9.813555897683928775e-01 7.755437971075421471e-04 1.921993885582073958e-01 6.245207000000000397e-01
1.754685905169663662e-01 1.628526971017173067e-03 -9.844836827707680316e-01 -6.094538999999999929e-01 -3.423004001345915891e-03 9.999935964422139723e-01 1.044087244094874271e-03 3.100700000000000071e-03 9.844790788968530437e-01 3.186687068286029288e-03 1.754730413480454221e-01 6.292035999999999740e-01
1.599488694816925960e-01 2.190894845848183250e-03 -9.871228693183553560e-01 -6.363528000000000517e-01 -3.275281240639625526e-03 9.999932103073019274e-01 1.688748676060629686e-03 3.176700000000000183e-03 9.871198669281877613e-01 2.962991574510167626e-03 1.599549592748101823e-01 6.335326000000000013e-01
1.578338330919262233e-01 2.152594769538045127e-03 -9.874633398092651504e-01 -6.615944000000000269e-01 -2.721816116874864987e-03 9.999947735703453855e-01 1.744863610620695426e-03 3.163899999999999872e-03 9.874619348858648671e-01 2.412295121229056805e-03 1.578388671516373076e-01 6.377920999999999729e-01
1.427255553202670668e-01 1.435366629958369743e-03 -9.897612619117598376e-01 -6.883958999999999495e-01 -2.731677457168463739e-03 9.999957110799262416e-01 1.056295423944972290e-03 3.321999999999999866e-03 9.897585330760182432e-01 2.552948176178162533e-03 1.427288641404336200e-01 6.419346000000000219e-01
1.319819425992378448e-01 4.529386788012355501e-04 -9.912520172359221560e-01 -7.177649000000000390e-01 -2.244592155940908305e-03 9.999974684060115582e-01 1.580747341097348251e-04 3.412699999999999848e-03 9.912495793864354310e-01 2.204093491964691925e-03 1.319826251371509773e-01 6.459510000000000529e-01
1.235715768506630008e-01 5.116390128116897907e-04 -9.923355297580356282e-01 -7.504115000000000091e-01 -3.415861037933379599e-03 9.999941618594386794e-01 9.022421181762710005e-05 3.337000000000000122e-03 9.923297825259556060e-01 3.378531124533041153e-03 1.235726031101973543e-01 6.499770000000000270e-01
1.230082039317721559e-01 5.590016689308364463e-04 -9.924054963988329092e-01 -7.861361999999999517e-01 -4.269109926736998004e-03 9.999908867265983048e-01 3.412015576641789019e-05 3.473599999999999865e-03 9.923964714094428707e-01 4.232491096945916256e-03 1.230094693639529613e-01 6.543446000000000540e-01
1.235462330452710006e-01 1.437981751720722847e-03 -9.923377754115808580e-01 -8.255671999999999455e-01 -4.611797807288337686e-03 9.999889828753781851e-01 8.748993378585774323e-04 3.422699999999999874e-03 9.923281007919245722e-01 4.468370659246287055e-03 1.235515036021145319e-01 6.588661999999999574e-01
1.239046199403355253e-01 2.010624697599954283e-03 -9.922920953760371310e-01 -8.675475999999999743e-01 -5.575067127095219288e-03 9.999835746390836055e-01 1.330067129416043735e-03 3.534499999999999881e-03 9.922784708860560299e-01 5.367293579241950822e-03 1.239137941298903423e-01 6.643700999999999635e-01
1.239634428253461318e-01 4.555346475028062940e-03 -9.922763292860409257e-01 -9.105115999999999765e-01 -6.084944771882198032e-03 9.999741500106726910e-01 3.830503564244565860e-03 3.090900000000000158e-03 9.922681282244282253e-01 5.563104252573037277e-03 1.239879574033894150e-01 6.700798999999999506e-01
1.270003917047987374e-01 4.626183868466628331e-03 -9.918918786488993833e-01 -9.530830999999999609e-01 -7.412093781016229795e-03 9.999656299498677070e-01 3.714806151828222922e-03 3.216600000000000015e-03 9.918749726515984078e-01 6.880213788784431475e-03 1.270303164036503674e-01 6.747073000000000098e-01
1.212666238376413769e-01 -6.463361497083567817e-04 -9.926197601260019487e-01 -9.925330999999999460e-01 -8.590236015229502781e-03 9.999616572168100737e-01 -1.700570908141724354e-03 9.618899999999999673e-03 9.925827994622024031e-01 8.733060505489709940e-03 1.212564219577042524e-01 6.871464000000000460e-01
2.028339506699244066e-01 3.214864269167006655e-02 -9.786852677080176699e-01 -9.787101000000000273e-01 1.246551231600332918e-03 9.994516270272546521e-01 3.308914236725479796e-02 -8.210699999999999596e-03 9.792123541733211978e-01 -7.931582796440399263e-03 2.026826470832803206e-01 6.628277000000000196e-01
1.513536821335262628e-01 8.862358036736238051e-03 -9.884399433018942194e-01 -1.029308399999999901e+00 -7.494723429526538479e-03 9.999413533794297981e-01 7.817859197334848034e-03 7.935799999999999799e-03 9.884512593068703890e-01 6.224822225826510784e-03 1.514112266739771062e-01 7.257213999999999610e-01
1.574710713654629834e-01 7.009884985522864785e-03 -9.874987206044891774e-01 -1.082335800000000070e+00 -7.714213221472481126e-03 9.999530267636912439e-01 5.868149666325458806e-03 9.224500000000000061e-03 9.874934696479702456e-01 6.693711871785156843e-03 1.575177501870522745e-01 7.317211999999999605e-01
1.606467439632104088e-01 6.954601180794733710e-03 -9.869874655619667037e-01 -1.128495699999999990e+00 -6.939831147572965604e-03 9.999584163845679496e-01 5.916438566417701363e-03 9.559800000000000242e-03 9.869875695254025638e-01 5.899069764217670757e-03 1.606883274486824442e-01 7.391526999999999958e-01
1.611059396470403970e-01 7.370641415378603734e-03 -9.869095955838965706e-01 -1.176254499999999981e+00 -5.465303306248284892e-03 9.999634429292684201e-01 6.575961132356969094e-03 1.076949999999999956e-02 9.869219861114731929e-01 4.334333878402041318e-03 1.611403328767060383e-01 7.452657999999999783e-01
1.631424847157507962e-01 9.237944792460432014e-03 -9.865592683953570141e-01 -1.220337999999999923e+00 -3.117468770751842533e-03 9.999559973374134714e-01 8.847868523100687818e-03 1.173259999999999928e-02 9.865975932816954952e-01 1.632104454421388212e-03 1.631641050164387430e-01 7.613356999999999486e-01
1.641773961630445811e-01 9.302241897502476140e-03 -9.863869681239726406e-01 -1.264283499999999894e+00 -3.994662277303450554e-03 9.999536050238869711e-01 8.765299368682219136e-03 1.241770000000000027e-02 9.864227416591798692e-01 2.501218785448728558e-03 1.642069384714736069e-01 7.716807999999999446e-01
1.467785973748489958e-01 9.737061434858359371e-03 -9.891214450143549497e-01 -1.323942500000000022e+00 -3.129629676341816845e-03 9.999511162969545452e-01 9.379255544204531669e-03 1.385690000000000012e-02 9.891644194828080883e-01 1.718909854624408803e-03 1.468018956899084237e-01 7.886043999999999832e-01
1.445515131385335938e-01 1.002944172225034292e-02 -9.894464464275469773e-01 -1.343678699999999893e+00 -2.184130973552619003e-03 9.999494285553752748e-01 9.816817390010362798e-03 1.384660000000000057e-02 9.894948658892834814e-01 7.420448223833080170e-04 1.445661085740045371e-01 7.916132999999999642e-01
1.458098841423258740e-01 9.472362039554624996e-03 -9.892672803867481601e-01 -1.378800000000000026e+00 -2.916588247142626582e-03 9.999539319485591937e-01 9.144806920481033524e-03 1.545260000000000036e-02 9.893083296927192016e-01 1.551882085679461010e-03 1.458307939448798551e-01 8.053719999999999768e-01
1.455716169295407647e-01 9.427497775153663440e-03 -9.893027982524961184e-01 -1.396687599999999918e+00 -2.370136233995909572e-03 9.999550516991978499e-01 9.180252474029492599e-03 1.582969999999999863e-02 9.893448775825101071e-01 1.008398212065892384e-03 1.455874181867875539e-01 8.096337000000000117e-01
1.457228773742722250e-01 8.431431783694607121e-03 -9.892895197907636273e-01 -1.431884399999999946e+00 -2.466625869847450647e-03 9.999636720133041612e-01 8.159069216967070742e-03 1.682000000000000162e-02 9.893223735297715926e-01 1.251244079292567618e-03 1.457383807432791611e-01 8.209037000000000139e-01
1.449511471494094594e-01 8.798405623223745642e-03 -9.893996932476578632e-01 -1.450904100000000030e+00 -1.934352286938024849e-03 9.999610715116998838e-01 8.608933871458720327e-03 1.713109999999999980e-02 9.894369223054597651e-01 6.659727189280385470e-04 1.449625236364122660e-01 8.239075000000000149e-01
1.456695246221765827e-01 9.889877284042265446e-03 -9.892838722650115768e-01 -1.486797200000000041e+00 -2.262757051005953590e-03 9.999507487895277213e-01 9.663328918697054737e-03 1.771319999999999839e-02 9.893307179739631030e-01 8.308565275597966718e-04 1.456847286113180928e-01 8.330311000000000243e-01
1.449922862826754089e-01 7.912318967163654501e-03 -9.894011482341651398e-01 -1.525605399999999889e+00 -1.185707070350789250e-03 9.999686963594526246e-01 7.823068446602637546e-03 1.930499999999999924e-02 9.894320749891150069e-01 3.885535705566581580e-05 1.449971291888056957e-01 8.453578999999999954e-01
1.446824543471089408e-01 7.510340115821936141e-03 -9.894496360075339947e-01 -1.587038399999999960e+00 -9.682224179842352507e-04 9.999717898362777690e-01 7.448629201429803406e-03 2.119450000000000153e-02 9.894776652100067960e-01 -1.196786353355743134e-04 1.446856445110509259e-01 8.608630000000000448e-01
1.429531318307211696e-01 7.949901317610159196e-03 -9.896975301418250437e-01 -1.628368000000000038e+00 4.393481038490756017e-04 9.999671315245840519e-01 8.095853490444764738e-03 2.148569999999999994e-02 9.897293615292171998e-01 -1.592149344553679593e-03 1.429449404051522654e-01 8.696610000000000174e-01
1.424582410547444167e-01 7.545315049956944319e-03 -9.897720534428043893e-01 -1.671197199999999938e+00 2.001457135023057728e-03 9.999667037612364195e-01 7.911102212990326482e-03 2.171820000000000001e-02 9.897987895147807302e-01 -3.107988044476422441e-03 1.424383961064936699e-01 8.782037000000000315e-01
1.428591381248376369e-01 6.744529716293291149e-03 -9.897200503036879260e-01 -1.717616899999999891e+00 1.067542443552752570e-03 9.999751498284692453e-01 6.968506200166728858e-03 2.304339999999999861e-02 9.897424548878156481e-01 -2.052082950707758389e-03 1.428483879790165556e-01 8.912375999999999632e-01
1.410172584910124316e-01 7.946410742819662656e-03 -9.899752458339479144e-01 -1.766946099999999964e+00 2.077345453523888556e-03 9.999632097139636855e-01 8.322490877991254449e-03 2.395020000000000135e-02 9.900049582924046465e-01 -3.230135423465132615e-03 1.409955629855080828e-01 9.046102999999999783e-01
1.398902541410020905e-01 9.065250638596356741e-03 -9.901255162994362369e-01 -1.791125400000000090e+00 2.754307627053896763e-03 9.999506583722002073e-01 9.544349663489107988e-03 2.441729999999999942e-02 9.901631838166178312e-01 -4.062271761320294244e-03 1.398583832391744330e-01 9.106163000000000451e-01
1.397904112583221170e-01 9.316327778098106027e-03 -9.901372869238690422e-01 -1.837349499999999969e+00 2.334701862248042721e-03 9.999498563227976478e-01 9.738275372509930250e-03 2.548510000000000011e-02 9.901783627647312569e-01 -3.672992886932334791e-03 1.397616508052511586e-01 9.207672000000000079e-01
1.388134612122905454e-01 6.447479232223619558e-03 -9.902975578066492979e-01 -1.884800899999999890e+00 1.566224797759696585e-03 9.999761264914739378e-01 6.730036180487074943e-03 2.720699999999999855e-02 9.903173076979654432e-01 -2.485248208494994938e-03 1.388000490460842284e-01 9.308767999999999487e-01
1.376960507560090752e-01 5.909230587484834776e-03 -9.904569039590075397e-01 -1.933949600000000046e+00 2.123076371281441138e-03 9.999781447729905182e-01 6.261191826620261976e-03 2.842920000000000169e-02 9.904722561247844004e-01 -2.964957037119354301e-03 1.376804956297287275e-01 9.438113999999999670e-01
1.370519344925782979e-01 6.046103525843353824e-03 -9.905454113184295473e-01 -1.959348199999999984e+00 2.280325925287241939e-03 9.999767968709992738e-01 6.419176994817686957e-03 2.859599999999999989e-02 9.905612385741309200e-01 -3.138527006593748447e-03 1.370349673722455197e-01 9.476040000000000019e-01
1.361840172059948784e-01 7.157566189091937175e-03 -9.906577020867934902e-01 -1.984511300000000089e+00 2.186695303416524763e-03 9.999692925544566569e-01 7.525444291846375248e-03 2.899610000000000035e-02 9.906811453849757587e-01 -3.191111779370161237e-03 1.361641839263331155e-01 9.522545999999999511e-01
1.358835161165853900e-01 7.068045391992240981e-03 -9.906996077429980341e-01 -2.008735399999999949e+00 1.220615079722551025e-03 9.999725978384721436e-01 7.301621121671908118e-03 2.953570000000000154e-02 9.907240686218442560e-01 -2.201432832050224855e-03 1.358711652517381463e-01 9.586886000000000019e-01
1.357788844325274469e-01 8.605370091649265640e-03 -9.907017927448417138e-01 -2.032197500000000101e+00 3.043109250745804333e-03 9.999539381669201310e-01 9.102803444834115312e-03 2.950339999999999907e-02 9.907344921967468077e-01 -4.250782287180423363e-03 1.357464431268849969e-01 9.625316999999999901e-01
1.349516690302285382e-01 8.102847777505910176e-03 -9.908190505252965075e-01 -2.055818100000000204e+00 3.862694270942245486e-03 9.999546618733596848e-01 8.703665360302042728e-03 2.989119999999999971e-02 9.908446531212269370e-01 -5.001805237057841899e-03 1.349142517506792815e-01 9.660826000000000136e-01
1.343748148642029960e-01 7.341628177564580443e-03 -9.909033805704338116e-01 -2.099156600000000150e+00 3.752924566090993022e-03 9.999616123012770030e-01 7.917668914001743316e-03 3.084860000000000033e-02 9.909234706511965696e-01 -4.782720934040432526e-03 1.343421039475513057e-01 9.751522999999999719e-01
1.342115379926229757e-01 6.808454214439634694e-03 -9.909293153504263874e-01 -2.121066299999999849e+00 3.776058272312808693e-03 9.999656233585119125e-01 7.381970275387452277e-03 3.101539999999999853e-02 9.909455103352449168e-01 -4.732552422581821211e-03 1.341812151308396928e-01 9.780117000000000393e-01
1.333033523403950038e-01 6.782472423524851801e-03 -9.910520744757244094e-01 -2.163536300000000079e+00 3.257781414357308405e-03 9.999681814500124277e-01 7.281685780871483341e-03 3.177100000000000063e-02 9.910699284687579658e-01 -4.199304154166826064e-03 1.332770150084102712e-01 9.844019000000000519e-01
1.331002218003795590e-01 7.264622559852582789e-03 -9.910759588526767416e-01 -2.202884399999999854e+00 4.352946325685823695e-03 9.999592067703318987e-01 7.914332159716874759e-03 3.213869999999999921e-02 9.910930242994224759e-01 -5.367499819423506013e-03 1.330631697003833436e-01 9.908101999999999743e-01
1.324106562936180898e-01 7.641090568938248631e-03 -9.911654916484990974e-01 -2.239039899999999861e+00 4.701111830837744962e-03 9.999541970238301491e-01 8.336870035029775652e-03 3.209719999999999934e-02 9.911837960981038087e-01 -5.763470251879759809e-03 1.323686698702091213e-01 9.965292999999999513e-01
1.325940353274703831e-01 7.417583965100039978e-03 -9.911426745144708006e-01 -2.272636700000000065e+00 5.080582505000175511e-03 9.999537738540502652e-01 8.163200135537165489e-03 3.218560000000000171e-02 9.911574090309708263e-01 -6.117973779253929253e-03 1.325502203689188363e-01 1.000904000000000016e+00
1.321140263614491162e-01 7.698048893016888605e-03 -9.912046327988015548e-01 -2.304154599999999942e+00 4.614905943102704314e-03 9.999542288114798838e-01 8.381105247798729257e-03 3.244459999999999705e-02 9.912237823426668371e-01 -5.681577710379884412e-03 1.320724535738556638e-01 1.005140799999999945e+00
1.179822572294324246e-01 7.160293022517446107e-03 -9.929898877545935143e-01 -2.335021999999999931e+00 5.030706661036169619e-03 9.999568606416440186e-01 7.808255003413691261e-03 3.276740000000000208e-02 9.930029602018006774e-01 -5.916676392994349790e-03 1.179411462167547775e-01 1.009356099999999978e+00
1.166251609774246606e-01 6.922892769176389183e-03 -9.931518742783987941e-01 -2.365428200000000203e+00 5.327196100307870705e-03 9.999569607346628919e-01 7.595897577292013564e-03 3.301250000000000018e-02 9.931617153357749084e-01 -6.176587569389050542e-03 1.165832619088135180e-01 1.013003899999999957e+00
1.086920153680262235e-01 7.085388497335977712e-03 -9.940502216010409509e-01 -2.394244899999999898e+00 4.604610268963126377e-03 9.999602819573322199e-01 7.630994173990224456e-03 3.315769999999999829e-02 9.940648084302692311e-01 -5.406641994281888818e-03 1.086550728812877287e-01 1.016231899999999966e+00
1.014251834607172581e-01 7.809531817313027785e-03 -9.948125166948565967e-01 -2.420707000000000164e+00 4.741750715371953820e-03 9.999540346090517451e-01 8.333334820619646421e-03 3.311490000000000267e-02 9.948318691920324808e-01 -5.562362975719739762e-03 1.013834905594259705e-01 1.019428999999999919e+00
7.412993616564149402e-02 7.424807567560630719e-03 -9.972209508412177570e-01 -2.447112999999999872e+00 5.243019042593111134e-03 9.999555614346616883e-01 7.834915903156882203e-03 3.331069999999999864e-02 9.972348085157261011e-01 -5.809250250697502865e-03 7.408771353016541106e-02 1.021467600000000031e+00
5.237581905174545222e-02 6.802228694266421703e-03 -9.986042776112314945e-01 -2.473388700000000107e+00 5.376432287016052851e-03 9.999603876530026580e-01 7.093454780282298748e-03 3.346280000000000088e-02 9.986129718537216648e-01 -5.740453784125171439e-03 5.233717260065140486e-02 1.023124600000000051e+00
1.847633143434693204e-02 6.579759116983214043e-03 -9.998076474735978492e-01 -2.500735999999999848e+00 5.234771877839577980e-03 9.999640032564941494e-01 6.677526086292924663e-03 3.369529999999999748e-02 9.998155941673018132e-01 -5.357141141375581540e-03 1.844122280859483709e-02 1.023512600000000106e+00
7.537105601257699551e-03 7.401529856768085738e-03 -9.999442031408227738e-01 -2.528336299999999870e+00 6.043351264007998380e-03 9.999540078411622845e-01 7.447154348916071483e-03 3.363119999999999998e-02 9.999533338834645235e-01 -6.099144052745207427e-03 7.492028908684167376e-03 1.023942499999999978e+00
1.026524558557680373e-03 7.290642152884457654e-03 -9.999728960248517318e-01 -2.555621400000000154e+00 5.568979689778009827e-03 9.999578747170690951e-01 7.296249484303381563e-03 3.410139999999999699e-02 9.999839662277316688e-01 -5.576318527571897873e-03 9.858798778453747857e-04 1.024419100000000027e+00
-2.647199176629568343e-02 7.316601115755441524e-03 -9.996227793523104754e-01 -2.581396799999999825e+00 6.865349980473758364e-03 9.999509625052717121e-01 7.137195137183294062e-03 3.403790000000000288e-02 9.996259803654419240e-01 -6.673824457801547615e-03 -2.652092467346622850e-02 1.023736399999999991e+00
-4.765295070172783504e-02 6.611155719156398998e-03 -9.988420740584947888e-01 -2.607491299999999956e+00 5.819541905414594117e-03 9.999629620527469287e-01 6.340934844944584245e-03 3.422979999999999773e-02 9.988469999061065918e-01 -5.510639051305625882e-03 -4.768965963200411107e-02 1.022414399999999945e+00
-8.036174392272747713e-02 6.876876217959647375e-03 -9.967420421990740298e-01 -2.633130099999999807e+00 5.953052393018853916e-03 9.999616772455147684e-01 6.419128254125028819e-03 3.459410000000000263e-02 9.967479878489364786e-01 -5.417805258570555955e-03 -8.039960264377099541e-02 1.020420799999999906e+00
-8.949454299313752692e-02 7.119709635320270458e-03 -9.959618649873889229e-01 -2.657825499999999952e+00 5.673400756682843438e-03 9.999618706477751973e-01 6.638506944792824452e-03 3.477220000000000311e-02 9.959711538484954385e-01 -5.056380653265704628e-03 -8.953152359021798734e-02 1.018193200000000020e+00
-1.386546039217659287e-01 7.339963636831767571e-03 -9.903135996971405008e-01 -2.681039999999999868e+00 7.156216715078609139e-03 9.999538525815596657e-01 6.409467187153751987e-03 3.485370000000000135e-02 9.903149445371534076e-01 -6.198196601137985311e-03 -1.387007317402060291e-01 1.014902399999999982e+00
-2.356860326929909322e-01 7.998132696334245284e-03 -9.717963386774053358e-01 -2.703043000000000085e+00 9.438206590632363530e-03 9.999378120447204310e-01 5.940732241891346146e-03 3.463419999999999693e-02 9.717834194149388427e-01 -7.771866995074776588e-03 -2.357468638892571411e-01 1.009852799999999995e+00
-3.741538120760509734e-01 9.075585947129241951e-03 -9.273222517812645949e-01 -2.724643200000000043e+00 1.158823353401817156e-02 9.999197946227077471e-01 5.110495596596145371e-03 3.473779999999999923e-02 9.272942562922082965e-01 -8.833915405868572601e-03 -3.742289729378015517e-01 1.001403000000000043e+00
-5.061757474568532311e-01 8.668764823913457235e-03 -8.623867839913383904e-01 -2.743532699999999824e+00 1.094641874060159337e-02 9.999335102866298008e-01 3.626420082356845292e-03 3.495689999999999908e-02 8.623608807241032181e-01 -7.604440958150405008e-03 -5.062369839062162979e-01 9.898200999999999805e-01
-5.262540667034240061e-01 6.832167826232174793e-03 -8.502999345883203164e-01 -2.761893000000000153e+00 8.731370598649836751e-03 9.999584201792289795e-01 2.630794581405369696e-03 3.522580000000000156e-02 8.502825532995349489e-01 -6.039817501772431173e-03 -5.262918393429334429e-01 9.780353000000000518e-01
-5.355744600703342684e-01 6.083635555413463916e-03 -8.444660958847303167e-01 -2.779200599999999799e+00 8.352843621441572233e-03 9.999632972551677490e-01 1.906343622946655644e-03 3.538680000000000297e-02 8.444466991609389517e-01 -6.032704285966257463e-03 -5.356056186740318914e-01 9.668499999999999872e-01
-5.361629502003386616e-01 6.360552729578580929e-03 -8.440905367325488573e-01 -2.795766799999999996e+00 7.651718430446547391e-03 9.999671477775307071e-01 2.674802933171764683e-03 3.536469999999999891e-02 8.440798197075496390e-01 -5.024612885028071144e-03 -5.361940052143676638e-01 9.564023000000000385e-01
-5.441395530312735929e-01 6.762380209487195079e-03 -8.389674707882472937e-01 -2.811540599999999834e+00 8.073516368579076313e-03 9.999634217868274000e-01 2.823724814130464111e-03 3.528780000000000111e-02 8.389558779580559289e-01 -5.236917249870035040e-03 -5.441742455660190103e-01 9.461207000000000367e-01
-5.523051270044528893e-01 6.322440792893325133e-03 -8.336180620805998531e-01 -2.826628200000000035e+00 7.672692522513555914e-03 9.999674377978770012e-01 2.500626602286596181e-03 3.542100000000000110e-02 8.336067277044071355e-01 -5.014986178391448238e-03 -5.523356528774694407e-01 9.360431000000000168e-01
-5.600023202246507958e-01 5.760905889762395898e-03 -8.284710093336623560e-01 -2.841453800000000030e+00 7.595544479336965166e-03 9.999694985257601143e-01 1.819264192544055043e-03 3.560769999999999907e-02 8.284562203563144989e-01 -5.273896232308726215e-03 -5.600289965452330820e-01 9.258351000000000219e-01
-5.679094894437471952e-01 5.520429111033461379e-03 -8.230724978166700234e-01 -2.855399799999999821e+00 7.433142347098103085e-03 9.999711285291769114e-01 1.578132735898544895e-03 3.579489999999999755e-02 8.230574464729604189e-01 -5.221778481934295259e-03 -5.679341271968918470e-01 9.161513999999999491e-01
-5.923659227618324197e-01 6.072719431947138508e-03 -8.056461603143302286e-01 -2.882386900000000196e+00 8.510509090235015076e-03 9.999629658399753485e-01 1.279915444606061561e-03 3.563170000000000226e-02 8.056240964528976756e-01 -6.098280677466852776e-03 -5.923956669213837900e-01 8.970536999999999539e-01
-6.033821706757258596e-01 5.930832155289786703e-03 -7.974301106307660758e-01 -2.895753899999999881e+00 8.800878990956799083e-03 9.999609689519254330e-01 7.778828401478954033e-04 3.552980000000000027e-02 7.974035995903433482e-01 -6.548725270786827889e-03 -6.034108165733292894e-01 8.866718000000000099e-01
-6.108926595011112681e-01 6.574026669169883742e-03 -7.916861377724208060e-01 -2.909612899999999946e+00 9.050848367222790597e-03 9.999581696152557431e-01 1.319531561144084847e-03 3.555459999999999871e-02 7.916616958723549091e-01 -6.359339042727468576e-03 -6.109266061446716467e-01 8.760590999999999795e-01
-6.423165089094043934e-01 7.112902356219591091e-03 -7.664064907100573976e-01 -2.923273099999999847e+00 9.637953240656702350e-03 9.999528302691917947e-01 1.202952186776656395e-03 3.544110000000000316e-02 7.663788960036448383e-01 -6.613913871804013439e-03 -6.423547648329001047e-01 8.643826000000000009e-01
-7.028477245178066379e-01 7.633576924940973195e-03 -7.112993776487318565e-01 -2.936449800000000110e+00 1.088253958597988624e-02 9.999407831709270500e-01 -2.199256283849128357e-05 3.543709999999999916e-02 7.112570888731456487e-01 -7.756201057492528861e-03 -7.028891768073077806e-01 8.507761000000000351e-01
-7.288791795262936635e-01 6.698789736957693787e-03 -6.846095733110488801e-01 -2.949951599999999896e+00 9.314493829447854228e-03 9.999566103962900243e-01 -1.323988803525345120e-04 3.537180000000000185e-02 6.845789814607059487e-01 -6.473294433468248371e-03 -7.289099495832112030e-01 8.357482000000000522e-01
-7.476576996884398696e-01 6.773032105034907865e-03 -6.640497648013251597e-01 -2.964093899999999948e+00 9.070481809866021497e-03 9.999588622446595743e-01 -1.334551686146346131e-05 3.527090000000000086e-02 6.640223568949527033e-01 -6.033229190914023501e-03 -7.476883773934179800e-01 8.196571000000000273e-01
-7.562204498253526364e-01 7.565634138748857790e-03 -6.542731787609968874e-01 -2.979015599999999875e+00 9.722632754829325930e-03 9.999526811828607364e-01 3.252806831387845300e-04 3.525459999999999705e-02 6.542446802827329710e-01 -6.115273933905263082e-03 -7.562582242504587438e-01 8.025050000000000239e-01
-7.638492972367990630e-01 8.295978865765357702e-03 -6.453413266214306221e-01 -2.993669000000000135e+00 1.055415229704398383e-02 9.999442377901042178e-01 3.621873247247942885e-04 3.522030000000000299e-02 6.453083456613125657e-01 -6.534374111279871514e-03 -7.638942603363602091e-01 7.852755999999999625e-01
-7.687960661264496842e-01 8.953663112396271703e-03 -6.394313416039012488e-01 -3.007525900000000085e+00 1.090694817551910757e-02 9.999401230468049073e-01 8.881456171987434089e-04 3.497080000000000327e-02 6.394010065600397308e-01 -6.291441648026564748e-03 -7.688476900999295927e-01 7.687764999999999738e-01
-7.858736081576322974e-01 9.256457224204350451e-03 -6.183178713258740133e-01 -3.026760799999999918e+00 1.146255728452954571e-02 9.999342224679595992e-01 4.006468466691871788e-04 3.520659999999999762e-02 6.182809084726800242e-01 -6.772646237132307935e-03 -7.859280180023763274e-01 7.449691000000000507e-01
-7.957397935106893527e-01 8.886950412063590946e-03 -6.055734498274663036e-01 -3.038018500000000177e+00 1.116944704792016511e-02 9.999376197772831265e-01 -2.604878769718686066e-06 3.527759999999999924e-02 6.055356508713660713e-01 -6.765993387168559026e-03 -7.957894174071904470e-01 7.298719000000000179e-01
-8.017500892079956198e-01 8.149870973382425041e-03 -5.976038604778994845e-01 -3.048818300000000203e+00 1.053380879402840246e-02 9.999443951701774136e-01 -4.954190538220500963e-04 3.540789999999999910e-02 5.975665932155698190e-01 -6.692247071444588219e-03 -8.017913572132546740e-01 7.154443000000000330e-01
-8.073220164490151340e-01 8.510429845813091351e-03 -5.900497727654300251e-01 -3.059261100000000067e+00 1.065689510815538525e-02 9.999432010985336294e-01 -1.586299823761101215e-04 3.528619999999999673e-02 5.900149085771900781e-01 -6.416164014193261392e-03 -8.073668562035434260e-01 7.012116000000000460e-01
-8.143767425291025264e-01 8.386425861563535228e-03 -5.802759594270272547e-01 -3.073930499999999899e+00 1.095426896578913234e-02 9.999395751784531106e-01 -9.219454212747433576e-04 3.554220000000000296e-02 5.802331645288070217e-01 -7.107309842912344980e-03 -8.144194011243124365e-01 6.803017999999999565e-01
-8.263571187832379206e-01 8.704931742552244472e-03 -5.630791564244080893e-01 -3.082908900000000063e+00 1.163980382036886030e-02 9.999309368038840073e-01 -1.623757842261291072e-03 3.545759999999999884e-02 5.630261336770158165e-01 -7.895934768251629265e-03 -8.264013716172344814e-01 6.666271999999999753e-01
-8.592492498255211997e-01 9.068599333896034190e-03 -5.114767709098820836e-01 -3.091667199999999838e+00 1.239102269678547981e-02 9.999184620332018936e-01 -3.087368083657344130e-03 3.554360000000000158e-02 5.114070680297707616e-01 -8.990538987040726238e-03 -8.592915576088919760e-01 6.511611999999999956e-01
-8.743038542357945975e-01 7.376089614492535584e-03 -4.853229479124523960e-01 -3.101859099999999980e+00 1.009007731259418950e-02 9.999446543610562843e-01 -2.979690348578362905e-03 3.543149999999999772e-02 4.852741089407716646e-01 -7.502100822204029948e-03 -8.743298906448259133e-01 6.324543000000000248e-01
-8.961002091735293940e-01 8.600407862058434202e-03 -4.437684622680643787e-01 -3.111254900000000045e+00 1.093580179461385408e-02 9.999365477472539343e-01 -2.703464150419913978e-03 3.532769999999999661e-02 4.437170532651017463e-01 -7.275538736748554322e-03 -8.961374019523035139e-01 6.132659000000000304e-01
-9.040853022400354710e-01 7.529994998148771893e-03 -4.272856953478224029e-01 -3.120678400000000074e+00 9.883929517406372586e-03 9.999457361407551037e-01 -3.291308435585882201e-03 3.518469999999999931e-02 4.272377256409353730e-01 -7.198885278365687625e-03 -9.041106690222775466e-01 5.932121000000000199e-01
-9.152961000242837430e-01 8.141860274239349007e-03 -4.026993411859655647e-01 -3.129928099999999880e+00 1.063337143748950379e-02 9.999356556691141318e-01 -3.951700070999223692e-03 3.515900000000000275e-02 4.026412555764850576e-01 -7.899027335913962750e-03 -9.153237813336533302e-01 5.717887999999999860e-01
-9.207305492497258603e-01 7.601642573507871870e-03 -3.901249424331674209e-01 -3.140095000000000081e+00 9.872152111216499909e-03 9.999439911504202083e-01 -3.815124488329208266e-03 3.500570000000000070e-02 3.900740907712155758e-01 -7.364074439675242362e-03 -9.207540247626700980e-01 5.483873000000000220e-01
-9.360346800765854125e-01 7.867831824225407153e-03 -3.518198046107001709e-01 -3.154735599999999973e+00 1.009691609684053130e-02 9.999388925790316796e-01 -4.501487882140856218e-03 3.479709999999999748e-02 3.517628888601793680e-01 -7.765843817989407684e-03 -9.360569222491423869e-01 5.119118999999999753e-01
-9.506195839853600615e-01 7.348187698794923783e-03 -3.102715112301570044e-01 -3.167600199999999866e+00 9.598535628322489577e-03 9.999375346445615875e-01 -5.726685144831259421e-03 3.499320000000000208e-02 3.102100492525894926e-01 -8.422051204990751647e-03 -9.506307350365902353e-01 4.732998999999999956e-01
