1.000000000000000000e+00 0.000000000000000000e+00 -0.000000000000000000e+00 0.000000000000000000e+00 0.000000000000000000e+00 1.000000000000000000e+00 0.000000000000000000e+00 -0.000000000000000000e+00 0.000000000000000000e+00 -0.000000000000000000e+00 1.000000000000000000e+00 -0.000000000000000000e+00
9.997584514046117254e-01 8.142724786010984220e-04 -2.196305546555999549e-02 -1.309079999999999966e-02 -8.768236718355267630e-04 9.999955869283458920e-01 -2.838539075250555519e-03 3.136100000000000172e-03 2.196064719677406907e-02 2.857111157062013854e-03 9.997547533723133428e-01 2.623970000000000122e-02
9.993276372584949385e-01 -8.512262080294179765e-04 -3.665445164365147696e-02 -1.538040000000000067e-02 8.524873326568982012e-04 9.999996364563236151e-01 1.877680157359255719e-05 1.346500000000000041e-03 3.665442233485177032e-02 -5.001163246350752987e-05 9.993279996188112468e-01 3.151749999999999691e-02
9.920687942090969935e-01 -1.851655016556833606e-03 -1.256824527537871161e-01 -2.676370000000000138e-02 2.286110099746947299e-03 9.999919000848811468e-01 3.312622109567136489e-03 -7.711999999999999888e-04 1.256753009032407775e-01 -3.573672946510066031e-03 9.920649916233065246e-01 7.010890000000000177e-02
9.897436173102780455e-01 -1.654993556139943995e-03 -1.428454864176499639e-01 -2.855919999999999986e-02 2.131654405157168853e-03 9.999926592948021886e-01 3.183929334425963757e-03 -7.039000000000000335e-04 1.428391684485136592e-01 -3.455770947094061532e-03 9.897398797684663352e-01 7.944469999999999310e-02
9.849659471275330480e-01 -1.800368069148842141e-03 -1.727392302691469483e-01 -3.074369999999999881e-02 2.392178763071893012e-03 9.999919612034926519e-01 3.217920004883015415e-03 -5.176000000000000045e-04 1.727320482132000956e-01 -3.582764743589473850e-03 9.849623359889781993e-01 8.881189999999999918e-02
9.819882040871646955e-01 -1.451706978497583071e-04 -1.889421762316016440e-01 -3.309600000000000042e-02 6.583855185969048323e-04 9.999962627459049180e-01 2.653492553613042045e-03 -3.716999999999999818e-04 1.889410848973140378e-01 -2.730095179964205955e-03 9.819846297260127477e-01 9.845239999999999547e-02
9.799765395040227478e-01 -6.178584078606809849e-04 -1.991120294525381418e-01 -3.500609999999999833e-02 1.281359650294047704e-03 9.999940479591026277e-01 3.203461224150293708e-03 -5.864999999999999988e-04 1.991088650441441010e-01 -3.394450965306767490e-03 9.799714983424144821e-01 1.081060999999999966e-01
9.733293847045129121e-01 3.341167892480355491e-04 -2.294118506893342568e-01 -4.051300000000000040e-02 3.317328477826648179e-04 9.999958441545963028e-01 2.863848259602723000e-03 -3.807999999999999862e-04 2.294118541489344187e-01 -2.863571110950472853e-03 9.733252288605491742e-01 1.286482999999999932e-01
9.712546452182712065e-01 -5.880257274377460484e-05 -2.380428757265957707e-01 -4.315059999999999729e-02 8.120696742756484520e-04 9.999949689896421301e-01 3.066355858143994442e-03 -3.953000000000000133e-04 2.380414978208089671e-01 -3.171519771669548387e-03 9.712498065778770728e-01 1.390598000000000112e-01
9.496622524212642302e-01 4.527613558803676394e-04 -3.132752804377098022e-01 -5.453380000000000033e-02 6.604963908141417905e-04 9.999938393293987815e-01 3.447469762933339215e-03 -2.824999999999999820e-04 3.132749113329836854e-01 -3.480849092281872083e-03 9.496561028177031849e-01 1.716931999999999903e-01
9.375665152348034992e-01 1.405128983954970082e-03 -3.478031844635776637e-01 -6.394469999999999321e-02 -2.669429850073162108e-04 9.999944518397549942e-01 3.320396233966779742e-03 5.999999999999999728e-07 3.478059203807631339e-01 -3.020248706023241289e-03 9.375616885548619939e-01 1.999268999999999907e-01
9.148465107318527467e-01 1.636704088456125347e-03 -4.037984435352381940e-01 -7.500660000000000660e-02 -5.069479968497410957e-04 9.999956528223918895e-01 2.904709976352141173e-03 2.649999999999999903e-04 4.038014423023803534e-01 -2.452658974472526465e-03 9.148433634554454796e-01 2.251689000000000052e-01
9.092911290282604808e-01 2.245220112936783217e-03 -4.161545405941834419e-01 -8.646779999999999744e-02 -1.367553683733330888e-03 9.999961679330273689e-01 2.407055500545715945e-03 5.873999999999999664e-04 4.161583502315356897e-01 -1.619600538732971114e-03 9.092907150227925728e-01 2.504274000000000222e-01
8.822188072627062949e-01 1.521625542776365060e-03 -4.708371913598961012e-01 -9.940110000000000612e-02 -6.774141117876166960e-04 9.999978449462880725e-01 1.962450738436071537e-03 1.023400000000000047e-03 4.708391627956292069e-01 -1.412359191993247873e-03 8.822179368044064107e-01 2.749576000000000242e-01
8.648461144798849087e-01 3.033595113596208436e-03 -5.020278832592196538e-01 -1.143345999999999946e-01 -2.902267805021549029e-03 9.999952445876745255e-01 1.042901541341925220e-03 1.478799999999999950e-03 5.020286596506556842e-01 5.550700169917020550e-04 8.648508060854440682e-01 3.001066000000000011e-01
8.292240019306597043e-01 1.944291318415676106e-03 -5.589130293286874718e-01 -1.311192999999999942e-01 -1.817238153399259974e-03 9.999980426108995291e-01 7.825725930626014574e-04 1.583200000000000102e-03 5.589134568675144799e-01 3.667501039074266053e-04 8.292259120570015796e-01 3.256325999999999943e-01
8.112725054730900442e-01 3.406255833916053358e-03 -5.846582927527915752e-01 -1.499346000000000012e-01 -3.475310238906990663e-03 9.999934574010808097e-01 1.003680116419860364e-03 1.589200000000000031e-03 5.846578863593293596e-01 1.217610868324194495e-03 8.112790354382485303e-01 3.520684000000000036e-01
7.898687068129456312e-01 2.660771537653527311e-03 -6.132702065912456479e-01 -1.693873999999999935e-01 -2.803002017765972038e-03 9.999958062374521006e-01 7.284828045468526650e-04 1.855000000000000095e-03 6.132695730079336105e-01 1.143591855748126232e-03 7.898728524391341876e-01 3.778825000000000101e-01
7.775513015501758218e-01 3.637327362046943735e-03 -6.288089879345626354e-01 -1.895347000000000004e-01 -4.052864529973318475e-03 9.999914884458946940e-01 7.728679484167653687e-04 1.670599999999999950e-03 6.288064469665759493e-01 1.947533164110538517e-03 7.775594249752526554e-01 4.030331999999999804e-01
7.552868144965995123e-01 3.626800276571167780e-03 -6.553843713175752095e-01 -2.104445000000000066e-01 -4.033814870371948275e-03 9.999914724294620694e-01 8.851022246648200835e-04 1.893900000000000011e-03 6.553819925701124260e-01 1.975193183059259245e-03 7.552950035758999592e-01 4.273747999999999991e-01
7.091479647382217255e-01 4.384061776394309815e-03 -7.050460581479613964e-01 -2.342667999999999973e-01 -6.398128481423412742e-03 9.999795081436204658e-01 -2.173586393881699746e-04 2.357499999999999787e-03 7.050306575316942492e-01 4.665114702092168844e-03 7.091614827704924018e-01 4.507841000000000209e-01
6.785909860825493078e-01 4.255999020720182408e-03 -7.345040231883341875e-01 -2.581203000000000247e-01 -6.562758387028726909e-03 9.999784287100275115e-01 -2.689181620636471592e-04 2.782699999999999931e-03 7.344870344736296186e-01 5.002857879255860271e-03 6.786042790928841217e-01 4.733364999999999934e-01
5.988534480065937915e-01 2.857794991192402767e-03 -8.008535326877207483e-01 -2.828146999999999744e-01 -4.206718424765950627e-03 9.999910623609111759e-01 4.227509800100251198e-04 3.282699999999999941e-03 8.008475830835156684e-01 3.115799429469164918e-03 5.988601176094521250e-01 4.930491000000000179e-01
4.969613889589419298e-01 3.627690732882566521e-03 -8.677650705945393339e-01 -3.087119999999999864e-01 -5.481272037733289290e-03 9.999844354945278679e-01 1.041357546135648340e-03 3.452900000000000066e-03 8.677553419834692638e-01 4.238941924241054759e-03 4.969735383604597656e-01 5.081059999999999466e-01
4.791173908568750472e-01 5.400379432839941263e-03 -8.777342204109861434e-01 -3.334034000000000164e-01 -8.060981163476605565e-03 9.999659744632861669e-01 1.752283759108523749e-03 3.507800000000000154e-03 8.777138180302177517e-01 6.235849394566829636e-03 4.791446209873859718e-01 5.215591000000000532e-01
4.455921933656368239e-01 4.985823680829405344e-03 -8.952221728564505598e-01 -3.576095000000000246e-01 -8.369028809389972290e-03 9.999639940833897622e-01 1.403528974435839551e-03 3.525200000000000035e-03 8.951969373095444160e-01 6.866738601269235624e-03 4.456178759123037292e-01 5.336872999999999756e-01
4.345771267780788594e-01 5.099896456473938106e-03 -9.006201818399599546e-01 -3.819938999999999973e-01 -8.667753391716440797e-03 9.999613391208717061e-01 1.479971193491691050e-03 3.788099999999999974e-03 9.005929107718146920e-01 7.163192006809648849e-03 4.346045302891166084e-01 5.457568999999999892e-01
4.006730474353241145e-01 4.151561614622443011e-03 -9.162116969320194260e-01 -4.070114000000000232e-01 -9.084520245216868087e-03 9.999585790714157207e-01 5.582413362097671770e-04 4.137499999999999685e-03 9.161760641660557924e-01 8.099671452299896449e-03 4.006941661311779201e-01 5.567541000000000295e-01
3.688770266059629432e-01 4.285520014777150985e-03 -9.294683284332750928e-01 -4.321954000000000073e-01 -8.263058847645240665e-03 9.999649742560942078e-01 1.331209784142702024e-03 4.233699999999999963e-03 9.294414780398084774e-01 7.189198787903281623e-03 3.688995179177712025e-01 5.670083000000000206e-01
3.107735354982177900e-01 4.792900374168343990e-03 -9.504719026567493012e-01 -4.571986000000000105e-01 -8.380553556576571944e-03 9.999622321706060912e-01 2.302293305460824131e-03 4.176000000000000024e-03 9.504470400585310896e-01 7.249988853944185074e-03 3.108019654146260136e-01 5.753732000000000291e-01
2.975813599099296769e-01 4.718032336659667633e-03 -9.546848036944062255e-01 -4.701835999999999793e-01 -8.050667196832299657e-03 9.999646345662586144e-01 2.432359853009007002e-03 4.347700000000000349e-03 9.546625168046782850e-01 6.962024679568103863e-03 2.976088191242294290e-01 5.795314000000000298e-01
2.747892833048490857e-01 4.210656460046110702e-03 -9.614952522779209865e-01 -4.831521999999999761e-01 -7.361860955131362474e-03 9.999703128479652259e-01 2.275176041498328493e-03 4.342799999999999959e-03 9.614762882068828009e-01 6.453200362453317442e-03 2.748121238610067296e-01 5.830442000000000125e-01
2.602991316285432344e-01 4.197901551984831517e-03 -9.655188966022291153e-01 -4.963813999999999726e-01 -7.413758071067625202e-03 9.999697587964350154e-01 2.348975066534406131e-03 4.463199999999999633e-03 9.654995589148084312e-01 6.546687342417079752e-03 2.603223820960284263e-01 5.867082999999999604e-01
2.420436941204293646e-01 4.316096806195539315e-03 -9.702557505343092359e-01 -5.493189000000000544e-01 -8.513001295880283023e-03 9.999610618741371360e-01 2.324552534242612951e-03 4.602700000000000367e-03 9.702280035875445741e-01 7.697145179068783094e-03 2.420710123303076999e-01 6.004273999999999445e-01
2.084424707218688333e-01 4.345127567383972982e-03 -9.780249773220447418e-01 -5.764280999999999988e-01 -6.818997691445830532e-03 9.999722822072424355e-01 2.989328975413445624e-03 5.014199999999999907e-03 9.780108576441505219e-01 6.046046945099732214e-03 2.084663225715145396e-01 6.064597000000000460e-01
1.899234912141321285e-01 4.499410345290963051e-03 -9.817885835512553117e-01 -6.041083999999999898e-01 -7.238794092145986805e-03 9.999687355784296905e-01 3.182408799628696876e-03 4.896900000000000037e-03 9.817722074621623163e-01 6.502551208651144617e-03 1.899501236710623431e-01 6.119946000000000552e-01
1.749804865126008691e-01 4.608319980059283338e-03 -9.845611168062524676e-01 -6.310529000000000277e-01 -7.839897189691909934e-03 9.999638649281356040e-01 3.287073172382277888e-03 5.087999999999999641e-03 9.845406875045179529e-01 7.143684269823296490e-03 1.750102923350067563e-01 6.167359000000000036e-01
1.740463550428771877e-01 4.595074531607006886e-03 -9.847267395507944832e-01 -6.567207999999999934e-01 -8.398606581159295467e-03 9.999596691625656231e-01 3.181737856476235873e-03 5.170100000000000390e-03 9.847016450193347703e-01 7.716562598813208815e-03 1.740779278308279832e-01 6.209462000000000037e-01
1.593707610806284480e-01 4.120465093959904332e-03 -9.872102016693257154e-01 -6.828969000000000289e-01 -9.691962931339996590e-03 9.999496281900589478e-01 2.609010751294040149e-03 5.306100000000000226e-03 9.871712244424059035e-01 9.152204650918514123e-03 1.594026686818916794e-01 6.252720000000000500e-01
1.478959053813783675e-01 2.829922549778254946e-03 -9.889988840791400504e-01 -7.120657000000000236e-01 -7.390593223619273261e-03 9.999711471679090247e-01 1.756121721009407805e-03 5.514200000000000351e-03 9.889753183488579902e-01 7.049565238953725554e-03 1.479125529720731747e-01 6.300379999999999869e-01
1.401991624997776520e-01 2.360915351911593071e-03 -9.901205082781902034e-01 -7.447844000000000131e-01 -9.287008887932173343e-03 9.999563030279043918e-01 1.069345912937879998e-03 5.751799999999999621e-03 9.900797676451510432e-01 9.045336559087024247e-03 1.402149620627429760e-01 6.344541000000000208e-01
1.396271858528679577e-01 2.707247178496419333e-03 -9.902004442452664312e-01 -7.799665000000000070e-01 -1.041845993140005228e-02 9.999449264800750470e-01 1.264792241814556052e-03 5.736999999999999912e-03 9.901493345265987012e-01 1.013976427101073371e-02 1.396477014385193449e-01 6.392685000000000173e-01
1.401833047300029833e-01 3.320345134225293360e-03 -9.901200010014767905e-01 -8.188619000000000314e-01 -1.073032301294271629e-02 9.999407464464830086e-01 1.834056729856696488e-03 5.862000000000000023e-03 9.900674225743479884e-01 1.036720329886739976e-02 1.402106267468586909e-01 6.442864999999999842e-01
1.404806087893399891e-01 3.916492339164762831e-03 -9.900756837948971878e-01 -8.609303000000000372e-01 -1.122945041129614317e-02 9.999341576607259086e-01 2.362157233308340674e-03 6.019299999999999998e-03 9.900197462665258907e-01 1.078616850841362246e-02 1.405153392739435514e-01 6.503307000000000393e-01
1.417639305640843173e-01 5.603128968063073034e-03 -9.898846361757460688e-01 -9.043908999999999976e-01 -1.244152432987408533e-02 9.999150807139272068e-01 3.878122381988489790e-03 5.625899999999999651e-03 9.898223054990078484e-01 1.176589591266985826e-02 1.418216035376895778e-01 6.564077000000000384e-01
1.441642269840049118e-01 6.510324160841334667e-03 -9.895323599243356361e-01 -9.478577999999999726e-01 -1.477076920828615525e-02 9.998811083101223351e-01 4.426468289388143032e-03 5.817300000000000075e-03 9.894435304933272279e-01 1.397801573336425983e-02 1.442432495510898027e-01 6.621744000000000518e-01
1.440065193304289060e-01 6.470601801523111207e-03 -9.895555839378913365e-01 -9.912104999999999944e-01 -1.435737587026278059e-02 9.998870306762570603e-01 4.448780005565063436e-03 6.003900000000000382e-03 9.894725807966864295e-01 1.356676813924544318e-02 1.440831518734968508e-01 6.689488999999999574e-01
1.450925729885699234e-01 6.783411036005340677e-03 -9.893948304889575995e-01 -1.037708199999999970e+00 -1.503385858764475294e-02 9.998761698868141590e-01 4.650590117544214398e-03 6.111199999999999792e-03 9.893038604794400781e-01 1.419965588284803279e-02 1.451765870010914838e-01 6.759123000000000214e-01
1.469730619826973561e-01 7.311420654012315556e-03 -9.891134728530645015e-01 -1.085457700000000081e+00 -1.519593703596482451e-02 9.998713598000557035e-01 5.132966899015941643e-03 6.200800000000000235e-03 9.890237623783509902e-01 1.427609819269547164e-02 1.470652592265192515e-01 6.828581999999999708e-01
1.485124156987602251e-01 9.536297030394064872e-03 -9.888645617182703074e-01 -1.130135200000000006e+00 -1.615590657393941795e-02 9.998434471840879079e-01 7.215802506606826261e-03 5.909600000000000096e-03 9.887785642225932481e-01 1.490436721193857256e-02 1.486432331857691080e-01 6.896345999999999865e-01
1.510791045194589122e-01 9.524276453134746662e-03 -9.884757924884366442e-01 -1.172542600000000101e+00 -1.738853194155616511e-02 9.998244721120937983e-01 6.975953174338807294e-03 6.474899999999999579e-03 9.883687283268911550e-01 1.613422213239143824e-02 1.512181991086614108e-01 6.957219000000000042e-01
1.520429222332199404e-01 8.256742547964528861e-03 -9.883394032422665454e-01 -1.214870899999999976e+00 -1.582915657265904913e-02 9.998571981832408140e-01 5.917858004190292877e-03 6.982000000000000359e-03 9.882471288098848561e-01 1.474481073653190547e-02 1.521519074982715658e-01 7.021874000000000171e-01
1.528444640651028530e-01 9.353879573912057474e-03 -9.882059880113903683e-01 -1.256747700000000023e+00 -1.508515777923256397e-02 9.998607837535866683e-01 7.130997576714573696e-03 6.947300000000000003e-03 9.881351161756307677e-01 1.381730974467174251e-02 1.529642903817510780e-01 7.086198000000000219e-01
1.540031712750464243e-01 9.515036883179553082e-03 -9.880245378078118534e-01 -1.297728299999999946e+00 -1.625217463923341044e-02 9.998427470799789996e-01 7.095627601357640951e-03 7.136299999999999935e-03 9.879366832225253692e-01 1.496479818350460525e-02 1.541335938677951267e-01 7.147944999999999993e-01
1.447063369529299481e-01 1.075705957597785506e-02 -9.894161721515088992e-01 -1.335290599999999994e+00 -1.563219396920205451e-02 9.998409610154566085e-01 8.584124148543566604e-03 7.479699999999999717e-03 9.893511563430725797e-01 1.422456835785286706e-02 1.448514794458739541e-01 7.204074000000000311e-01
1.343975487454915907e-01 9.385894446128905180e-03 -9.908830424811241322e-01 -1.371314399999999933e+00 -1.494058373673014077e-02 9.998606696319719545e-01 7.444479881790576695e-03 8.121299999999999700e-03 9.908148554845193079e-01 1.380385122169738334e-02 1.345190538274793068e-01 7.256523000000000279e-01
1.346462586265415318e-01 1.005461629991431793e-02 -9.908427169480210628e-01 -1.405368100000000009e+00 -1.620723010715995754e-02 9.998371001711362505e-01 7.943476167695478693e-03 8.241899999999999921e-03 9.907611774439529784e-01 1.498925656711084207e-02 1.347872822540659987e-01 7.304604999999999571e-01
1.333665983094816931e-01 8.531571580840427785e-03 -9.910300513817519308e-01 -1.437718300000000005e+00 -1.573380007422967714e-02 9.998551520000723558e-01 6.490189067840466258e-03 8.973699999999999385e-03 9.909418741735466218e-01 1.472709425763078783e-02 1.334815144660312924e-01 7.350221000000000116e-01
1.328729941438323570e-01 8.553300579961956723e-03 -9.910961651002602180e-01 -1.472185300000000030e+00 -1.590005000802507951e-02 9.998524765094508604e-01 6.497201525293275215e-03 9.279000000000000789e-03 9.910055276520891576e-01 1.489517596763442059e-02 1.329893901628915742e-01 7.398989999999999734e-01
1.327430424602360493e-01 9.617089742574259567e-03 -9.911038271862758764e-01 -1.505724099999999899e+00 -1.591951045222252809e-02 9.998446220945551577e-01 7.569732859076102813e-03 9.447399999999999895e-03 9.910226303497623457e-01 1.477305836580468552e-02 1.328755164850130566e-01 7.448008999999999880e-01
1.320666432998088835e-01 7.846618147200338372e-03 -9.912097821910218487e-01 -1.541714199999999924e+00 -1.450021348006371932e-02 9.998769646815954815e-01 5.983252305567552699e-03 1.016129999999999985e-02 9.911347766759844857e-01 1.358256539728512971e-02 1.321641720765308614e-01 7.503990999999999856e-01
1.312782208221504876e-01 7.840815068292386614e-03 -9.913145567158970772e-01 -1.598123699999999925e+00 -1.437459579648866365e-02 9.998786484354269533e-01 6.004947845854898339e-03 1.097120000000000040e-02 9.912413428290095530e-01 1.346142719063272118e-02 1.313749985519810926e-01 7.583695000000000297e-01
1.307040046185365401e-01 7.435530793139417949e-03 -9.913935525604862242e-01 -1.635586699999999949e+00 -1.368249849107568486e-02 9.998901699451976377e-01 5.695373737131256310e-03 1.108720000000000018e-02 9.913270158790785658e-01 1.282033263172872514e-02 1.307913860294038777e-01 7.635009999999999852e-01
1.296345020898252987e-01 7.830133268648089423e-03 -9.915309298659917836e-01 -1.674485199999999896e+00 -1.222129209762658555e-02 9.999054804077680547e-01 6.298433930364952596e-03 1.080970000000000021e-02 9.914865283438740740e-01 1.130129477121506222e-02 1.297179434353881167e-01 7.688496999999999693e-01
1.299577772179049406e-01 6.571128586369886539e-03 -9.914977541122734772e-01 -1.716592300000000071e+00 -1.278258098667872655e-02 9.999060401496734363e-01 4.951413486932520341e-03 1.156100000000000010e-02 9.914371295064049461e-01 1.203042564920170365e-02 1.300295623879379470e-01 7.746986000000000150e-01
1.295199458885558652e-01 7.793090567194054658e-03 -9.915461922454430477e-01 -1.759669200000000044e+00 -1.217134645724625430e-02 9.999062750645457687e-01 6.268924306666683738e-03 1.166769999999999960e-02 9.915021139374556869e-01 1.125650149720366575e-02 1.296026590452534766e-01 7.805853999999999848e-01
1.284975424796513666e-01 8.112195952966368140e-03 -9.916766478310915511e-01 -1.780435699999999954e+00 -1.174105986630680221e-02 9.999089039403210588e-01 6.658177985126301213e-03 1.199380000000000064e-02 9.916403224405035965e-01 1.078777538172244824e-02 1.285810826381840188e-01 7.836834999999999773e-01
1.298403177496247618e-01 9.034628036275884483e-03 -9.914937555945185776e-01 -1.820055699999999943e+00 -1.174651443712114787e-02 9.999023298242940561e-01 7.572992177948205395e-03 1.225580000000000072e-02 9.914653353926475843e-01 1.066331600370625660e-02 1.299337616116386096e-01 7.887024000000000257e-01
1.289428537167471023e-01 7.215977596346719557e-03 -9.916257712175046146e-01 -1.860310399999999920e+00 -1.120768610559001732e-02 9.999202604390208249e-01 5.818980642627110886e-03 1.274499999999999938e-02 9.915886890478028404e-01 1.036351440823656163e-02 1.290134462820451411e-01 7.942681999999999798e-01
1.284753547581118094e-01 6.688200313632299866e-03 -9.916901487845596330e-01 -1.902844500000000050e+00 -1.031557470930610440e-02 9.999321722574765481e-01 5.407384105170276456e-03 1.314629999999999965e-02 9.916590503485530617e-01 9.535138227044884923e-03 1.285356331948347419e-01 7.998393999999999782e-01
1.289607060794263349e-01 6.705053281640395782e-03 -9.916270360110126525e-01 -1.924465700000000057e+00 -1.123970540542556899e-02 9.999227895664201116e-01 5.299427149042108300e-03 1.339740000000000028e-02 9.915860049990092850e-01 1.046217788986216271e-02 1.290261117910085353e-01 8.027022999999999797e-01
1.285497234564019486e-01 8.009300922864660138e-03 -9.916707214080737742e-01 -1.945724500000000079e+00 -1.188887869472151845e-02 9.999079720195388488e-01 6.534680952828121267e-03 1.350789999999999977e-02 9.916317981804863013e-01 1.094982148256569594e-02 1.286331148920648593e-01 8.052795999999999843e-01
1.292625466002751966e-01 8.241677848490228803e-03 -9.915761538039593592e-01 -1.966700099999999951e+00 -1.179293747195993974e-02 9.999075182743820678e-01 6.773590196386833351e-03 1.349580000000000050e-02 9.915402768784502552e-01 1.081802406208500628e-02 1.293477857684390830e-01 8.080439999999999845e-01
1.279768834881536421e-01 9.126689762491559804e-03 -9.917351565950652814e-01 -2.006607300000000205e+00 -1.024678915099117710e-02 9.999164533331320603e-01 7.879699599949803804e-03 1.374650000000000004e-02 9.917242160019864583e-01 9.153681645630426175e-03 1.280597107117448230e-01 8.142428999999999917e-01
1.283385049817198365e-01 8.834220026948662319e-03 -9.916910732156322128e-01 -2.043257200000000218e+00 -9.132078670890286104e-03 9.999284561438912533e-01 7.725783639396320568e-03 1.398459999999999981e-02 9.916883750847368395e-01 8.064685375732419392e-03 1.284099979424682125e-01 8.192523000000000444e-01
1.264401033836946020e-01 9.647043649611450680e-03 -9.919273334297947775e-01 -2.096690399999999954e+00 -9.510905982168469872e-03 9.999185374048019659e-01 8.512415734674783421e-03 1.407950000000000000e-02 9.919286481011216905e-01 8.357816883856583959e-03 1.265215553698931794e-01 8.265502000000000127e-01
1.264367816725811000e-01 9.430656958197357331e-03 -9.919298377151565260e-01 -2.130824800000000074e+00 -8.051291415825102132e-03 9.999316268168743083e-01 8.480471560986312801e-03 1.454770000000000021e-02 9.919419927328499975e-01 6.914072656259867902e-03 1.265040657547671366e-01 8.311752000000000029e-01
1.251919040821883600e-01 9.819001795145316722e-03 -9.920839552961346897e-01 -2.177316400000000041e+00 -7.125227005566321312e-03 9.999341353632542617e-01 8.997559416883934083e-03 1.458309999999999988e-02 9.921069590988640385e-01 5.942401794572746941e-03 1.252536209796609734e-01 8.378290000000000459e-01
1.244538175193261875e-01 9.910453988739909015e-03 -9.921759068867794795e-01 -2.206053999999999959e+00 -7.293352534680760078e-03 9.999322407679124280e-01 9.073085564816056603e-03 1.481520000000000059e-02 9.921985962062589426e-01 6.107108530121025183e-03 1.245176650589393530e-01 8.418607999999999647e-01
1.158592788689403325e-01 1.056633705679109296e-02 -9.932094341180875974e-01 -2.231831099999999957e+00 -6.847652473601107195e-03 9.999281490269167350e-01 9.839026334191295145e-03 1.465110000000000023e-02 9.932420335223285379e-01 5.661210542490757031e-03 1.159233088710966975e-01 8.451081000000000287e-01
1.086674668236892183e-01 9.627600424554098521e-03 -9.940315341900313184e-01 -2.258549900000000221e+00 -6.270302532344071769e-03 9.999398456419620329e-01 8.999355737051456874e-03 1.503630000000000071e-02 9.940583810623374594e-01 5.254941255071001599e-03 1.087212979693052972e-01 8.481144999999999934e-01
1.079905757044197362e-01 9.979716390211074845e-03 -9.941018261827100355e-01 -2.284342099999999931e+00 -6.076476927625851926e-03 9.999375608973442020e-01 9.378205309012760393e-03 1.520930000000000025e-02 9.941333471859677973e-01 5.027879020115427408e-03 1.080444743861668222e-01 8.510027999999999482e-01
9.459439523246027104e-02 1.015881129260472193e-02 -9.954640621055720340e-01 -2.308417299999999894e+00 -5.916609724516345113e-03 9.999360086177624396e-01 9.642219606812035132e-03 1.513259999999999952e-02 9.954983144736974099e-01 4.977672417855416760e-03 9.464844772804081874e-02 8.535772000000000359e-01
8.543493835210251575e-02 9.763363606423630658e-03 -9.962959138929865510e-01 -2.331716300000000075e+00 -5.862467070202093816e-03 9.999396028646643231e-01 9.296348891270721573e-03 1.543620000000000062e-02 9.963265041082784990e-01 5.046518992949182783e-03 8.548701572420558392e-02 8.560862999999999667e-01
5.254993973457898482e-02 9.354261120112729658e-03 -9.985744847695585680e-01 -2.354172900000000013e+00 -4.813124422050866699e-03 9.999468845868721978e-01 9.113826765216447717e-03 1.573209999999999886e-02 9.986066981886263516e-01 4.327332192617702744e-03 5.259217174546759743e-02 8.576270000000000282e-01
2.091385075355045239e-02 9.327342014689753505e-03 -9.997377713868766946e-01 -2.377064700000000030e+00 -3.592377232760053316e-03 9.999507262873362778e-01 9.254178691066762899e-03 1.598039999999999877e-02 9.997748274849069805e-01 3.397894696668836163e-03 2.094632758157344288e-02 8.585454000000000141e-01
5.750560428447445971e-03 8.690898386293072903e-03 -9.999456981956561519e-01 -2.400992599999999921e+00 -4.383854705619309906e-03 9.999528421899448460e-01 8.665749486996702014e-03 1.630430000000000074e-02 9.999738560945877763e-01 4.333783738316049697e-03 5.788388880397898895e-03 8.588736000000000148e-01
-8.638506117908669596e-03 9.489941938965507778e-03 -9.999176552166911813e-01 -2.424802800000000147e+00 -3.583571965332390218e-03 9.999482511225178394e-01 9.521191573926279794e-03 1.631629999999999886e-02 9.999562661556854470e-01 3.665525748536576679e-03 -8.604051195028827870e-03 8.591060999999999837e-01
-1.761079548921148930e-02 9.126814784795531099e-03 -9.998032612139855502e-01 -2.447725999999999846e+00 -3.638750309261495376e-03 9.999511297456268322e-01 9.192258516349327904e-03 1.684570000000000164e-02 9.998382966152195017e-01 3.799917410758434089e-03 -1.757672464503545751e-02 8.591098999999999819e-01
-4.914181517940140187e-02 8.497745173779932409e-03 -9.987556609741118363e-01 -2.469851499999999866e+00 -3.303931365254086060e-03 9.999569520502046283e-01 8.670529626178036242e-03 1.723529999999999854e-02 9.987863465418452824e-01 3.725905718914610844e-03 -4.911162375819511094e-02 8.579364999999999908e-01
-7.975127917614049933e-02 8.802807429118614940e-03 -9.967759246947806018e-01 -2.492047100000000182e+00 -2.250297858733061283e-03 9.999568685951168989e-01 9.010943845959049764e-03 1.743700000000000111e-02 9.968122539522253911e-01 2.961677027276939187e-03 -7.972803045271981137e-02 8.563595000000000512e-01
-9.410839255508135492e-02 8.973865248626984592e-03 -9.955215116677276210e-01 -2.513540299999999839e+00 -2.873791368484283990e-03 9.999527595311916706e-01 9.285474092635824517e-03 1.765709999999999849e-02 9.955578093580845778e-01 3.734762168340955736e-03 -9.407815781400485911e-02 8.545498999999999734e-01
-1.212603794343821290e-01 8.909105523402932603e-03 -9.925807514848363766e-01 -2.533993000000000162e+00 -1.433663188414396016e-03 9.999571059309027010e-01 9.150459450514548954e-03 1.798780000000000170e-02 9.926196980663297698e-01 2.532614669900831294e-03 -1.212424054266573181e-01 8.522904999999999509e-01
-2.482820192409576632e-01 9.686159904933313788e-03 -9.686393638645542925e-01 -2.563104899999999908e+00 2.685249710363284050e-03 9.999530462083561222e-01 9.311004920098673796e-03 1.815889999999999865e-02 9.686840704562171833e-01 -2.892834685391792310e-04 -2.482963712168365644e-01 8.458404999999999951e-01
-3.868612769293033882e-01 1.137540412167341482e-02 -9.220677592203827544e-01 -2.581161999999999956e+00 6.439181798228619039e-03 9.999328553766080319e-01 9.634400663912410720e-03 1.804280000000000120e-02 9.221154425289701528e-01 -2.210185388615653907e-03 -3.869085495697268673e-01 8.388311000000000517e-01
-5.175670108128247460e-01 1.132181129418135222e-02 -8.555677681559162862e-01 -2.597162500000000041e+00 6.244694781211134263e-03 9.999358052631446281e-01 9.454583006989314420e-03 1.833419999999999842e-02 8.556198882128479566e-01 -4.493793113665191241e-04 -5.176044869906633039e-01 8.286270999999999498e-01
-5.444745751882750229e-01 1.011008013303221764e-02 -8.387164140835988713e-01 -2.619992299999999830e+00 5.292591187659081119e-03 9.999488597810355373e-01 8.617789805237006245e-03 1.871690000000000159e-02 8.387606484880342217e-01 2.531843411443862255e-04 -5.445002391602978831e-01 8.135736999999999552e-01
-5.483321240272091002e-01 9.380911373146727517e-03 -8.362080364727541015e-01 -2.641620599999999985e+00 4.293567429907924234e-03 9.999554810997526300e-01 8.402445910985396199e-03 1.902639999999999887e-02 8.362496320110009984e-01 1.017015423367685113e-03 -5.483479904596116894e-01 7.994755999999999529e-01
-5.615585940850174040e-01 9.519142567354881360e-03 -8.273822159884997030e-01 -2.661650400000000083e+00 4.656490539384624747e-03 9.999543449411817386e-01 8.344167370609778533e-03 1.914379999999999901e-02 8.274238711235702981e-01 8.330414362441693372e-04 -5.615772818916825448e-01 7.859053999999999762e-01
-5.698792169550365161e-01 9.403415552975885605e-03 -8.216746642428816028e-01 -2.674351000000000145e+00 4.854238178912458068e-03 9.999555982128933707e-01 8.077002810259217153e-03 1.937550000000000036e-02 8.217141318332163991e-01 6.143115110412806709e-04 -5.698995597181583106e-01 7.773609000000000213e-01
-5.795993668230973173e-01 9.396112496115429855e-03 -8.148474010808556267e-01 -2.692505600000000054e+00 4.374511381882009720e-03 9.999549907703983997e-01 8.419031033456970264e-03 1.945730000000000029e-02 8.148898315897886713e-01 1.315105825730489633e-03 -5.796143829031786820e-01 7.641582999999999570e-01
-6.039003953066910402e-01 1.019044838139288728e-02 -7.969946469771348463e-01 -2.715205399999999880e+00 6.293814955378663339e-03 9.999480607214943362e-01 8.016467590527324300e-03 1.951440000000000119e-02 7.970349430493804954e-01 -1.749888816186999721e-04 -6.039331659522944040e-01 7.475412000000000168e-01
-6.145535620789360776e-01 9.587972248930041672e-03 -7.888168292602822929e-01 -2.726524099999999784e+00 6.073315592207440342e-03 9.999540080965753086e-01 7.422703638950516741e-03 1.964000000000000121e-02 7.888517187493534477e-01 -2.290845869687865681e-04 -6.145835283722167475e-01 7.383237000000000272e-01
-6.221884305570818396e-01 1.054570896208957033e-02 -7.827964900939466952e-01 -2.738159399999999799e+00 6.455184887415961123e-03 9.999443831947483208e-01 8.340330050032941298e-03 1.965070000000000011e-02 7.828409081473609588e-01 1.361607913813595028e-04 -6.222219009254289501e-01 7.291558000000000206e-01
-6.532976262839061965e-01 1.120397498298781637e-02 -7.570182840832806459e-01 -2.749574400000000196e+00 7.691380944597632149e-03 9.999371131816301439e-01 8.161638386553732305e-03 1.972109999999999835e-02 7.570621204042500274e-01 -4.905370203869786547e-04 -6.533427165144284343e-01 7.190801999999999472e-01
-7.128553577940001107e-01 1.150995870129397497e-02 -7.012166282362983782e-01 -2.760417499999999968e+00 8.817711476992631803e-03 9.999333771513735369e-01 7.449108870021932394e-03 1.977780000000000163e-02 7.012556501224764816e-01 -8.729887418713402902e-04 -7.129093568343454201e-01 7.073511000000000104e-01
-7.387584256543512362e-01 1.036431479517424363e-02 -6.738906213203526008e-01 -2.771952600000000100e+00 7.734751930509918896e-03 9.999462824153271256e-01 6.899702626957699911e-03 1.995359999999999842e-02 6.739259322338604363e-01 -1.151633340356638703e-04 -7.387989067399386434e-01 6.943869999999999765e-01
-7.570921045260373683e-01 1.051925526029219744e-02 -6.532234614074304835e-01 -2.783806600000000131e+00 7.689969141899818776e-03 9.999445828141573234e-01 7.189970460136120567e-03 1.996339999999999920e-02 6.532628947360569205e-01 4.202016061563679759e-04 -7.571310413605282230e-01 6.803506000000000276e-01
-7.654975457892563284e-01 1.067407641969425267e-02 -6.433502712233920562e-01 -2.796414899999999815e+00 8.026630121076464702e-03 9.999430050941273684e-01 7.039870185270554262e-03 2.023640000000000161e-02 6.433887476475828038e-01 2.250686840951751817e-04 -7.655395931919932728e-01 6.654122000000000092e-01
-7.729389563944057961e-01 1.114461829463117039e-02 -6.343825085632430749e-01 -2.808530300000000146e+00 8.769732785683057377e-03 9.999378669355521998e-01 6.881428285290674095e-03 2.038169999999999912e-02 6.344197833255154073e-01 -2.444410866754148648e-04 -7.729886666528563710e-01 6.506220000000000336e-01
-7.774861646818109762e-01 1.158064261427795699e-02 -6.287934099885336137e-01 -2.819966099999999809e+00 8.726877167899875498e-03 9.999328447365737338e-01 7.625459456294627313e-03 2.032060000000000116e-02 6.288394909221780571e-01 4.412863736563176278e-04 -7.775350152392316305e-01 6.363372000000000472e-01
-7.845961331128932237e-01 1.091472205823467746e-02 -6.199111039065889894e-01 -2.830832200000000132e+00 8.499352783762235616e-03 9.999404271836426217e-01 6.848582776861315488e-03 2.073799999999999949e-02 6.199489244337403893e-01 1.045283973553634560e-04 -7.846421605848502567e-01 6.225224999999999786e-01
-7.997582192880238194e-01 1.068662454696418448e-02 -6.002271126307459070e-01 -2.840944799999999937e+00 8.133185191344163845e-03 9.999426585491634212e-01 6.966413157033381383e-03 2.094189999999999940e-02 6.002671421791243578e-01 6.896879174020289355e-04 -7.997992762879222450e-01 6.090278999999999554e-01
-8.060954485986489004e-01 1.081550959990089204e-02 -5.916867013045312707e-01 -2.850305300000000042e+00 8.852769469959649237e-03 9.999414850534964483e-01 6.217309845898217648e-03 2.112999999999999948e-02 5.917193221631813493e-01 -2.263207957837673479e-04 -8.061440271797855051e-01 5.962965999999999545e-01
-8.117546599111937766e-01 1.127426500797061061e-02 -5.838897696149437655e-01 -2.859046000000000198e+00 9.314522795577097683e-03 9.999364049706996882e-01 6.358119168702977553e-03 2.103379999999999833e-02 5.839243202483971329e-01 -2.774217057173260746e-04 -8.118080507482322572e-01 5.837655999999999956e-01
-8.171917701645099452e-01 1.122114038951736725e-02 -5.762566240693069997e-01 -2.867564900000000083e+00 9.308534332541026218e-03 9.999370122975862474e-01 6.270775546668336600e-03 2.115229999999999888e-02 5.762906922413164601e-01 -2.396784002171130357e-04 -8.172447495030420450e-01 5.715263000000000426e-01
-8.221888770186269735e-01 1.130355213395297861e-02 -5.691025217094045630e-01 -2.875779599999999991e+00 9.705631311968738323e-03 9.999358515958746141e-01 5.838956590803871284e-03 2.133329999999999949e-02 5.691320156410850650e-01 -7.227740920696182347e-04 -8.222458430238043237e-01 5.596024000000000553e-01
-8.340537059524675279e-01 1.139148291427783018e-02 -5.515656349918551804e-01 -2.883436199999999783e+00 1.028546689513734104e-02 9.999341055891005636e-01 5.098396853391216899e-03 2.145309999999999925e-02 5.515873681999106104e-01 -1.420773289216788931e-03 -8.341159131952565753e-01 5.478977999999999904e-01
-8.658908202037449708e-01 1.167990709430396720e-02 -5.000966579144017210e-01 -2.890786199999999972e+00 1.112786770492708507e-02 9.999297337003434372e-01 4.086345837295763880e-03 2.147939999999999919e-02 5.001092461125142830e-01 -2.026680100255451832e-03 -8.659599497208538832e-01 5.341386000000000189e-01
-8.805516416399807866e-01 1.050931111733956029e-02 -4.738336847301739541e-01 -2.899264300000000016e+00 9.730192925696283870e-03 9.999442718117348416e-01 4.095926821624498206e-03 2.159399999999999861e-02 4.738503242066672838e-01 -1.003818080299461596e-03 -8.806048277170062111e-01 5.178814999999999946e-01
-9.017953663044661061e-01 1.169452058101707291e-02 -4.320050410587518153e-01 -2.907198399999999960e+00 1.089945999588708310e-02 9.999312835908551467e-01 4.316233096434214829e-03 2.165359999999999854e-02 4.320258315003765448e-01 -8.162626567870688490e-04 -9.018608621243541235e-01 5.011782999999999655e-01
-9.096391151713699719e-01 1.031816706522084050e-02 -4.152712554206719475e-01 -2.915206899999999823e+00 9.927178489803638664e-03 9.999459182181137384e-01 3.100284852229199129e-03 2.181260000000000143e-02 4.152807860682677377e-01 -1.302331504484877372e-03 -9.096923505532921173e-01 4.835779000000000050e-01
-9.205527620143943990e-01 1.125597439110205891e-02 -3.904560351539920204e-01 -2.923026099999999960e+00 1.103562966627753480e-02 9.999351631590817080e-01 2.807909522998940522e-03 2.184389999999999943e-02 3.904623249758386039e-01 -1.724099338039303351e-03 -9.206172930463201176e-01 4.648706000000000227e-01
-9.258281414494694550e-01 1.033912887943226958e-02 -3.778033283525121799e-01 -2.931534800000000107e+00 1.010842896760759738e-02 9.999455447823971665e-01 2.593671845449956222e-03 2.197520000000000029e-02 3.778095712975366727e-01 -1.417703724174350019e-03 -9.258822376264286280e-01 4.442980000000000262e-01
-9.362208856144642599e-01 1.135230099365752525e-02 -3.512286699593549777e-01 -2.939789300000000161e+00 1.117724319823245986e-02 9.999343422425756023e-01 2.525952967785626523e-03 2.206649999999999931e-02 3.512342844509284134e-01 -1.560918337806690070e-03 -9.362863028797264731e-01 4.231737999999999889e-01
-9.506638494545462947e-01 1.126958465522668977e-02 -3.100181314084118900e-01 -2.951031899999999819e+00 1.138491593059873415e-02 9.999341566427880634e-01 1.437382457647888405e-03 2.233939999999999884e-02 3.100139174771317507e-01 -2.163062822720101998e-03 -9.507295578289906013e-01 3.904315999999999898e-01
-9.575044025663709268e-01 1.042167547250653914e-02 -2.882303033103258416e-01 -2.958121300000000176e+00 1.067851850419737625e-02 9.999427509472110787e-01 6.812273329581722790e-04 2.250059999999999907e-02 2.882209019286633422e-01 -2.425594456913740017e-03 -9.575608744006607331e-01 3.671077999999999841e-01
-9.698584445581032165e-01 1.080247216950366851e-02 -2.434294643513068568e-01 -2.967533799999999999e+00 1.097117645644584208e-02 9.999395952041383318e-01 6.627444043651010237e-04 2.248280000000000070e-02 2.434219193221896504e-01 -2.027939350939156511e-03 -9.699183762850823731e-01 3.306159000000000181e-01
-9.752614042326968047e-01 1.002267816489660866e-02 -2.208273971600258900e-01 -2.976861200000000096e+00 1.019510689301243549e-02 9.999479641272077668e-01 3.589335486818853813e-04 2.254520000000000135e-02 2.208195036891192620e-01 -1.901304882238453878e-03 -9.753128379295723516e-01 2.936031000000000057e-01
-9.845243191783775716e-01 9.460203714298665717e-03 -1.749924841015600419e-01 -2.986397699999999933e+00 9.587669866390272078e-03 9.999540303917869855e-01 1.170032234840854765e-04 2.252099999999999935e-02 1.749855466399550807e-01 -1.562577647722961528e-03 -9.845697622912301661e-01 2.468766000000000016e-01
