9.999999858260600893e-01 -1.980040113956109600e-05 -1.671999512940958610e-04 -5.810000000000000277e-05 1.979959857956679057e-05 9.999999997924600148e-01 -4.801655245943154544e-06 -7.700000000000000816e-06 1.672000463340951690e-04 4.798344685966636189e-06 9.999999860105600602e-01 -1.061000000000000040e-04
9.999368665870153050e-01 1.068904739645763118e-03 -1.118571780437352045e-02 -1.328200000000000084e-03 -1.075061293622924354e-03 9.999992739379510720e-01 -5.443957988383714636e-04 -6.789999999999999703e-05 1.118512777559870983e-02 5.563867615264471217e-04 9.999372897089172652e-01 3.117690000000000045e-02
9.999148126586122620e-01 1.221308339043817486e-03 -1.299522342375459064e-02 -1.797800000000000006e-03 -1.223439584642009277e-03 9.999992394211206781e-01 -1.560537181876009069e-04 -5.301000000000000373e-04 1.299502295015476233e-02 1.719392951341232442e-04 9.999155463414917122e-01 5.950629999999999808e-02
9.998060561175565741e-01 1.289610202156959637e-03 -1.965164258233543723e-02 -2.887199999999999923e-03 -1.289464772913222722e-03 9.999991684385186597e-01 2.007163809574736093e-05 -3.999000000000000167e-04 1.965165212537568415e-02 5.272355515474913804e-06 9.998068876242779401e-01 8.821759999999999324e-02
9.988967192092814695e-01 1.190879124741921593e-03 -4.694599194653352459e-02 -7.422999999999999911e-03 -1.186464978382964627e-03 9.999992887214420589e-01 1.218912008121546947e-04 -5.764999999999999725e-04 4.694610371254261116e-02 -6.605694527173032178e-05 9.988974216518385907e-01 1.686242000000000019e-01
9.985997931672029315e-01 8.673464890806017145e-04 -5.289329632843226686e-02 -8.606799999999999520e-03 -8.700449908086722427e-04 9.999996211190100848e-01 -2.799196705386515824e-05 -4.828000000000000260e-04 5.289325200943344879e-02 7.397232002824414209e-05 9.986001694471929868e-01 1.939672000000000063e-01
9.976700325434342265e-01 7.474469095246391147e-04 -6.821984673026015855e-02 -1.100869999999999974e-02 -7.516790041987725119e-04 9.999997168280351234e-01 -3.636652428121208282e-05 -3.773000000000000095e-04 6.821980023026594231e-02 8.756121791992328772e-05 9.976703118713995400e-01 2.187338000000000060e-01
9.829994838917689437e-01 1.045761799767030899e-03 -1.836053404745466022e-01 -3.560549999999999826e-02 -1.149647342934200303e-03 9.999992336474005095e-01 -4.593643420126859961e-04 -6.627999999999999560e-04 1.836047193824355828e-01 6.626363029418440038e-04 9.829999328248335555e-01 3.732190000000000230e-01
9.706305666452504921e-01 -1.504219584342410450e-04 -2.405748957542210298e-01 -6.219260000000000066e-02 9.138282129348971922e-05 9.999999629119015188e-01 -2.565645640129185956e-04 -4.662000000000000020e-04 2.405749254246997704e-01 2.270449954425429327e-04 9.706305443923914922e-01 4.879135000000000000e-01
9.637223630599643931e-01 1.048173350163405767e-03 -2.669046801214740028e-01 -8.054540000000000310e-02 -1.230475125809836695e-03 9.999991099508086512e-01 -5.157795608220351428e-04 -5.084999999999999460e-04 2.669039019367890897e-01 8.254878670251471727e-04 9.637227950508893137e-01 5.509456000000000353e-01
9.545518778739466859e-01 9.492282165098552774e-04 -2.980433045936696224e-01 -1.008304000000000006e-01 -8.982163480731194475e-04 9.999995491340236686e-01 3.081219585525445896e-04 -1.636800000000000104e-03 2.980434626941413367e-01 -2.641102553075942022e-05 9.545523001112844463e-01 6.158957000000000459e-01
9.449211281827490927e-01 6.382910300267145452e-04 -3.272975009046076300e-01 -1.250483000000000011e-01 -6.247495276937403393e-04 9.999997941116205435e-01 1.465085127062297672e-04 -8.637000000000000146e-04 3.272975270329250286e-01 6.603996999074795656e-05 9.449213324064887898e-01 6.851728999999999736e-01
9.239956267207091178e-01 -6.014864344691617183e-05 -3.824030310851951886e-01 -1.542373999999999967e-01 2.420143297037973082e-05 9.999999948250802850e-01 -9.881361244290994840e-05 -8.545000000000000078e-04 3.824030350497949482e-01 8.204864443324543931e-05 9.239956233947892450e-01 7.566241999999999690e-01
9.097572233535358155e-01 6.181742195242917372e-04 -4.151402322308680448e-01 -1.877224000000000115e-01 -4.086453129575945333e-04 9.999997403543141594e-01 5.935489134386114822e-04 -8.321000000000000054e-04 4.151404913581340228e-01 -3.703403012931478014e-04 9.097572397529949395e-01 8.296050999999999842e-01
8.827352414436854255e-01 3.939611757094450589e-04 -4.698705548424487177e-01 -2.254382000000000053e-01 -1.637333310306070592e-04 9.999998456980455641e-01 5.308439331858516444e-04 -6.139999999999999625e-04 4.698706914724038453e-01 -3.916611764321747133e-04 8.827351697404879349e-01 9.015577999999999648e-01
8.762185855232840215e-01 1.078298047136984090e-03 -4.819126763812059955e-01 -2.651834000000000136e-01 -6.899057980593485207e-04 9.999992787298340735e-01 9.831428183850431102e-04 -7.169999999999999724e-04 4.819133889129510462e-01 -5.289736600990249931e-04 8.762186974570341791e-01 9.741383000000000125e-01
8.449559177759694562e-01 7.909344940648169718e-05 -5.348359475199807589e-01 -3.079695000000000071e-01 4.018070110416145733e-04 9.999996129855487359e-01 7.826748230381843936e-04 -4.844000000000000107e-04 5.348358024351914652e-01 -8.762265568909867984e-04 8.449555589855159976e-01 1.044285399999999919e+00
8.255224221069942248e-01 1.305717230595575479e-03 -5.643678106528714489e-01 -3.602346000000000159e-01 -1.946414120555898424e-03 9.999979634193383315e-01 -5.335065575039352670e-04 1.042399999999999967e-03 5.643659646635975635e-01 1.538915101402579550e-03 8.255232823304486933e-01 1.117772500000000058e+00
7.859332734410423571e-01 1.638118411313659278e-04 -6.183112993176885785e-01 -4.168412000000000228e-01 -8.843477937358647494e-04 9.999992398886049516e-01 -8.591572568078340456e-04 2.237700000000000019e-03 6.183106885920922613e-01 1.222042508637161259e-03 7.859328209108458196e-01 1.192051900000000053e+00
7.667138388418782702e-01 2.145170317496220783e-03 -6.419854262930421163e-01 -4.812902000000000013e-01 -3.324122894061366709e-03 9.999942775759599334e-01 -6.285080103699406447e-04 2.221299999999999837e-03 6.419804043234772495e-01 2.615924242568056293e-03 7.667165821899390998e-01 1.268396099999999915e+00
7.438899778347995984e-01 2.677350346970230107e-03 -6.682967399831164501e-01 -5.463531999999999833e-01 -3.894590611530193095e-03 9.999923619582066214e-01 -3.289212909163413950e-04 2.851100000000000075e-03 6.682907548671538356e-01 2.847423461063629951e-03 7.438947231555841366e-01 1.342015600000000086e+00
7.307682699898861989e-01 2.765341283468697453e-03 -6.826200176258933050e-01 -6.153066999999999842e-01 -4.806596686412620972e-03 9.999878491580622697e-01 -1.094607019324931891e-03 2.930900000000000172e-03 6.826086962559757554e-01 4.080983192630409720e-03 7.307726824203941707e-01 1.415193600000000052e+00
7.078857265059647075e-01 3.129681813030022255e-03 -7.063200431113870748e-01 -6.864054000000000544e-01 -5.908643015927431130e-03 9.999814324730420534e-01 -1.490854410384518042e-03 3.854499999999999853e-03 7.063022625950116096e-01 5.228747547149325582e-03 7.078910749912413758e-01 1.486363099999999937e+00
6.574840601279663410e-01 3.590553586633785620e-03 -7.534598984701084134e-01 -7.634216000000000335e-01 -8.142747229966457861e-03 9.999641087510274806e-01 -2.340272913997682239e-03 5.446600000000000226e-03 7.534244529779965394e-01 7.673925638460988782e-03 6.574896991741404628e-01 1.553521900000000011e+00
6.246682688604793254e-01 3.398797863532984978e-03 -7.808828350347666314e-01 -8.403412000000000104e-01 -8.509418887335105930e-03 9.999607811415668346e-01 -2.454784908563408322e-03 6.656399999999999817e-03 7.808438663837039551e-01 8.178285384497762170e-03 6.246726918788094718e-01 1.618062600000000018e+00
5.419687064957658951e-01 3.443670552407128091e-03 -8.403916124714910785e-01 -9.212299000000000460e-01 -8.193701711223010456e-03 9.999657270732267289e-01 -1.186562758727025598e-03 7.597099999999999860e-03 8.403587236600652544e-01 7.528998076728453739e-03 5.419783480512729845e-01 1.671663300000000074e+00
4.362782985270290403e-01 3.854664757160711566e-03 -8.998035273291444813e-01 -1.004468399999999928e+00 -9.673651279716305798e-03 9.999531264480304715e-01 -4.066666048895186542e-04 8.881999999999999271e-03 8.997597827783141433e-01 8.881805358089786551e-03 4.362951372961908492e-01 1.712175000000000002e+00
4.170622032218622710e-01 5.166358960153801319e-03 -9.088632611008219397e-01 -1.081299199999999905e+00 -1.152866812091316896e-02 9.999334651819855591e-01 3.937264338812352521e-04 8.415999999999999870e-03 9.088048241812342054e-01 1.031377449054103439e-02 4.170940153019153662e-01 1.748191199999999945e+00
3.830462102723213857e-01 5.162380615414707309e-03 -9.237147560921576961e-01 -1.158772099999999972e+00 -1.331112624095081784e-02 9.999114006975151625e-01 6.836176495382973589e-05 8.576600000000000196e-03 9.236332685185231206e-01 1.226949801397871076e-02 3.830809897453474333e-01 1.780059199999999953e+00
3.718645124100746768e-01 5.705655119253977801e-03 -9.282694812982260624e-01 -1.235279100000000074e+00 -1.366202910691226291e-02 9.999064436596261096e-01 6.729700149074599805e-04 8.445299999999999335e-03 9.281864755374856779e-01 1.243179100609454954e-02 3.719076729534919190e-01 1.811560999999999977e+00
3.508009728640827385e-01 5.527278650714661894e-03 -9.364337278357345307e-01 -1.274064800000000108e+00 -1.355307981290354569e-02 9.999078126478603279e-01 8.247626061538750747e-04 8.808800000000000310e-03 9.363519591826560129e-01 1.240223352823181108e-02 3.508435450999676242e-01 1.825630300000000039e+00
3.267320465772938776e-01 5.410060825540585934e-03 -9.451015294566381675e-01 -1.352506200000000103e+00 -1.386571233414121002e-02 9.999034336803114265e-01 9.302342661500545215e-04 8.619399999999999284e-03 9.450152971041684280e-01 1.280056858842709699e-02 3.267755096131487180e-01 1.852929400000000060e+00
3.048640032489929319e-01 5.362817454293278968e-03 -9.523807955392371571e-01 -1.391531000000000073e+00 -1.366136621206457194e-02 9.999058886727172357e-01 1.257326864183717224e-03 9.175900000000000722e-03 9.522979085329432714e-01 1.262750911999135743e-02 3.049085755061780034e-01 1.865135599999999894e+00
2.677655263251296769e-01 5.623545861801978497e-03 -9.634676946549722842e-01 -1.429360900000000045e+00 -1.248819537794034623e-02 9.999192211834716515e-01 2.365604371419549080e-03 9.020800000000000693e-03 9.634031699595082543e-01 1.139854551159487708e-02 2.678141244822450640e-01 1.875874199999999936e+00
2.454716293319497145e-01 5.981878408666440466e-03 -9.693853188097198981e-01 -1.469787200000000071e+00 -1.422645182991779181e-02 9.998955021059295900e-01 2.567671447432254110e-03 8.925300000000000594e-03 9.692993795837534510e-01 1.316062304888565571e-02 2.455310789686637740e-01 1.885512099999999913e+00
1.940875371190530774e-01 6.378229452816704288e-03 -9.809634784863845436e-01 -1.590716800000000042e+00 -1.354055819513230730e-02 9.999010167239236191e-01 3.822307971388458868e-03 9.488899999999999765e-03 9.808907590648534569e-01 1.254093072746699858e-02 1.941546904858711953e-01 1.912096000000000018e+00
1.908048801141342121e-01 7.110508538644631261e-03 -9.816022302302255254e-01 -1.672237299999999927e+00 -1.518489438463421770e-02 9.998754944551789814e-01 4.291220168999823788e-03 9.513600000000000528e-03 9.815105280674060184e-01 1.408674044387801111e-02 1.908890961697614630e-01 1.927251800000000070e+00
1.761424915197191687e-01 5.672458939507912454e-03 -9.843483356468913925e-01 -1.753805800000000081e+00 -1.446257814054390488e-02 9.998903736378368379e-01 3.174041574360528598e-03 1.057480000000000052e-02 9.842584297402559024e-01 1.367713113071247245e-02 1.762052200398132040e-01 1.942415500000000073e+00
1.414711699613699081e-01 6.270730782043268219e-03 -9.899225151521809929e-01 -1.836905699999999975e+00 -1.443019283634654898e-02 9.998867550227796830e-01 4.271611490019013892e-03 1.168040000000000050e-02 9.898371975251619714e-01 1.368046291157374444e-02 1.415456369163600181e-01 1.955811699999999931e+00
1.243640042590081485e-01 7.035575875759485405e-03 -9.922117188971123491e-01 -1.920578200000000013e+00 -1.561380648300033508e-02 9.998649225530799045e-01 5.132805766336139344e-03 1.123900000000000073e-02 9.921138057157440349e-01 1.485386549083934395e-02 1.244570576070446188e-01 1.966213200000000105e+00
1.087217266692954154e-01 7.818867175235489492e-03 -9.940414737153291380e-01 -2.003199299999999905e+00 -1.629761651643142975e-02 9.998486869229258334e-01 6.082018939840420566e-03 1.150989999999999999e-02 9.939386167394497207e-01 1.553925913926597520e-02 1.088327045491032097e-01 1.975440099999999921e+00
1.071933386545336486e-01 7.558393696686365772e-03 -9.942094642643570790e-01 -2.079681200000000008e+00 -1.623282729610137434e-02 9.998511188997447618e-01 5.851098435629365803e-03 1.234700000000000034e-02 9.941056701709678478e-01 1.551163175344135239e-02 1.073000736918490183e-01 1.983979099999999995e+00
9.289019244178117751e-02 7.468399776028160700e-03 -9.956483491438703481e-01 -2.157596100000000128e+00 -1.751866770281541169e-02 9.998293324902752799e-01 5.865336645834951998e-03 1.229779999999999936e-02 9.955222289984524409e-01 1.689760032774076381e-02 9.300517551790732362e-02 1.990835899999999992e+00
8.247925219113552697e-02 6.672586992729710384e-03 -9.965704438426898903e-01 -2.245846499999999857e+00 -1.701071788636904919e-02 9.998413309340444810e-01 5.286627755853465227e-03 1.331419999999999999e-02 9.964475944248056827e-01 1.651634157018588844e-02 8.257967078013528361e-02 1.998323800000000094e+00
7.465599451424419220e-02 6.967783022329409118e-03 -9.971850041405769804e-01 -2.342284699999999997e+00 -1.835259755388808645e-02 9.998158259148263172e-01 5.612166540534381173e-03 1.334179999999999915e-02 9.970404528634300156e-01 1.788195319330107558e-02 7.477012173240338289e-02 2.004670899999999811e+00
7.368538310861977303e-02 6.790742375082367728e-03 -9.972584169281960564e-01 -2.449276699999999973e+00 -1.897767778771126262e-02 9.998052932383235669e-01 5.405863336738172403e-03 1.451610000000000053e-02 9.971009537965161984e-01 1.852731579654592203e-02 7.379990858702545342e-02 2.013410100000000202e+00
7.513003048231474412e-02 7.615615551261057693e-03 -9.971446639878800422e-01 -2.565391099999999813e+00 -2.008662829946840714e-02 9.997794980402637810e-01 6.122308544746542062e-03 1.523530000000000023e-02 9.969714167834933249e-01 1.956930499873391766e-02 7.526643620220818676e-02 2.021174699999999991e+00
7.633880843688663209e-02 8.527787508255748467e-03 -9.970454669505550704e-01 -2.689288599999999807e+00 -2.181559526036791138e-02 9.997383349707006372e-01 6.880508225920123344e-03 1.560250000000000005e-02 9.968432505313320480e-01 2.122589056377090222e-02 7.650487200108679886e-02 2.030817499999999942e+00
7.839720159418128720e-02 9.555763472636723266e-03 -9.968764046594021933e-01 -2.822235800000000072e+00 -2.244794785134055642e-02 9.997174472603310713e-01 7.817626273412855986e-03 1.654200000000000115e-02 9.966694378877404281e-01 2.176494952308141370e-02 7.858955753020202550e-02 2.041279299999999797e+00
8.101413706587118346e-02 1.068290831808516028e-02 -9.966557003626373978e-01 -2.948018799999999828e+00 -2.400678695580713701e-02 9.996733813144101921e-01 8.763838854767006664e-03 1.718789999999999901e-02 9.964237972747992389e-01 2.321650622469329309e-02 8.124413863896917665e-02 2.050975100000000051e+00
8.581758679419841662e-02 1.041416355180103254e-02 -9.962564363628152453e-01 -3.081874599999999909e+00 -2.572713707213345607e-02 9.996350966499966129e-01 8.233344619509455967e-03 1.876850000000000046e-02 9.959786424491698931e-01 2.492426013081006086e-02 8.605419828247684588e-02 2.060054500000000122e+00
9.309013888239896228e-02 1.161239397435086945e-02 -9.955899649700372667e-01 -3.214283500000000071e+00 -2.880320823216461767e-02 9.995448952695411560e-01 8.965351980620811859e-03 1.836499999999999938e-02 9.952409764666998448e-01 2.784159921387988068e-02 9.338224732155164798e-02 2.069939100000000032e+00
1.056177059486126668e-01 9.779837984352689195e-03 -9.943587154337977241e-01 -3.351957300000000028e+00 -2.979585059298511113e-02 9.995337777618443775e-01 6.665913333990809708e-03 1.991549999999999918e-02 9.939603148403829413e-01 2.892372524650965726e-02 1.058598632167617737e-01 2.077881800000000112e+00
1.199021677327357233e-01 8.832315133529942616e-03 -9.927464230015503599e-01 -3.479646199999999912e+00 -3.228084132402722628e-02 9.994663648449936266e-01 4.993278176414551670e-03 2.172980000000000050e-02 9.922607608166333915e-01 3.144798487846398732e-02 1.201232982842213026e-01 2.085462800000000172e+00
1.302020987810847963e-01 1.019305047389913212e-02 -9.914350786587277087e-01 -3.591407799999999817e+00 -3.128457379901698754e-02 9.994914901844819122e-01 6.167373105106854075e-03 2.107780000000000070e-02 9.909937885351324249e-01 3.021361896298224367e-02 1.304547749756413966e-01 2.096636300000000119e+00
1.377924658049158868e-01 1.384762679139056769e-02 -9.903643166025556388e-01 -3.701998699999999864e+00 -1.791687959711176295e-02 9.997734988492508190e-01 1.148635817957942978e-02 1.744739999999999833e-02 9.902990567464472482e-01 1.616150460116115573e-02 1.380093619147735318e-01 2.110331799999999980e+00
1.425040979204748592e-01 1.822117670873974610e-02 -9.896264804436171181e-01 -3.818514799999999987e+00 -9.917464114819064813e-03 9.998066341963737225e-01 1.698052185445626458e-02 1.709439999999999918e-02 9.897445256132529900e-01 7.394791157786060644e-03 1.426572503671991177e-01 2.128792799999999819e+00
1.437971498947492044e-01 2.167879754941455517e-02 -9.893697031034246470e-01 -3.933956900000000090e+00 -9.033590467366320320e-03 9.997471247313015619e-01 2.059322303000184901e-02 1.774179999999999854e-02 9.895659522868675007e-01 5.976313939794961928e-03 1.439566245307178916e-01 2.148192900000000183e+00
1.259217403131791257e-01 2.112017226651644736e-02 -9.918153324283370820e-01 -4.102698300000000131e+00 -8.414914123073376911e-03 9.997601216731439866e-01 2.022098742400313398e-02 2.439389999999999961e-02 9.920044881636379541e-01 5.799778921050545953e-03 1.260692588526852731e-01 2.177085200000000054e+00
1.241111277768717214e-01 2.172905715896606207e-02 -9.920303806017916060e-01 -4.156069800000000036e+00 -6.470361314824374897e-03 9.997566689564624243e-01 2.108879563972096416e-02 2.508989999999999831e-02 9.922472284599281878e-01 3.801440787474586955e-03 1.242215225374840859e-01 2.185129199999999994e+00
1.220009251796971284e-01 1.840026625549756600e-02 -9.923594129432263822e-01 -4.263294700000000326e+00 -5.987284206850598117e-03 9.998235945782756318e-01 1.780258836243847967e-02 3.064340000000000119e-02 9.925119277283899200e-01 3.769605589823703425e-03 1.220895711785934257e-01 2.204496400000000023e+00
1.223385679080865179e-01 1.825241424760012249e-02 -9.923205753063534251e-01 -4.367794499999999580e+00 -6.528087677942924147e-03 9.998240496601439320e-01 1.758561322385629802e-02 3.412869999999999793e-02 9.924669560612421337e-01 4.326556982634551483e-03 1.224361957560280434e-01 2.221887600000000074e+00
1.232763122034624959e-01 2.019902834348966461e-02 -9.921667955054198629e-01 -4.473720600000000047e+00 -8.753786064944302919e-03 9.997760656265306523e-01 1.926628739181996189e-02 3.555110000000000214e-02 9.923337755407923844e-01 6.310139009080155230e-03 1.234255243725642659e-01 2.234846600000000016e+00
1.234319923652373030e-01 2.091027577664498344e-02 -9.921327046457507626e-01 -4.582495200000000324e+00 -8.749874500343231623e-03 9.997620415080260559e-01 1.998249373657130443e-02 3.695879999999999999e-02 9.923144576982519949e-01 6.214557639005548889e-03 1.235855829632859226e-01 2.250498299999999841e+00
1.225963587056123905e-01 1.913054420880574286e-02 -9.922722182498104893e-01 -4.702721600000000279e+00 -7.602800424370021598e-03 9.998029675394377591e-01 1.833639891148752463e-02 4.068689999999999807e-02 9.924274937031076771e-01 5.296071903678319093e-03 1.227176489530298342e-01 2.268018200000000206e+00
1.213472288653924952e-01 1.827089144592417350e-02 -9.924419502280531491e-01 -4.825610199999999850e+00 -7.901357787504847269e-03 9.998166810648593250e-01 1.744055072419617436e-02 4.447489999999999777e-02 9.925786712355874064e-01 5.725276431813402372e-03 1.214693484710255289e-01 2.286167100000000119e+00
1.204106593820288007e-01 1.670515708788238712e-02 -9.925836039517552667e-01 -5.013235599999999792e+00 -8.699757308844632830e-03 9.998377679482048919e-01 1.577187392540464403e-02 5.206940000000000179e-02 9.926860467086020545e-01 6.736134724070420333e-03 1.205364557261699998e-01 2.315284500000000190e+00
1.191078163098397980e-01 1.725044057577381981e-02 -9.927314593553702160e-01 -5.075740800000000164e+00 -7.688103569157876162e-03 9.998351076525709979e-01 1.645146099535509457e-02 5.235580000000000095e-02 9.928515604849554865e-01 5.672724681622079608e-03 1.192207995161714829e-01 2.325148800000000016e+00
1.182883135871523606e-01 1.624837495399795995e-02 -9.928463452015430235e-01 -5.207494699999999810e+00 -6.761415206465468640e-03 9.998561128507612583e-01 1.555753384606077191e-02 5.474319999999999881e-02 9.929562720145903576e-01 4.872771933903807286e-03 1.183811554284163181e-01 2.342291599999999807e+00
1.177742431385916388e-01 1.641647233812075848e-02 -9.929046918456490012e-01 -5.277972700000000295e+00 -6.650211464489835106e-03 9.998539627472929903e-01 1.574254953977935467e-02 5.598840000000000067e-02 9.930181279013032825e-01 4.748959307738389105e-03 1.178662167242334746e-01 2.351162400000000208e+00
1.170646393409984914e-01 1.798313147624183705e-02 -9.929614681337187720e-01 -5.419630100000000006e+00 -7.017444439693350591e-03 9.998260610646105828e-01 1.728013569279710643e-02 5.844909999999999689e-02 9.930995044251597070e-01 4.945159080743901335e-03 1.171704728682460006e-01 2.369644899999999943e+00
1.163717135979743939e-01 1.772950646081588449e-02 -9.930474756399753078e-01 -5.488036600000000043e+00 -7.101662146466302533e-03 9.998299561148644710e-01 1.701837977321905837e-02 6.148379999999999818e-02 9.931803414632355276e-01 5.071829650525714814e-03 1.164778342645825804e-01 2.379009200000000046e+00
1.163564637415966802e-01 1.843803965230942851e-02 -9.930363598777892653e-01 -5.616414500000000309e+00 -6.963387447161628607e-03 9.998182425622993419e-01 1.774804425552016160e-02 6.380710000000000548e-02 9.931831072772084879e-01 4.849797255046394036e-03 1.164637063027522679e-01 2.395803900000000208e+00
1.156087484642959046e-01 1.822025904966061496e-02 -9.931277055035180323e-01 -5.679587399999999953e+00 -7.866116124592509307e-03 9.998171899727997802e-01 1.742730191420269886e-02 6.468469999999999775e-02 9.932636817560750453e-01 5.797309294630382213e-03 1.157309366993493072e-01 2.403878199999999854e+00
1.147560861470883348e-01 1.649978894145580008e-02 -9.932566625284169337e-01 -5.815163100000000362e+00 -7.319065018468550073e-03 9.998489572850828289e-01 1.576368939011778270e-02 6.892620000000000691e-02 9.933667358933746527e-01 5.460730795424259022e-03 1.148595161043369783e-01 2.421257499999999840e+00
1.140029223751541365e-01 1.630913685055211670e-02 -9.933465385982450657e-01 -5.884921600000000197e+00 -6.427232285854603613e-03 9.998564291171405660e-01 1.567838761685493368e-02 6.965749999999999720e-02 9.934596239279523955e-01 4.597086937468661087e-03 1.140913774858605123e-01 2.429946399999999951e+00
1.145345950894721132e-01 1.612284424363841923e-02 -9.932884175410413574e-01 -5.955570200000000369e+00 -7.453000169329072888e-03 9.998540969516489518e-01 1.537002268959660259e-02 7.108430000000000304e-02 9.933913022148758154e-01 5.642579418857041930e-03 1.146380477037848289e-01 2.438008500000000023e+00
1.128993620551386606e-01 1.843166979375820969e-02 -9.934354571869058459e-01 -6.024900399999999934e+00 -5.682786323481559682e-03 9.998235541949185290e-01 1.790436864684938345e-02 7.148129999999999762e-02 9.935901770786305098e-01 3.624089631134075166e-03 1.129841846773305125e-01 2.446732299999999860e+00
1.145965779694403663e-01 1.703501442602944546e-02 -9.932660432135989037e-01 -6.092643299999999762e+00 -5.162036718848479928e-03 9.998496749993606159e-01 1.655236480344144528e-02 7.266699999999999549e-02 9.933987002682291845e-01 3.230431422877740391e-03 1.146672866087571352e-01 2.454887400000000053e+00
1.119034087521084964e-01 1.841890560234640470e-02 -9.935483737725456788e-01 -6.222956199999999605e+00 -4.049965805879108226e-03 9.998283557967703183e-01 1.807917923186572878e-02 7.487599999999999811e-02 9.937108356491990424e-01 2.000715156779507911e-03 1.119587971185457276e-01 2.472036600000000028e+00
1.121475406563943039e-01 1.782549985791237468e-02 -9.935316706977880274e-01 -6.283915999999999613e+00 -2.132782008320951300e-03 9.998411041480953498e-01 1.769795741950330042e-02 7.668650000000000466e-02 9.936892775740450157e-01 1.342040727224155100e-04 1.121677387827689776e-01 2.479931399999999897e+00
1.096386678343240495e-01 1.712584249200276715e-02 -9.938239622963687125e-01 -6.405658700000000039e+00 -3.026636223606143233e-03 9.998526743087646773e-01 1.689583234946891166e-02 7.886250000000000204e-02 9.939669018577454995e-01 1.155507053426122963e-03 1.096743489370453073e-01 2.495353499999999780e+00
1.090975794610689470e-01 1.769168812112108941e-02 -9.938735947428932738e-01 -6.525394900000000220e+00 -3.379241062323212405e-03 9.998424278166574419e-01 1.742699823649355995e-02 8.136430000000000051e-02 9.940253009282905561e-01 1.457295137240199184e-03 1.091401731962365895e-01 2.508174900000000207e+00
1.089578918809052110e-01 1.765039276118005734e-02 -9.938896525431004658e-01 -6.637981899999999769e+00 -2.763310675470959273e-03 9.998438628166199660e-01 1.745319747355475806e-02 8.406379999999999408e-02 9.940425252025084646e-01 8.447622838128054923e-04 1.089896530213031456e-01 2.521157699999999835e+00
1.079823729120481385e-01 1.793293234149401921e-02 -9.939910548279188296e-01 -6.740472800000000042e+00 -2.283871740372511380e-03 9.998391310919313435e-01 1.779033072220047307e-02 8.517689999999999984e-02 9.941501853694726387e-01 3.491059540312313469e-04 1.080059584230238512e-01 2.533311799999999891e+00
1.075552211059161711e-01 1.812944468038835827e-02 -9.940338010593194884e-01 -6.834361999999999604e+00 -1.936375891300502750e-03 9.998356480148455905e-01 1.802574290123473005e-02 8.583440000000000514e-02 9.941972263395555398e-01 -1.393967583163818746e-05 1.075726496114154385e-01 2.543111300000000075e+00
1.076477202545001177e-01 1.761906257815769664e-02 -9.940329657299481481e-01 -6.923395199999999861e+00 -2.606943387152937767e-03 9.998445173045270584e-01 1.743975522343634704e-02 8.829760000000000386e-02 9.941856829436769294e-01 7.140377750222762221e-04 1.076769147954693695e-01 2.552426800000000107e+00
9.329721247627337233e-02 1.712198230573577784e-02 -9.954910687023161842e-01 -7.008457700000000123e+00 -1.971504056080906203e-03 9.998533376359896030e-01 1.701224235451230526e-02 8.959200000000000497e-02 9.956363509414039026e-01 3.754198900921372484e-04 9.331728534409988729e-02 2.560945699999999992e+00
9.199103267342673140e-02 1.727233140696059210e-02 -9.956100222855557291e-01 -7.091852699999999565e+00 -2.086977059968219902e-03 9.998506971949336908e-01 1.715307102404912618e-02 9.087259999999999782e-02 9.957576484438508402e-01 4.998865601614915777e-04 9.201334511362613267e-02 2.568635700000000188e+00
8.393091311810538246e-02 1.692367561872819282e-02 -9.963278531822309381e-01 -7.173627399999999987e+00 -2.232759439832910503e-03 9.998564522704654900e-01 1.679552435627716667e-02 9.272110000000000074e-02 9.964690745870866673e-01 8.148967238413625663e-04 8.395665152258391384e-02 2.575244899999999948e+00
7.686252623478248558e-02 1.832848223163163759e-02 -9.968732210265718319e-01 -7.245397600000000438e+00 -2.114504964972573758e-03 9.998317689615965342e-01 1.821984203767224725e-02 9.236410000000000453e-02 9.970394580604926560e-01 7.074702886947087377e-04 7.688835123885884304e-02 2.581523199999999907e+00
4.952838644065216123e-02 1.787427252859244420e-02 -9.986127624450626961e-01 -7.318706999999999852e+00 -5.516063982852915243e-04 9.998401865838860703e-01 1.786888419239820655e-02 9.379819999999999824e-02 9.987725640339581989e-01 -3.341758123703159056e-04 4.953033070311196884e-02 2.585459699999999916e+00
6.258047411277726374e-03 1.746212415329812667e-02 -9.998279407291302823e-01 -7.429410899999999707e+00 7.062205994756032973e-04 9.998471929902141841e-01 1.746688071907698606e-02 9.606249999999999512e-02 9.999801688508943576e-01 -8.154076553413026895e-04 6.244759025978097178e-03 2.588020300000000162e+00
-9.013632553229901714e-03 1.745217547444086192e-02 -9.998070693885917626e-01 -7.505655299999999919e+00 9.351069141040439792e-05 9.998476971514353995e-01 1.745204162045043556e-02 9.685620000000000340e-02 9.999593720166563005e-01 6.381364013488197151e-05 -9.013891716311395186e-03 2.588267300000000048e+00
-2.211671631874185737e-02 1.791587819156904501e-02 -9.995948540123150705e-01 -7.581686999999999621e+00 -8.025839961628769559e-05 9.998393841806273441e-01 1.792203671163489914e-02 9.782290000000000429e-02 9.997553922924676817e-01 4.766024850530094920e-04 -2.211172612451706154e-02 2.586231199999999841e+00
-3.154064548185551986e-02 1.748867682828847414e-02 -9.993494553285071635e-01 -7.656209900000000346e+00 -1.656191521173782516e-04 9.998468039143239006e-01 1.750260759452451631e-02 9.985960000000000669e-02 9.995024563516012872e-01 7.175549506073988087e-04 -3.153291711860006785e-02 2.585164799999999818e+00
-6.331040997788661695e-02 1.749419593142061830e-02 -9.978405409168061846e-01 -7.728774099999999869e+00 7.303334255242908274e-04 9.998468933530758607e-01 1.748303364094815071e-02 1.012273999999999952e-01 9.979936165134118964e-01 3.781017270908341998e-04 -6.331349332934088636e-02 2.580281700000000011e+00
-9.377385729116571866e-02 1.771296448474059260e-02 -9.954359419761266148e-01 -7.801424500000000428e+00 2.070307731572214663e-03 9.998430287541915096e-01 1.759635409798102068e-02 1.023657000000000039e-01 9.955913707513904809e-01 -4.107807289291560970e-04 -9.379580877928428428e-02 2.573765999999999998e+00
-1.078352516547112644e-01 1.766270492817889615e-02 -9.940118647959813591e-01 -7.870156800000000175e+00 1.425347427375187742e-03 9.998438859105001075e-01 1.761170610991413116e-02 1.039399000000000017e-01 9.941677559070579706e-01 4.823505061640476210e-04 -1.078435925436130871e-01 2.566215000000000135e+00
-1.348811890149302362e-01 1.795099614719521813e-02 -9.906991604857864342e-01 -7.936766099999999824e+00 3.351066900767914886e-03 9.998384280352129450e-01 1.766035601852585998e-02 1.053732000000000002e-01 9.908561122587604686e-01 -9.378493471167322071e-04 -1.349195509852328945e-01 2.558220599999999845e+00
-2.619485183269772977e-01 1.860810976170549150e-02 -9.649024365174946327e-01 -8.031212800000000485e+00 7.921449116705687327e-03 9.998218731727498421e-01 1.713104110161423402e-02 1.066069000000000044e-01 9.650493378010228662e-01 -3.155974719492272811e-03 -2.620492614631402262e-01 2.535747300000000148e+00
-3.986533752676378328e-01 1.977141617137773838e-02 -9.168885305697185295e-01 -8.090362499999999457e+00 1.095868667692855708e-02 9.997989050554323409e-01 1.679454185964405349e-02 1.075576000000000032e-01 9.170362007980035202e-01 -3.352693325762238705e-03 -3.987898768442180719e-01 2.509563200000000105e+00
-5.291101023543344217e-01 2.007937160505815846e-02 -8.483155771424519820e-01 -8.141024599999999722e+00 1.210756031173933558e-02 9.997968655991831266e-01 1.611317849918173645e-02 1.081099999999999978e-01 8.484667975648092497e-01 -1.745386488684488521e-03 -5.292457340934565435e-01 2.476850300000000171e+00
-5.492147727974541205e-01 1.815290154214246540e-02 -8.354840546094471909e-01 -8.190896999999999650e+00 1.028620580519841801e-02 9.998351515929095878e-01 1.496207236035491939e-02 1.092199999999999976e-01 8.356179314203192598e-01 -3.765697607030094735e-04 -5.493109600982319929e-01 2.442473399999999906e+00
-5.587590817409994193e-01 1.762480354314460707e-02 -8.291427228601964128e-01 -8.262124999999999275e+00 1.037212690053791395e-02 9.998444725618372830e-01 1.426357848159011746e-02 1.108280999999999988e-01 8.292651611851988847e-01 -6.300695254495202943e-04 -5.588549860714127071e-01 2.393896600000000152e+00
-5.639990523557334434e-01 1.750826363938550248e-02 -8.255898071355824985e-01 -8.307344399999999851e+00 1.064500796103494233e-02 9.998462851637259785e-01 1.393161332389718059e-02 1.121470999999999996e-01 8.257068200925459234e-01 -9.309933570430597993e-04 -5.640987329395670269e-01 2.362772699999999837e+00
-5.723162279018210175e-01 1.752236872299692272e-02 -8.198457793235051083e-01 -8.349856400000000178e+00 1.072269029994603329e-02 9.998461146136993216e-01 1.388419981924540053e-02 1.129594000000000015e-01 8.199629011077035345e-01 -8.447995174181684511e-04 -5.724160437311424099e-01 2.332945300000000000e+00
-5.801905523583366087e-01 1.707514563711516609e-02 -8.143017636942705417e-01 -8.390912999999999400e+00 1.038155601187364802e-02 9.998540402483786504e-01 1.356913754687577578e-02 1.140999000000000041e-01 8.144146034108797894e-01 -5.810339620114669118e-04 -5.802831344702639171e-01 2.303896899999999803e+00
-5.878156569830035316e-01 1.727349005042618652e-02 -8.088104722041604688e-01 -8.430019400000000829e+00 1.088450473932704374e-02 9.998503957226799743e-01 1.344298068806869424e-02 1.144673999999999969e-01 8.089216778911410000e-01 -9.015068929565973888e-04 -5.879157306307617459e-01 2.275322000000000067e+00
-5.951781878153233896e-01 1.689386092622472205e-02 -8.034161575496681085e-01 -8.467187900000000766e+00 1.088354169412907892e-02 9.998567586637922000e-01 1.296189316910008674e-02 1.155839000000000033e-01 8.035200515662692666e-01 -1.029377161387981694e-03 -5.952767987361844426e-01 2.247918400000000094e+00
-6.200869456034638905e-01 1.675791585771231954e-02 -7.843540987004994358e-01 -8.539027199999999596e+00 1.067713396272730077e-02 9.998595106014915856e-01 1.292121782526254800e-02 1.163543999999999967e-01 7.844604379460501375e-01 -3.623752912953782934e-04 -6.201787564740020020e-01 2.191735299999999942e+00
-6.276944657954613982e-01 1.668411692958462339e-02 -7.782809890084878557e-01 -8.577286700000000152e+00 1.118878843734701783e-02 9.998603888410390050e-01 1.241023126096111456e-02 1.172382000000000007e-01 7.783793860470962223e-01 -9.181878490780474508e-04 -6.277935076982072982e-01 2.160261600000000115e+00
-6.444260085492307111e-01 1.735731561994824715e-02 -7.644696482528106074e-01 -8.613897299999999646e+00 1.264504180938616149e-02 9.998475328763921643e-01 1.204217250461310854e-02 1.179327000000000014e-01 7.645621115533685064e-01 -1.906461502754405735e-03 -6.445472387510420287e-01 2.129428400000000110e+00
-6.900973980050186807e-01 1.841675944228275685e-02 -7.234821381612316360e-01 -8.650320100000000068e+00 1.450311531142062932e-02 9.998273323477024910e-01 1.161744966593176998e-02 1.182629000000000041e-01 7.235711719747864867e-01 -2.475573089591702990e-03 -6.902453408933026946e-01 2.093893099999999841e+00
-7.414139284424429155e-01 1.768412669833680298e-02 -6.708149211030270953e-01 -8.685195000000000221e+00 1.404769904607687178e-02 9.998426539217130093e-01 1.083187658240520115e-02 1.184430000000000066e-01 6.709009232837991332e-01 -1.392501957908379336e-03 -7.415456911581661537e-01 2.053212199999999932e+00
-7.599729654789715294e-01 1.781461236570957424e-02 -6.497104980892320913e-01 -8.723079699999999548e+00 1.448811375371675085e-02 9.998402446506748920e-01 1.046803404359510428e-02 1.191515999999999964e-01 6.497931873303672834e-01 -1.457656728454963767e-03 -7.601096558628266386e-01 2.008167499999999883e+00
-7.715148887088140173e-01 1.742993964268780074e-02 -6.359724630081711183e-01 -8.762139299999999409e+00 1.417291570894528389e-02 9.998474403964338064e-01 1.020903487146108957e-02 1.197495999999999977e-01 6.360533821629552609e-01 -1.137161708745429781e-03 -7.716442197686150806e-01 1.960221800000000014e+00
-7.789787681329097824e-01 1.801585817870689568e-02 -6.267914387196266146e-01 -8.801207500000000294e+00 1.482109171595523758e-02 9.998369176646926260e-01 1.031859075231550057e-02 1.207416000000000045e-01 6.268751183756474665e-01 -1.251770286932761544e-03 -7.791187451426561106e-01 1.910956300000000052e+00
-7.820846887705091843e-01 1.806886849751221033e-02 -6.229101504887802898e-01 -8.839373600000000053e+00 1.470723383124622127e-02 9.998363209829618237e-01 1.053700698911706063e-02 1.212405000000000010e-01 6.229985849612890147e-01 -9.204534074389678772e-04 -7.822224209914696580e-01 1.863102100000000094e+00
-7.887464027092510044e-01 1.871445370819621243e-02 -6.144337893016782459e-01 -8.875199300000000235e+00 1.528152775277485595e-02 9.998245141081184562e-01 1.083586166421659711e-02 1.213184999999999958e-01 6.145287520716637975e-01 -8.427400955502905786e-04 -7.888939742870230143e-01 1.816884399999999955e+00
-8.030563321915104025e-01 1.930495047596199332e-02 -5.955903342182767846e-01 -8.908874499999999585e+00 1.599993025669163571e-02 9.998132981789057405e-01 1.083379049084511742e-02 1.215957000000000010e-01 5.956882822071448702e-01 -8.292597537427476295e-04 -8.032152779730732384e-01 1.772315400000000096e+00
-8.124083495875017435e-01 1.926364895018933127e-02 -5.827706112610990807e-01 -8.938921000000000561e+00 1.624996869681871042e-02 9.998139140588058194e-01 1.039594977688085460e-02 1.222577999999999998e-01 5.828624297704079193e-01 -1.024247789788431534e-03 -8.125702055075617602e-01 1.729549500000000073e+00
-8.181569967051333103e-01 1.837436013534073792e-02 -5.747012368457657949e-01 -8.967770599999999703e+00 1.511774982291209241e-02 9.998311669952906211e-01 1.044467065670693848e-02 1.226799999999999974e-01 5.747961224492803556e-01 -1.428091454868541527e-04 -8.182966437807378535e-01 1.688100799999999957e+00
-8.235288701194501959e-01 1.905477648448893405e-02 -5.669542446907920308e-01 -8.995725600000000099e+00 1.608599202727154995e-02 9.998182036007073892e-01 1.023721686558801310e-02 1.233410999999999952e-01 5.670462423297406573e-01 -6.893778214383649433e-04 -8.236856705187598493e-01 1.647411500000000029e+00
-8.285825154033132911e-01 1.930074817002205151e-02 -5.595341779444718000e-01 -9.021556900000000212e+00 1.619693925481929114e-02 9.998136582755744461e-01 1.050275603774773400e-02 1.232666000000000039e-01 5.596326244302542996e-01 -3.603410747375019110e-04 -8.287407289542466637e-01 1.608484400000000036e+00
-8.335594931603070856e-01 1.889631512973346389e-02 -5.521064214776442158e-01 -9.046608900000000730e+00 1.611769497913014687e-02 9.998212318582080371e-01 9.885556842949814321e-03 1.242216000000000015e-01 5.521945230359425194e-01 -6.584831457790872242e-04 -8.337150443221322815e-01 1.570483300000000026e+00
-8.549770159490149846e-01 1.935219354488839846e-02 -5.183047316047945108e-01 -9.070581400000000016e+00 1.739048481911101632e-02 9.998114108192494021e-01 8.643716410113527412e-03 1.249418000000000056e-01 5.183742598129975621e-01 -1.623391703618188523e-03 -8.551523205620754631e-01 1.529522800000000071e+00
-8.876064804966911082e-01 1.823448352659396907e-02 -4.602415011608529949e-01 -9.108689299999999989e+00 1.688698000519628026e-02 9.998325843675617275e-01 7.045079359843940334e-03 1.256432000000000104e-01 4.602929129223924387e-01 -1.518830932253884426e-03 -8.877658066551211702e-01 1.453938799999999976e+00
-9.083347604650074958e-01 1.920317830484371407e-02 -4.178028253542208081e-01 -9.133859599999999190e+00 1.801695024694249109e-02 9.998146691271515563e-01 6.783575897979300315e-03 1.262338000000000071e-01 4.178556598094326779e-01 -1.365774929051771433e-03 -9.085124006991134316e-01 1.399100800000000033e+00
-9.158784986730023059e-01 1.792606315373824685e-02 -4.010551482381126132e-01 -9.158656099999999967e+00 1.721943640919285437e-02 9.998373329726801817e-01 5.366433063736338570e-03 1.268305000000000127e-01 4.010861088073682801e-01 -1.990942964021595075e-03 -9.160381921447801057e-01 1.341776700000000044e+00
-9.264683984430546193e-01 1.895649183739799362e-02 -3.758948763997439491e-01 -9.182981500000000352e+00 1.854490713575302277e-02 9.998169182810331401e-01 4.713421087087035256e-03 1.270210999999999979e-01 3.759154068479854116e-01 -2.604099889897365343e-03 -9.266503253968433329e-01 1.280991900000000072e+00
