1.000000000000000000e+00 0.000000000000000000e+00 0.000000000000000000e+00 0.000000000000000000e+00 0.000000000000000000e+00 1.000000000000000000e+00 0.000000000000000000e+00 0.000000000000000000e+00 0.000000000000000000e+00 0.000000000000000000e+00 1.000000000000000000e+00 0.000000000000000000e+00
9.911452289985904773e-01 -1.597321789407406918e-03 -1.327726763925191900e-01 -3.113100000000000155e-03 1.691373542935235104e-03 9.999983922649153811e-01 5.955863687178922098e-04 2.949999999999999877e-05 1.327715115861448358e-01 -8.148807798863429283e-04 9.911463371674460454e-01 3.189990000000000187e-02
9.835271990042254719e-01 -8.000110532717654116e-05 -1.807601792949039832e-01 -5.824499999999999816e-03 1.649837054876426726e-04 9.999998828298900522e-01 4.551050242761087660e-04 7.140000000000000079e-05 1.807601217063089238e-01 -4.774306539637151992e-04 9.835270969631142446e-01 4.674470000000000014e-02
9.794370110873710233e-01 1.717328314238064559e-03 -2.017428861092704362e-01 -1.143120000000000074e-02 -1.541388759781666708e-03 9.999982824407822601e-01 1.029192001884530897e-03 -7.099999999999999785e-06 2.017443070644824310e-01 -6.970645211460704772e-04 9.794379759168648780e-01 7.498910000000000298e-02
9.744293377533860268e-01 1.184029328982041333e-03 -2.246910407649704566e-01 -1.459189999999999966e-02 -1.078963932629407787e-03 9.999992436406353047e-01 5.903854583915755854e-04 -1.189000000000000034e-04 2.246915698514957149e-01 -3.328553822693652072e-04 9.744298782595722797e-01 8.864700000000000357e-02
9.711635549042996196e-01 2.410938418094738574e-03 -2.384020490717048135e-01 -1.806949999999999876e-02 -2.356714850421803061e-03 9.999970916264152576e-01 5.124781210122430000e-04 -1.329000000000000049e-04 2.384025912626731580e-01 6.414557560534842268e-05 9.711664122922435416e-01 1.024145999999999945e-01
9.704152373198775550e-01 2.881363001906624664e-03 -2.414248639321497636e-01 -2.148190000000000169e-02 -2.936722200646883774e-03 9.999956793043925929e-01 1.305192042676933922e-04 -1.959999999999999869e-05 2.414241968820068640e-01 5.823399331134619010e-04 9.704195062137200845e-01 1.162253000000000036e-01
9.682479784662739730e-01 1.904651830284423723e-03 -2.499844485110608028e-01 -2.487829999999999903e-02 -1.894824110373992529e-03 9.999981656268673857e-01 2.799723040387779006e-04 6.200000000000000270e-05 2.499845231960662051e-01 2.025939428452122669e-04 9.682498113184063726e-01 1.298981999999999914e-01
9.620165539944588451e-01 1.673264549787630614e-03 -2.729859886997368368e-01 -2.857579999999999842e-02 -1.523935697910195480e-03 9.999985507284312458e-01 7.590527160282217094e-04 6.590000000000000263e-05 2.729868631649058908e-01 -3.142081849647661166e-04 9.620177097187979642e-01 1.434205000000000063e-01
9.580806593270513316e-01 1.894610071344260058e-03 -2.864923396464906236e-01 -3.265160000000000284e-02 -1.819444699472401797e-03 9.999982051145833717e-01 5.285722251544338821e-04 -6.650000000000000366e-05 2.864928268638294306e-01 1.484214283132770243e-05 9.580823868202998916e-01 1.566820999999999908e-01
9.549492624900950410e-01 1.639818113851573486e-03 -2.967645818930843560e-01 -3.706009999999999860e-02 -1.748957806006581558e-03 9.999984653424541792e-01 -1.022708622651022099e-04 4.849999999999999982e-05 2.967639587554669611e-01 6.166922165424747714e-04 9.549506649426940941e-01 1.704115999999999964e-01
9.476322019184758583e-01 5.834925604595885863e-04 -3.193632249078984797e-01 -4.153980000000000172e-02 -6.377973731529304902e-04 9.999997944648572057e-01 -6.545803316395709052e-05 2.162999999999999992e-04 3.193631210732570391e-01 2.657191660283194376e-04 9.476323792967782378e-01 1.836917000000000133e-01
9.346126469063563702e-01 9.478381704534218858e-04 -3.556659975953521124e-01 -4.635949999999999793e-02 -7.733170793302937811e-04 9.999995007361273114e-01 6.328571647081424317e-04 1.063999999999999977e-04 3.556664198703459734e-01 -3.164337193439959611e-04 9.346129132674724227e-01 1.961816000000000115e-01
9.260395470287537956e-01 1.586039323054820333e-03 -3.774231601505744216e-01 -5.152930000000000010e-02 -1.525579950829040500e-03 9.999987308974851441e-01 4.591396657198219431e-04 1.584000000000000013e-04 3.774234093754573749e-01 1.506077180381371983e-04 9.260407914194282997e-01 2.088550999999999880e-01
9.208178431806198772e-01 8.933114853324805160e-04 -3.899919251404849185e-01 -5.692939999999999806e-02 -7.860243716959905771e-04 9.999995966047650064e-01 4.346906882272309563e-04 2.431000000000000001e-04 3.899921561337849618e-01 -9.372778405903860665e-05 9.208181738916886294e-01 2.218288999999999955e-01
9.113590605212135154e-01 4.888151427889051315e-04 -4.116119821696729297e-01 -6.272070000000000423e-02 -2.205231141265036603e-04 9.999997311761718022e-01 6.992976048776746237e-04 4.419999999999999694e-05 4.116122133458227084e-01 -5.465412520862132292e-04 9.113589233212195939e-01 2.340513999999999928e-01
9.050988440270916202e-01 1.143999411447390842e-03 -4.251996869779764987e-01 -6.868090000000000306e-02 -1.217887581927172861e-03 9.999992535679499417e-01 9.804784963186088378e-05 2.188000000000000058e-04 4.251994817619847433e-01 4.291024232486592639e-04 9.050995616949828459e-01 2.470330000000000026e-01
9.034064549316925818e-01 2.326515056928396812e-03 -4.287789226576344537e-01 -8.096079999999999943e-02 -2.192635905867267986e-03 9.999972712178164524e-01 8.061666733933051804e-04 1.358999999999999965e-04 4.287796281722536240e-01 2.118598850038917909e-04 9.034090909327031627e-01 2.728333000000000008e-01
8.965388923075514604e-01 1.162322019066072644e-03 -4.429635014168466500e-01 -9.304790000000000283e-02 -1.336816001690601221e-03 9.999991031242977391e-01 -8.169196931860297790e-05 3.966999999999999932e-04 4.429630091812704618e-01 6.654007245422607344e-04 8.965396420342769401e-01 2.979148999999999825e-01
8.809046963004973918e-01 7.734851333389732974e-04 -4.732930569493671857e-01 -1.063862000000000002e-01 -6.396625871025636567e-04 9.999996969781910217e-01 4.437063228506237683e-04 5.770999999999999871e-04 4.732932567314931394e-01 -8.811512231142595375e-05 8.809049241366642136e-01 3.232902000000000275e-01
8.726146035500519371e-01 2.441073954949906678e-03 -4.884033116484080006e-01 -1.211160000000000014e-01 -2.721811006825874263e-03 9.999962867424071478e-01 1.350786458251400672e-04 4.864000000000000051e-04 4.884018278180668471e-01 1.211469910440062057e-03 8.726180074492089211e-01 3.492619000000000140e-01
8.646784348161556943e-01 2.087968059915029911e-03 -5.023214555971743378e-01 -1.356329000000000007e-01 -2.278371810492068380e-03 9.999973769613652586e-01 2.347174518525018219e-04 7.452000000000000074e-04 5.023206280711317584e-01 9.415199253460877684e-04 8.646809238987833712e-01 3.747238999999999987e-01
8.635922407144090984e-01 1.441628246164198754e-03 -5.041888172955305558e-01 -1.492142999999999942e-01 -1.394410936854206633e-03 9.999989169334853045e-01 4.709033822365591912e-04 7.330999999999999843e-04 5.041889500931225898e-01 2.963778940508111524e-04 8.635933156087641782e-01 3.984463999999999784e-01
8.558264028179567440e-01 1.287844197554816918e-03 -5.172615486356966219e-01 -1.635970999999999953e-01 -1.616259674033098531e-03 9.999986768454353081e-01 -1.844235465813987593e-04 8.951999999999999671e-04 5.172606267099231214e-01 9.938635224534752254e-04 8.558273519179883104e-01 4.222954999999999903e-01
8.502338524757436788e-01 1.251666403295770714e-03 -5.264036753628056342e-01 -1.798691000000000040e-01 -2.000472482224248047e-03 9.999976349499789530e-01 -8.533488714369610872e-04 7.131999999999999885e-04 5.264013622836694051e-01 1.778602165572674716e-03 8.502343455543497353e-01 4.487317000000000111e-01
8.457291649329423677e-01 2.859183335426738418e-03 -5.336047269772657975e-01 -1.981181999999999943e-01 -3.568388533007448970e-03 9.999935890403160998e-01 -2.974584759737211679e-04 3.737999999999999786e-04 5.336004555705565755e-01 2.155678297391726977e-03 8.457339456743903083e-01 4.777923000000000031e-01
8.447710472591730690e-01 1.272291254641560489e-03 -5.351263953381512062e-01 -2.186406999999999934e-01 -2.524395093779324608e-03 9.999955215724632973e-01 -1.607564750654669628e-03 8.863000000000000218e-04 5.351219535227932367e-01 2.708894604890920658e-03 8.447704757790539531e-01 5.106737000000000082e-01
8.453611575509462073e-01 2.995791080258440771e-03 -5.341868011659665072e-01 -2.412217999999999862e-01 -3.838418109792787400e-03 9.999925245365115511e-01 -4.662805044671211943e-04 7.217000000000000325e-04 5.341814109930622667e-01 2.444607718607489169e-03 8.453663371832139672e-01 5.456587999999999994e-01
8.457562040940579395e-01 3.886917624656756158e-03 -5.335553721103268865e-01 -2.653826000000000240e-01 -4.835537542802986581e-03 9.999882364743165608e-01 -3.801179535532362829e-04 7.002999999999999460e-04 5.335476181308304033e-01 2.901514150508890076e-03 8.457650503553288956e-01 5.839895999999999976e-01
8.464327009203728158e-01 6.112197942283323186e-03 -5.324606312667228281e-01 -2.911072000000000104e-01 -6.497116381052704844e-03 9.999782314673408834e-01 1.150682484518642966e-03 3.896999999999999856e-04 5.324560735791954436e-01 2.485483406395807768e-03 8.464539869838543229e-01 6.241465999999999958e-01
8.472253737978595600e-01 8.232114311806780493e-03 -5.311698393988824041e-01 -3.156185000000000240e-01 -8.877991852778096410e-03 9.999596961632950531e-01 1.336903015380508028e-03 6.706000000000000372e-04 5.311594367548591045e-01 3.583063349687489949e-03 8.472643120085331381e-01 6.628072000000000408e-01
8.475817903801178277e-01 9.078642816920537775e-03 -5.305871152418205616e-01 -3.406244999999999967e-01 -9.429075241624647677e-03 9.999534493262122181e-01 2.047369213932337395e-03 7.433000000000000154e-04 5.305810033879104770e-01 3.267632967937788430e-03 8.476279380828979360e-01 7.022827999999999848e-01
8.483068335238467261e-01 1.142643323072370723e-02 -5.293816702723739276e-01 -3.667333999999999872e-01 -1.091484912464829593e-02 9.999320562833946546e-01 4.092540219510888179e-03 -5.020000000000000048e-05 5.293924652517552065e-01 2.306391225695002701e-03 8.483739141995015887e-01 7.440312000000000037e-01
8.486396888665376226e-01 1.094005647198655409e-02 -5.288581980501917412e-01 -3.946277000000000257e-01 -1.094214678680925645e-02 9.999352455111001348e-01 3.126373034638039831e-03 4.333000000000000154e-04 5.288581548054279713e-01 3.133679793076681042e-03 8.487044433409974831e-01 7.889867000000000408e-01
8.489528479107441017e-01 1.274080740152295187e-02 -5.283149949140134582e-01 -4.200924999999999798e-01 -1.249079652694445701e-02 9.999138161592167062e-01 4.042308255761060433e-03 4.885999999999999501e-04 5.283209649695527199e-01 3.167345997743175635e-03 8.490388247265087118e-01 8.295645000000000380e-01
8.490247727376463160e-01 1.318300876211004301e-02 -5.281885492490027145e-01 -4.437749999999999750e-01 -1.286483495427254674e-02 9.999080960368459392e-01 4.277324113164119451e-03 7.481999999999999719e-04 5.281963946292963508e-01 3.163504377720656111e-03 8.491163412281409473e-01 8.680046000000000150e-01
8.488078883621237303e-01 1.197877632946934938e-02 -5.285656795251474360e-01 -4.672217000000000175e-01 -1.185925959934646008e-02 9.999231360479228226e-01 3.616622435715964069e-03 7.739000000000000002e-04 5.285683745893123842e-01 3.198579956130541933e-03 8.488847050514436443e-01 9.059994000000000103e-01
8.475711951228329655e-01 1.042378092844411727e-02 -5.305793192249470547e-01 -4.907500000000000195e-01 -9.542501988843318100e-03 9.999447829433524282e-01 4.401331635404544598e-03 7.791000000000000182e-04 5.305959007133822514e-01 1.332612294591429755e-03 8.476238636863799858e-01 9.449693999999999594e-01
8.477405862445579476e-01 1.117570757497639462e-02 -5.302933169425499971e-01 -5.131881000000000359e-01 -9.988731966364567186e-03 9.999370800909652690e-01 5.105006646274609823e-03 6.669999999999999497e-04 5.303170029967333443e-01 9.692364793983431273e-04 8.477988776314873132e-01 9.810119999999999951e-01
8.376567404457831989e-01 1.161922062654751134e-02 -5.460734189628509982e-01 -5.447589999999999932e-01 -1.045054541434110168e-02 9.999316328060110504e-01 5.245551872529815099e-03 1.314700000000000027e-03 5.460970346799994823e-01 1.312793181053190268e-03 8.377208993977499629e-01 1.030084500000000070e+00
8.362354337368399504e-01 1.159363469634216645e-02 -5.482480159539903086e-01 -5.650969999999999605e-01 -1.004368576245103298e-02 9.999325901137352535e-01 5.825770742295158580e-03 1.362300000000000099e-03 5.482786004754008902e-01 6.347148685945341699e-04 8.362955060250959471e-01 1.061038600000000054e+00
8.360396844142226058e-01 1.183312836157864381e-02 -5.485413595689438981e-01 -5.838451000000000057e-01 -1.035875820748756795e-02 9.999296267001024363e-01 5.782540600164014048e-03 1.367399999999999952e-03 5.485711824485184351e-01 8.477738921076356099e-04 8.361034260583207756e-01 1.090031600000000100e+00
8.365191848026818366e-01 1.120969573303420494e-02 -5.478229606165020416e-01 -6.041659999999999808e-01 -1.105065223776436831e-02 9.999325071877794846e-01 3.586663391146075516e-03 2.004899999999999998e-03 5.478261919096026888e-01 3.053488289512312163e-03 8.365866002196599149e-01 1.120840000000000058e+00
8.350556861644800044e-01 1.087850409781640666e-02 -5.500578689128653442e-01 -6.326528999999999625e-01 -9.887106713754001755e-03 9.999397634693089065e-01 4.765978784407572458e-03 2.285500000000000205e-03 5.500765820548990659e-01 1.458623164622792215e-03 8.351129422379127698e-01 1.167072200000000004e+00
8.351602885464662895e-01 9.796074306956914848e-03 -5.499193844220767735e-01 -6.535020000000000273e-01 -1.008311600963382980e-02 9.999460401610168470e-01 2.499507519190082624e-03 3.108500000000000152e-03 5.499141962220283064e-01 3.457411528123370634e-03 8.352139983854471872e-01 1.198487800000000103e+00
8.355186001169861987e-01 9.715005116400539029e-03 -5.493762713606585857e-01 -6.849541999999999575e-01 -9.986022606064215087e-03 9.999470244477650649e-01 2.495526111254536480e-03 3.132900000000000094e-03 5.493714118982374606e-01 3.401025382012029009e-03 8.355713523184529201e-01 1.245396299999999901e+00
8.350568345938438330e-01 8.330735796966930520e-03 -5.501006106515342609e-01 -7.063045999999999491e-01 -8.336708427983509709e-03 9.999621532030068538e-01 2.488263288556431460e-03 3.048700000000000108e-03 5.501005201694473268e-01 2.508187131679519115e-03 8.350946812826770538e-01 1.277575499999999975e+00
8.351962095204156222e-01 7.785663047303116244e-03 -5.498969676708935772e-01 -7.285118000000000427e-01 -7.740197700168111733e-03 9.999671594549178755e-01 2.401947381816203417e-03 2.717699999999999977e-03 5.498976095077083848e-01 2.250213895735289800e-03 8.352290437928575617e-01 1.310675000000000034e+00
8.349329877643363318e-01 7.157876233422552636e-03 -5.503050706206018550e-01 -7.523710999999999594e-01 -7.861892330968376502e-03 9.999685132602315063e-01 1.078488339549616131e-03 3.184999999999999897e-03 5.502954629941037012e-01 3.425973722795961230e-03 8.349629728988919863e-01 1.347272199999999920e+00
8.345224466725887913e-01 7.113213595445169908e-03 -5.509280245113165053e-01 -7.770099000000000311e-01 -6.816504275379835394e-03 9.999734245276614697e-01 2.585634909484665379e-03 3.027499999999999809e-03 5.509317755122314919e-01 1.597632863642755273e-03 8.345487560952763451e-01 1.385002000000000066e+00
8.337849060157832559e-01 7.443369477982564146e-03 -5.520392438505308252e-01 -7.887895000000000323e-01 -6.252964232864929341e-03 9.999722941755607719e-01 4.038727468945842863e-03 2.843000000000000041e-03 5.520540108889293585e-01 8.445164381679819490e-05 8.338083484406748624e-01 1.403061499999999961e+00
8.342356391485319378e-01 7.457454664286906378e-03 -5.513576740595623749e-01 -8.118012000000000006e-01 -6.159733487557140195e-03 9.999721865346098415e-01 4.205215874808669943e-03 3.220300000000000159e-03 5.513736990987171405e-01 -1.119246245522621287e-04 8.342583720976828321e-01 1.437400800000000034e+00
8.337953773652480027e-01 6.337546263480803473e-03 -5.520372308021461727e-01 -8.351298000000000332e-01 -6.472910963746965167e-03 9.999775997342758016e-01 1.703365296078061027e-03 3.775399999999999937e-03 5.520356601778539929e-01 2.153029733821450534e-03 8.338177224999275827e-01 1.472671400000000075e+00
8.335189948633707768e-01 6.970678247552231435e-03 -5.524468253567260678e-01 -8.593186999999999909e-01 -7.693631402029889668e-03 9.999698940462844465e-01 1.009473581835171720e-03 3.774399999999999804e-03 5.524372301337099334e-01 3.408906838243852544e-03 8.335475308081492507e-01 1.509164799999999973e+00
8.335580467395734550e-01 7.411264867906034240e-03 -5.523821646910450633e-01 -8.849437999999999471e-01 -7.832290877963634518e-03 9.999680513031057316e-01 1.597370549451277311e-03 4.153200000000000121e-03 5.523763553369297474e-01 2.994916714539551470e-03 8.335894628284135077e-01 1.547326200000000096e+00
8.334118624834002675e-01 7.437866408802728223e-03 -5.526023394948983425e-01 -8.967488999999999599e-01 -7.630060887926307274e-03 9.999689855488892443e-01 1.951950606970188776e-03 3.997699999999999865e-03 5.525997191845074541e-01 2.589610706325969503e-03 8.334427660455114850e-01 1.565522899999999940e+00
8.334021878345816425e-01 7.029156554400288644e-03 -5.526222799260507301e-01 -9.190207000000000237e-01 -6.266689527536810876e-03 9.999750220746516094e-01 3.268612727965081611e-03 4.082800000000000144e-03 5.526314521585775630e-01 7.390432556260389911e-04 8.334254207187156149e-01 1.599583299999999930e+00
8.333816771145302615e-01 5.605656408928967604e-03 -5.526694824811642093e-01 -9.397001000000000381e-01 -4.196604136799295462e-03 9.999839186772158106e-01 3.814564284213242673e-03 3.813299999999999936e-03 5.526819779615506079e-01 -8.596529441756400446e-04 8.333917999556532674e-01 1.630510600000000032e+00
8.329457895186163086e-01 6.127509702601310199e-03 -5.533206713543724620e-01 -9.694036000000000319e-01 -4.719749172384189034e-03 9.999809855503714040e-01 3.968942612029856092e-03 4.011999999999999941e-03 5.533344700007029049e-01 -6.943792568434240930e-04 8.329588718217058041e-01 1.675144200000000083e+00
8.329315307761190335e-01 5.501216351854703104e-03 -5.533487161434471613e-01 -9.974939999999999918e-01 -4.194536154005553547e-03 9.999846227952587929e-01 3.627676870497218830e-03 4.355000000000000364e-03 5.533601638222649388e-01 -7.005652532681241364e-04 8.329417976683137770e-01 1.717828600000000039e+00
8.322480751839201885e-01 5.309236827723792448e-03 -5.543779877998107342e-01 -1.029851000000000072e+00 -3.222343954712568459e-03 9.999835776626663231e-01 4.739293661681788679e-03 3.994499999999999787e-03 5.543940456499307778e-01 -2.157871470053583304e-03 8.322515159124801443e-01 1.766787099999999944e+00
8.247803946723284430e-01 5.408809233111491581e-03 -5.654273121691576476e-01 -1.052350899999999978e+00 -3.897419417546859992e-03 9.999848753149317426e-01 3.880626658711727392e-03 4.111100000000000344e-03 5.654397498284339241e-01 -9.969574014888117359e-04 8.247890005267393132e-01 1.799188599999999916e+00
8.192861779814508694e-01 5.556397557672261914e-03 -5.733579030716570157e-01 -1.080581999999999931e+00 -3.680870372913170544e-03 9.999834080353742216e-01 4.431122572899860376e-03 4.275199999999999834e-03 5.733730110162530424e-01 -1.519901358426376404e-03 8.192930367933175528e-01 1.840645599999999993e+00
7.913513435940836560e-01 4.573889876379051180e-03 -6.113445268612760497e-01 -1.114392599999999955e+00 -2.265173574412593545e-03 9.999870856536361430e-01 4.549452123625302540e-03 4.179399999999999782e-03 6.113574404393198325e-01 -2.215413583539907645e-03 7.913514844632170142e-01 1.887324699999999966e+00
7.562680108710860827e-01 5.040162444243568088e-03 -6.542425333892825101e-01 -1.152020000000000044e+00 -2.106427792478435430e-03 9.999839013512084041e-01 5.268775984220890399e-03 4.159300000000000323e-03 6.542585564553557997e-01 -2.606492077959394766e-03 7.562664527162378247e-01 1.933296700000000090e+00
7.469307151367104991e-01 4.838428618333061489e-03 -6.648842729331679857e-01 -1.175116700000000014e+00 -2.332509283834831477e-03 9.999864373658748917e-01 4.656660256678107554e-03 4.646100000000000230e-03 6.648977862692903029e-01 -1.927353836376889543e-03 7.469318704683758359e-01 1.959967100000000073e+00
7.188577690550859156e-01 4.631376025113832437e-03 -6.951417540511136695e-01 -1.198319399999999924e+00 -2.589994843620757430e-03 9.999887095362270939e-01 3.984059083548546418e-03 4.803299999999999931e-03 6.951523572540446727e-01 -1.063558266005485689e-03 7.188616480575102941e-01 1.984149200000000057e+00
6.939867930799499263e-01 5.149276306667028950e-03 -7.199693160018171278e-01 -1.221818700000000035e+00 -2.537612444379462769e-03 9.999857072186336682e-01 4.705941088777395101e-03 4.914599999999999871e-03 7.199832578287420626e-01 -1.438857868766211514e-03 6.939899409460806856e-01 2.006993800000000050e+00
6.735784077707390738e-01 3.892516537827285690e-03 -7.391055248745191930e-01 -1.236559900000000045e+00 -8.389873351205764940e-04 9.999895146089781139e-01 4.501863208915791829e-03 5.278699999999999885e-03 7.391152986410761683e-01 -2.412257677575802006e-03 6.735746108098268348e-01 2.021317699999999995e+00
5.154791029012811832e-01 2.929992432647371674e-03 -8.568971406279958236e-01 -1.268523700000000032e+00 3.145522511732939865e-03 9.999809467792797335e-01 5.311474987561683528e-03 5.242400000000000358e-03 8.568963765591607329e-01 -5.433343607755837176e-03 5.154600650070009227e-01 2.043918800000000147e+00
3.689004886882441547e-01 3.437579447850637286e-03 -9.294625395857080141e-01 -1.286478400000000022e+00 4.770536540168964813e-03 9.999729866852273830e-01 5.591769035387950289e-03 5.303999999999999687e-03 9.294566538718699311e-01 -6.496841337598269379e-03 3.688741243648577806e-01 2.050594100000000086e+00
2.944780315228400225e-01 4.111774571848192394e-03 -9.556494034217274391e-01 -1.304776200000000053e+00 2.220539057476463799e-03 9.999851005050417463e-01 4.986779944596355339e-03 5.507200000000000290e-03 9.556556692432308653e-01 -3.590553967274339418e-03 2.944645135928617430e-01 2.055645000000000167e+00
2.791371763457937694e-01 3.920809468265543454e-03 -9.602432317047648880e-01 -1.330491499999999938e+00 7.372524860238178525e-04 9.999904942824570098e-01 4.297418236455273662e-03 5.804899999999999990e-03 9.602509532619423194e-01 -1.907510901862928586e-03 2.791316323201119554e-01 2.062775900000000107e+00
2.782314624757041832e-01 4.693502646042834250e-03 -9.605025894403109721e-01 -1.346154499999999921e+00 -1.012475670372436042e-04 9.999881989941378224e-01 4.857120689346806561e-03 5.909900000000000049e-03 9.605140514524299622e-01 -1.254155242504159185e-03 2.782286542703082954e-01 2.067435000000000134e+00
2.694319016937904432e-01 4.528987517184550338e-03 -9.630087946751766381e-01 -1.361898700000000018e+00 5.480973551889190692e-04 9.999880581570111948e-01 4.856246766703756733e-03 5.844000000000000236e-03 9.630192884563406608e-01 -1.836250374832446540e-03 2.694262018542443737e-01 2.071715800000000218e+00
2.599397186415556282e-01 4.391799366781686670e-03 -9.656148584041520655e-01 -1.376843100000000097e+00 4.836015888017093818e-04 9.999889396512584572e-01 4.678322846380702886e-03 5.871099999999999756e-03 9.656247246223824687e-01 -1.683054804097346884e-03 2.599347197364642037e-01 2.075639499999999860e+00
2.511001319398179499e-01 4.112153141796442112e-03 -9.679523820603699313e-01 -1.391539800000000104e+00 4.334488237803472283e-04 9.999903981502732409e-01 4.360702853352831261e-03 5.977200000000000221e-03 9.679610198049934944e-01 -1.514530883306688469e-03 2.510959385061422022e-01 2.079368399999999895e+00
2.419887025252383528e-01 4.463965478348735048e-03 -9.702687982525047827e-01 -1.405617700000000081e+00 -3.190262523889222934e-05 9.999894527767321240e-01 4.592746184402990255e-03 6.062399999999999907e-03 9.702790664712778179e-01 -1.080438568339778423e-03 2.419862926285822891e-01 2.082719599999999893e+00
2.129422551642938255e-01 3.430762912189993206e-03 -9.770587627319990975e-01 -1.433216299999999999e+00 9.614688360349097490e-04 9.999926154532027267e-01 3.720835489577781555e-03 6.300899999999999904e-03 9.770643129002418714e-01 -1.731734651587676357e-03 2.129373841106215748e-01 2.089087699999999881e+00
1.994742460657371874e-01 3.601848414748642056e-03 -9.798964495519427720e-01 -1.447199899999999984e+00 1.051512786741259919e-03 9.999918819837325668e-01 3.889767022822822329e-03 6.118400000000000401e-03 9.799025050878099607e-01 -1.806281990635179866e-03 1.994688393408986515e-01 2.091800200000000221e+00
1.904263323996726043e-01 4.147655339034144600e-03 -9.816927263069632481e-01 -1.461969700000000039e+00 1.097152712463690801e-03 9.999895511167655737e-01 4.437782465979469779e-03 6.173599999999999574e-03 9.817008751064324468e-01 -1.922137476457605769e-03 1.904197920458550186e-01 2.094603100000000051e+00
1.504449809871754862e-01 3.776353358564692349e-03 -9.886111707092327672e-01 -1.477233900000000100e+00 2.342009389049292713e-03 9.999885370409498098e-01 4.176215837644422189e-03 6.246699999999999996e-03 9.886156091665708745e-01 -2.943627356212792211e-03 1.504344121874969797e-01 2.096895700000000140e+00
6.958798151057296599e-02 3.655867266704267756e-03 -9.975691191410308578e-01 -1.493198199999999920e+00 3.112078616090060371e-03 9.999876231375417479e-01 3.881821533397335558e-03 6.309099999999999778e-03 9.975709637895296966e-01 -3.374641648843997900e-03 6.957574288335310886e-02 2.097465300000000088e+00
3.176672899347111889e-02 3.865689353044046532e-03 -9.994878345307065537e-01 -1.510292600000000096e+00 2.082712850120652277e-03 9.999900936078658376e-01 3.933826802941096934e-03 6.317699999999999878e-03 9.994931401646733882e-01 -2.206610966472649649e-03 3.175836317890667893e-02 2.097757300000000047e+00
4.233677075222256302e-03 4.249180424045936356e-03 -9.999820100602542228e-01 -1.528525099999999970e+00 1.904002315704756082e-03 9.999891251471517695e-01 4.257271733851241031e-03 6.333599999999999994e-03 9.999892253187553370e-01 -1.921991976560418315e-03 4.225540585239828673e-03 2.097712500000000091e+00
-8.605003338057956586e-03 4.619880129152946838e-03 -9.999523041751262609e-01 -1.547963999999999896e+00 2.085849172157007696e-03 9.999872349101334157e-01 4.602091917448976159e-03 6.422500000000000257e-03 9.999608008071031451e-01 -2.046148669548481132e-03 -8.614529867559950205e-03 2.097506300000000046e+00
-2.039688554452865482e-02 4.785746774483163810e-03 -9.997805077555242947e-01 -1.566972100000000090e+00 3.031635504077591706e-03 9.999842422588027802e-01 4.724872512407266543e-03 6.429500000000000319e-03 9.997873655164152273e-01 -2.934597399748309701e-03 -2.041107277552001165e-02 2.097162200000000087e+00
-2.775390674357900225e-02 5.605813216497598783e-03 -9.995990673858446973e-01 -1.585268700000000086e+00 3.551251305463165239e-03 9.999785176595941127e-01 5.509340567270900116e-03 6.334099999999999626e-03 9.996084779925759056e-01 -3.396921768671090549e-03 -2.777321817621003497e-02 2.096601999999999855e+00
-3.852871074646865845e-02 5.444472134785199174e-03 -9.992426613047448170e-01 -1.602683499999999928e+00 3.093478937897808229e-03 9.999810147366958724e-01 5.329217037127241194e-03 6.555899999999999922e-03 9.992527051933740578e-01 -2.885808264866553726e-03 -3.854482162862726824e-02 2.095845199999999853e+00
-6.359152263480019607e-02 5.246997468779232218e-03 -9.979622173542191943e-01 -1.619248699999999985e+00 3.249266051847565090e-03 9.999819668486755742e-01 5.050569035128427489e-03 6.775800000000000226e-03 9.979707212734808541e-01 -2.921471378759595006e-03 -6.360742476999903250e-02 2.094831199999999782e+00
-7.427182105678209467e-02 4.668031415916246325e-03 -9.972271085763809717e-01 -1.634877300000000089e+00 3.383557754325218752e-03 9.999844679069099795e-01 4.428936876634185886e-03 6.938399999999999949e-03 9.972322939685779319e-01 -3.045230308873773679e-03 -7.428646201383826142e-02 2.093602199999999858e+00
-8.423799762984343631e-02 4.865414209481810567e-03 -9.964337848045320412e-01 -1.649910999999999905e+00 3.769761977630623970e-03 9.999824790261117036e-01 4.564048139979408510e-03 6.855700000000000162e-03 9.964385322988801308e-01 -3.371851918784622530e-03 -8.425486315157892925e-02 2.092283699999999858e+00
-9.373085088396386488e-02 4.802771990123489224e-03 -9.955859887391841356e-01 -1.664666999999999897e+00 3.815400828284616283e-03 9.999827540973301732e-01 4.464775967283313163e-03 6.977699999999999875e-03 9.955902622610807162e-01 -3.380072355644303528e-03 -9.374755891106156813e-02 2.090822199999999853e+00
-1.026049623529824012e-01 5.063378058642242427e-03 -9.947092961781236475e-01 -1.678931600000000079e+00 4.271893335195186409e-03 9.999800660650224327e-01 4.649559110917768183e-03 6.978500000000000328e-03 9.947130101832766247e-01 -3.772224175266337704e-03 -1.026245472433168215e-01 2.089361400000000035e+00
-1.241144089221229985e-01 4.767913117152634307e-03 -9.922564590378938343e-01 -1.692566999999999933e+00 5.383088760133990756e-03 9.999769755299372509e-01 4.131678278834854251e-03 6.976999999999999695e-03 9.922533123418196821e-01 -4.828603784383277836e-03 -1.241372173531406498e-01 2.087646700000000077e+00
-1.840536101276159242e-01 4.130503725071744611e-03 -9.829075274602228074e-01 -1.707629599999999970e+00 6.135570625517460658e-03 9.999765157243510894e-01 3.053321615227639133e-03 7.136799999999999568e-03 9.828970563452159581e-01 -5.468723686921609858e-03 -1.840746307592255882e-01 2.084351999999999983e+00
-2.135405668586545791e-01 4.158278827729185168e-03 -9.769253477225757765e-01 -1.725053399999999959e+00 4.687529173203076188e-03 9.999837911168001359e-01 3.231806603463903242e-03 7.135800000000000302e-03 9.769229516066940677e-01 -3.889244253409907676e-03 -2.135565976578632785e-01 2.080283200000000221e+00
-2.588915771025686041e-01 4.579943688606013738e-03 -9.658955302832468170e-01 -1.742851399999999940e+00 5.198894134863102368e-03 9.999808807101305819e-01 3.348091092856294356e-03 7.340900000000000029e-03 9.658923971152892918e-01 -4.154796023967428399e-03 -2.589104379218419849e-01 2.075429000000000190e+00
-2.770837186083693338e-01 3.789838241801712134e-03 -9.608383058601790427e-01 -1.761105099999999979e+00 4.422549960496181300e-03 9.999866589518309201e-01 2.668889319838131918e-03 7.370899999999999674e-03 9.608356019288653016e-01 -3.509849634330240459e-03 -2.770967827700990815e-01 2.070233299999999943e+00
-3.030043800310990298e-01 4.222689313127929792e-03 -9.529798080635986102e-01 -1.780191400000000090e+00 6.026260921780778740e-03 9.999786795886901336e-01 2.514865277171928881e-03 7.421500000000000145e-03 9.529701096368506930e-01 -4.980889782408595007e-03 -3.030233668806806557e-01 2.063990399999999781e+00
-3.157238664347212787e-01 3.033364451562671135e-03 -9.488462672443910284e-01 -1.801255000000000051e+00 4.888030674147328045e-03 9.999868204324129373e-01 1.570387723361054344e-03 7.789199999999999596e-03 9.488385254191774587e-01 -4.142180775519604778e-03 -3.157345325091698296e-01 2.057017300000000048e+00
-3.426095498998624755e-01 4.332447683197536425e-03 -9.394678952548012330e-01 -1.822023900000000030e+00 5.872819799635085186e-03 9.999797048901973850e-01 2.469776369389200567e-03 7.605299999999999734e-03 9.394595288276206269e-01 -4.671156686104146680e-03 -3.426280402859626095e-01 2.049651599999999796e+00
-3.832480988364189156e-01 3.952539384915529710e-03 -9.236369807292694745e-01 -1.853783600000000087e+00 6.139563581163331660e-03 9.999796532412025263e-01 1.731722448056347658e-03 7.979599999999999888e-03 9.236250324115857779e-01 -5.007048633171136236e-03 -3.832645678466530814e-01 2.037023500000000098e+00
-4.040426874292655790e-01 3.630479718278803447e-03 -9.147329262423826712e-01 -1.875675200000000098e+00 5.823336426603193880e-03 9.999820689361238468e-01 1.396624177019147560e-03 7.981500000000000747e-03 9.147215945236013557e-01 -4.762501784189096185e-03 -4.040565840188180546e-01 2.027356399999999947e+00
-4.464093802214266771e-01 3.891654223066698393e-03 -8.948203843664550572e-01 -1.909152399999999972e+00 6.034375954530187339e-03 9.999808970889348947e-01 1.338567909475289058e-03 7.949700000000000516e-03 8.948084999356911151e-01 -4.802133340191240725e-03 -4.464243362074047372e-01 2.010981999999999825e+00
-4.663173714547642623e-01 4.021425109869665795e-03 -8.846083524473445925e-01 -1.942525899999999917e+00 6.144273317180455954e-03 9.999802696612373198e-01 1.306978822689247545e-03 8.067100000000000659e-03 8.845961547423341065e-01 -4.825808566953690600e-03 -4.663328795900540946e-01 1.993796899999999983e+00
-4.937420280725123845e-01 4.074658937580410978e-03 -8.695988769940909968e-01 -1.963518499999999944e+00 6.309072306458765253e-03 9.999794888398164661e-01 1.103406675348883289e-03 8.040999999999999537e-03 8.695855365181011098e-01 -4.941563942895557150e-03 -4.937576081685466356e-01 1.982336199999999993e+00
-5.074590565941873299e-01 4.374717415963056723e-03 -8.616647652817585046e-01 -1.992590899999999943e+00 5.510331997498022806e-03 9.999831402790984036e-01 1.831774776076833646e-03 7.649900000000000276e-03 8.616582513513201258e-01 -3.818508227487718738e-03 -5.074746071214814025e-01 1.965300999999999965e+00
-5.081021984666505009e-01 2.745576146125394777e-03 -8.612924112779485331e-01 -2.024630500000000222e+00 5.550735403397368678e-03 9.999845907776765408e-01 -8.685438494659795949e-05 8.022299999999999570e-03 8.612789009663701645e-01 -4.824937183895829616e-03 -5.081096089736283350e-01 1.947092999999999963e+00
-5.088183765298787131e-01 3.140207760694156865e-03 -8.608681657493898465e-01 -2.062234199999999795e+00 6.274351315103668912e-03 9.999803142143938173e-01 -6.082151573830792829e-05 8.139300000000000354e-03 8.608510278910480595e-01 -5.432336412796618351e-03 -5.088280628070989131e-01 1.925093900000000025e+00
-5.081961589132826251e-01 4.223544851419276311e-03 -8.612309944112985782e-01 -2.099771000000000054e+00 6.089427433147717034e-03 9.999806002450963849e-01 1.310727657855746036e-03 7.927899999999999878e-03 8.612198226581426752e-01 -4.578296882541557124e-03 -5.082120190022401118e-01 1.902454300000000043e+00
-5.080152049346798870e-01 2.328010860967460668e-03 -8.613449552418621646e-01 -2.142571699999999968e+00 5.930542290285641463e-03 9.999820980992757402e-01 -7.950780551478444681e-04 8.360299999999999329e-03 8.613276845796362657e-01 -5.512154424711058001e-03 -5.080199168637778984e-01 1.877307300000000012e+00
-5.077126707468848643e-01 3.146739291692628344e-03 -8.615207147799150977e-01 -2.188668999999999976e+00 4.892894695646886512e-03 9.999877340291031258e-01 7.690076963955034834e-04 8.320599999999999177e-03 8.615125672586343430e-01 -3.824895184174690287e-03 -5.077218398220303408e-01 1.849955400000000028e+00
-5.073393887838445471e-01 8.832523515673871336e-04 -8.617458815995110433e-01 -2.235946400000000001e+00 3.582809148324568940e-03 9.999929937822660264e-01 -1.084373085017346916e-03 8.749899999999999692e-03 8.617388862451559328e-01 -3.637616206292102090e-03 -5.073389987782271904e-01 1.822258200000000050e+00
-5.166884892966673304e-01 1.032662454018905100e-03 -8.561728439027858073e-01 -2.268270300000000184e+00 4.269635366094368285e-03 9.999899458660376217e-01 -1.370540287535565623e-03 9.164300000000000224e-03 8.561628205208215991e-01 -4.363688244503898146e-03 -5.166877035335140089e-01 1.803225199999999973e+00
-5.262888545549823105e-01 9.769769472283613455e-04 -8.503052905205568113e-01 -2.298938999999999844e+00 2.970210357312167305e-03 9.999953512654745635e-01 -6.894185038604056740e-04 9.291499999999999412e-03 8.503006641310102420e-01 -2.888418855487192606e-03 -5.262893098048613272e-01 1.784921800000000003e+00
-5.264592260779225041e-01 3.336878353356928072e-04 -8.502003128262561882e-01 -2.327443800000000174e+00 3.045159873967641720e-03 9.999942487532385016e-01 -1.493138234797805304e-03 9.442700000000000052e-03 8.501949248723948971e-01 -3.375072276972259158e-03 -5.264572144138101040e-01 1.767328999999999928e+00
-5.261139098289832061e-01 4.993253847821706518e-04 -8.504139607030328785e-01 -2.353147700000000064e+00 2.478715624388350743e-03 9.999964802181265933e-01 -9.463192967459277882e-04 9.313999999999999363e-03 8.504104949101422006e-01 -2.605806116750203696e-03 -5.261132957084129202e-01 1.751426200000000044e+00
-5.256584462240013744e-01 2.479934110914538015e-04 -8.506956779087555542e-01 -2.377530800000000166e+00 2.848384141022607466e-03 9.999948650282241003e-01 -1.468545187907654200e-03 9.173999999999999863e-03 8.506909454209292676e-01 -3.195061259477046094e-03 -5.256564533632155367e-01 1.736125700000000105e+00
-5.254767287304836776e-01 -3.470672335339811641e-04 -8.508079025885018076e-01 -2.402198999999999973e+00 2.486070546186990547e-03 9.999950213635071528e-01 -1.943373725826366867e-03 9.077899999999999858e-03 8.508043412065722233e-01 -3.136366135236414755e-03 -5.254732497392390345e-01 1.720589499999999994e+00
-5.262768326549092102e-01 -1.222975501735600826e-03 -8.503124130233773448e-01 -2.445386200000000176e+00 2.605671200845071419e-03 9.999919510247676779e-01 -3.050961040698829327e-03 8.932400000000000062e-03 8.503093001304345977e-01 -3.821284679388599510e-03 -5.262694099936735537e-01 1.694316500000000003e+00
-5.265541363129087049e-01 -1.199788229153169773e-03 -8.501407542518896188e-01 -2.476931299999999947e+00 2.784598202025341009e-03 9.999912058010073101e-01 -3.135974091218247939e-03 8.968500000000000777e-03 8.501370404497264888e-01 -4.018560544859363370e-03 -5.265461647629078312e-01 1.674964799999999920e+00
-5.265489748063392206e-01 -1.119139820394051852e-03 -8.501440611193233909e-01 -2.511319199999999974e+00 3.206820980383210361e-03 9.999894045470477666e-01 -3.302588808904119867e-03 9.089800000000000310e-03 8.501387495165675379e-01 -4.465234563080985701e-03 -5.265398069003935921e-01 1.653723800000000077e+00
-5.261870249463244109e-01 -1.076064753096512509e-03 -8.503681889997904975e-01 -2.548038000000000025e+00 2.907724147659660526e-03 9.999910765589926642e-01 -3.064627655678256370e-03 8.947300000000000045e-03 8.503638985272230499e-01 -4.085203426265874953e-03 -5.261792006479815154e-01 1.630826000000000109e+00
-5.250428580001965662e-01 -1.277171153338146990e-03 -8.510748299044157417e-01 -2.587266200000000183e+00 2.591545583563183239e-03 9.999918387289167265e-01 -3.099413984697680247e-03 8.920199999999999657e-03 8.510718425341501359e-01 -3.832924393372024331e-03 -5.250352631358401467e-01 1.606121799999999933e+00
-5.252556352285101537e-01 -6.285284175002119706e-04 -8.509442535282338849e-01 -2.627320300000000053e+00 2.311871394231738465e-03 9.999949825894229871e-01 -2.165651550049218187e-03 8.929899999999999297e-03 8.509413451650773563e-01 -3.104794358422513154e-03 -5.252515467284614159e-01 1.582050100000000015e+00
-5.255085617213935967e-01 3.460794696506964844e-04 -8.507882414481949818e-01 -2.665496599999999994e+00 2.188404207660212940e-03 9.999971589805420891e-01 -9.449433149568614359e-04 8.578199999999999367e-03 8.507854973167651158e-01 -2.358444369764289839e-03 -5.255078261031119746e-01 1.558988700000000005e+00
-5.266011539974473354e-01 2.512983676257896787e-05 -8.501124772505394001e-01 -2.701172099999999965e+00 1.273144565634284995e-03 9.999989014440866519e-01 -7.590873038349295245e-04 8.669299999999999576e-03 8.501115242787103954e-01 -1.482052330773708316e-03 -5.266006074905507095e-01 1.537591799999999953e+00
-5.257470690828504045e-01 1.512458525053163218e-03 -8.506396016057580223e-01 -2.733136200000000127e+00 1.999413806229020409e-03 9.999978541460029513e-01 5.422617641578844757e-04 8.277599999999999542e-03 8.506385964057969762e-01 -1.415688030394002435e-03 -5.257489649368571882e-01 1.517414700000000005e+00
-5.251853130705245176e-01 -1.233075333253245889e-03 -8.509869954706934525e-01 -2.763657999999999948e+00 8.523318301681467998e-04 9.999976864376944885e-01 -1.975006255640656284e-03 9.147100000000000022e-03 8.509874619907551452e-01 -1.762567581983710829e-03 -5.251830470322252920e-01 1.498678600000000083e+00
-5.396044596639424373e-01 -1.541077523787410869e-03 -8.419172478283425409e-01 -2.791227099999999961e+00 1.096420006736401444e-03 9.999961904935424917e-01 -2.533152496689554823e-03 9.079900000000000124e-03 8.419179443235271787e-01 -2.289995298757977523e-03 -5.396007143690398911e-01 1.480981899999999962e+00
