9.999999959881400446e-01 5.599544048622061882e-06 8.940002837834450588e-05 2.130000000000000003e-04 -5.600455928620208750e-06 9.999999999322999322e-01 1.019974965927472050e-05 1.879999999999999957e-05 -8.939997125834461377e-05 -1.020025029927370409e-05 9.999999959518000026e-01 9.629999999999999617e-05
9.990655896630873389e-01 3.396992092850912009e-03 -4.308605338005278007e-02 -3.200999999999999744e-04 -3.359428226558925940e-03 9.999939113365228227e-01 9.442096553253791387e-04 -7.770000000000000485e-05 4.308899851630632050e-02 -7.985828721672563225e-04 9.990709186400423825e-01 2.986039999999999875e-02
9.975328558991440886e-01 2.890979818357485628e-03 -7.014159705472486350e-02 -1.378499999999999951e-03 -2.827489379131876372e-03 9.999954981887282379e-01 1.004443173243783297e-03 1.190999999999999947e-04 7.014418511543515922e-02 -8.036404464866874625e-04 9.975365394092210458e-01 4.482699999999999879e-02
9.850063970178064565e-01 1.752568254605824192e-03 -1.725089166927684936e-01 -5.470499999999999668e-03 -1.425051918351849523e-03 9.999969396095080842e-01 2.022374507312396912e-03 1.325999999999999976e-04 1.725119330974805021e-01 -1.746217664202616513e-03 9.850058800143477455e-01 7.354769999999999364e-02
9.695348384282677090e-01 8.733985842608873399e-04 -2.449519019088969574e-01 -8.804499999999999826e-03 -2.860675243717275551e-04 9.999969985831845820e-01 2.433308446113042686e-03 3.328000000000000120e-04 2.449532919542914688e-01 -2.289104526979123672e-03 9.695321783010713013e-01 8.695379999999999776e-02
9.564595594393479061e-01 2.436789423232713168e-03 -2.918547125101721429e-01 -1.267730000000000072e-02 -1.611606450291842461e-03 9.999939957876795571e-01 3.067753777539854870e-03 2.001999999999999873e-04 2.918604356224696605e-01 -2.463827489304700954e-03 9.564577437986296893e-01 9.966479999999999784e-02
9.500544158901658154e-01 3.965209853701636214e-03 -3.120591033096323796e-01 -2.066859999999999878e-02 -3.170381894104269248e-03 9.999903097811773112e-01 3.054344838172409586e-03 3.787999999999999918e-04 3.120681905068846129e-01 -1.912447270133759390e-03 9.500577808845089844e-01 1.243825999999999959e-01
9.423827395607979884e-01 3.368018069585842697e-03 -3.345196984217345682e-01 -2.481039999999999981e-02 -2.510230427472704383e-03 9.999923597804497577e-01 2.996518634768129651e-03 2.958999999999999825e-04 3.345272349467024453e-01 -1.984145914610541475e-03 9.423839940512058755e-01 1.360504999999999909e-01
9.375988991967513231e-01 4.382272799880447892e-03 -3.476910984051039266e-01 -2.920839999999999895e-02 -3.582090070683972578e-03 9.999892501866929351e-01 2.944170813876825603e-03 2.951000000000000172e-04 3.477002629503833653e-01 -1.514990482875987589e-03 9.376045178795114898e-01 1.476192000000000060e-01
9.365518396121926825e-01 5.136827853963521484e-03 -3.504914616914603376e-01 -3.374209999999999710e-02 -4.531658937375318899e-03 9.999864888960665610e-01 2.546780829258521450e-03 4.708000000000000054e-04 3.504998085395953367e-01 -7.968845058832893426e-04 9.365624641148028173e-01 1.595760999999999985e-01
9.334093880563879564e-01 4.202767213671590452e-03 -3.587885882186711006e-01 -3.810510000000000286e-02 -3.351044355057718974e-03 9.999898980444813512e-01 2.995715393391574881e-03 5.083999999999999977e-04 3.587975540467491786e-01 -1.593912398927425228e-03 9.334140424556160998e-01 1.711569000000000007e-01
9.247583808326054200e-01 3.281803619854166930e-03 -3.805406244343154665e-01 -4.282070000000000320e-02 -2.362919937509450063e-03 9.999930558279823689e-01 2.881823239311664606e-03 6.857000000000000248e-04 3.805474394726982013e-01 -1.765803164123489139e-03 9.247597137905385623e-01 1.828392000000000073e-01
9.191002886826458163e-01 3.910347399073478038e-03 -3.940042747568807679e-01 -4.769609999999999822e-02 -3.028504063791099578e-03 9.999913245176621501e-01 2.859904289901459527e-03 5.557999999999999573e-04 3.940120397990556911e-01 -1.435295311200890421e-03 9.191041575473135605e-01 1.941288999999999931e-01
9.147043598122674979e-01 3.895925227494604921e-03 -4.041048823103375875e-01 -5.288400000000000045e-02 -3.081549025565649257e-03 9.999916992514231717e-01 2.665611347183462557e-03 6.093000000000000109e-04 4.041119129598050863e-01 -1.192977314524022942e-03 9.147087725659429625e-01 2.057412000000000130e-01
9.048784238317327810e-01 3.657573805832993116e-03 -4.256543906007005940e-01 -5.819379999999999692e-02 -2.634437149148851146e-03 9.999920528124262020e-01 2.992332350677320840e-03 8.252999999999999486e-04 4.256619525218410804e-01 -1.586337241764796714e-03 9.048808682414769544e-01 2.170696000000000014e-01
8.878263861777553334e-01 2.780049553988000587e-03 -4.601701634515483752e-01 -6.377339999999999398e-02 -1.289193616576868231e-03 9.999928534691804316e-01 3.554010465003798729e-03 7.929000000000000284e-04 4.601767551565011383e-01 -2.562095830321375802e-03 8.878236253212627993e-01 2.278846999999999956e-01
8.700766962397455950e-01 3.622346157779841955e-03 -4.929030546353336817e-01 -7.579589999999999939e-02 -2.206179232259338884e-03 9.999915993069571352e-01 3.454575040328161477e-03 1.040499999999999975e-03 4.929114275746958596e-01 -1.918312755347349914e-03 8.700773785373621116e-01 2.497328000000000048e-01
8.505272594487721660e-01 2.961383893054230550e-03 -5.259226284730473822e-01 -8.891219999999999679e-02 -1.392198838467188348e-03 9.999933209658125044e-01 3.379320369501436720e-03 1.129400000000000022e-03 5.259291232827434381e-01 -2.142015220187681607e-03 8.505257015833450618e-01 2.710540000000000171e-01
8.486958804042660232e-01 5.162846423290260930e-03 -5.288559800187923043e-01 -1.026481999999999950e-01 -3.852669646549628044e-03 9.999861720289395794e-01 3.579481457214181688e-03 1.314199999999999960e-03 5.288671473266440826e-01 -1.000383785106477314e-03 8.487040354038976053e-01 2.928890000000000104e-01
8.401555793395684146e-01 3.618142496728569708e-03 -5.423333952002841185e-01 -1.157839999999999980e-01 -2.548403453124634035e-03 9.999930439844941787e-01 2.723531249217830356e-03 1.504799999999999931e-03 5.423394768449317782e-01 -9.061056774628140770e-04 8.401589556911638335e-01 3.139062000000000241e-01
8.207591713234367869e-01 3.240522870350487014e-03 -5.712651588360628807e-01 -1.302794999999999925e-01 -1.324830856126012245e-03 9.999920194910997262e-01 3.769055228395368044e-03 1.786999999999999960e-03 5.712728135590456890e-01 -2.336656936474305543e-03 8.207569143922536226e-01 3.355836999999999848e-01
8.106943983554548705e-01 4.035416549560839547e-03 -5.854556412644414953e-01 -1.456863999999999937e-01 -2.254354527599927369e-03 9.999903484709843360e-01 3.771054301262046805e-03 1.733100000000000005e-03 5.854652084972690185e-01 -1.737348022333972232e-03 8.106956711745155753e-01 3.567706999999999962e-01
8.014844593458847477e-01 4.951897424895880875e-03 -5.979951004305369411e-01 -1.609173000000000131e-01 -2.802027735296920043e-03 9.999858355162906109e-01 4.525196941213371557e-03 1.814700000000000037e-03 5.980090384497590561e-01 -1.951276166884018592e-03 8.014869820862439154e-01 3.772725000000000106e-01
8.003197108339890065e-01 4.674175601365342103e-03 -5.995552622845100599e-01 -1.754142999999999952e-01 -2.545933676805915355e-03 9.999870899504081923e-01 4.397516825148913358e-03 1.966799999999999885e-03 5.995680767621917040e-01 -1.992991460534441258e-03 8.003212788079077100e-01 3.968215999999999966e-01
7.911523399941509105e-01 4.924512091650255774e-03 -6.115993166301271211e-01 -1.904094000000000064e-01 -3.039572271088371302e-03 9.999868939307161586e-01 4.119826113743851187e-03 1.854699999999999925e-03 6.116115891006220773e-01 -1.400409746411925786e-03 7.911569395071713640e-01 4.164354000000000111e-01
7.842371096212477077e-01 2.926045013034927252e-03 -6.204543449388463250e-01 -2.078589000000000131e-01 -1.717214613329470872e-03 9.999952859496860080e-01 2.545437561099366842e-03 2.253900000000000087e-03 6.204588681507284820e-01 -9.307733276051749494e-04 7.842384373353105120e-01 4.387183000000000055e-01
7.787059585428588449e-01 3.511492450107071579e-03 -6.273792310481918211e-01 -2.275658000000000125e-01 -2.212094830320979460e-03 9.999934881059563407e-01 2.851382497024494440e-03 2.148999999999999869e-03 6.273851582292246931e-01 -8.325661868653329648e-04 7.787086554464611732e-01 4.633167000000000257e-01
7.779799892593592947e-01 3.582303214565202634e-03 -6.282788420881975089e-01 -2.494258000000000031e-01 -2.677926179268794865e-03 9.999935684678517012e-01 2.385735591063566953e-03 2.501699999999999931e-03 6.282833477209035511e-01 -1.735701904026359932e-04 7.779845787996079176e-01 4.905287999999999871e-01
7.784263926352826823e-01 4.742993403983523752e-03 -6.277179743024652314e-01 -2.736177000000000192e-01 -3.411901715495696281e-03 9.999886523122601956e-01 3.324781706107949632e-03 2.733699999999999932e-03 6.277266205726059756e-01 -4.463857964153272306e-04 7.784337419229823141e-01 5.198720000000000008e-01
7.783920819759108101e-01 4.999263795565840954e-03 -6.277585316654081815e-01 -2.992449999999999832e-01 -3.902011097356697725e-03 9.999875034607854651e-01 3.125257055289012726e-03 2.971999999999999816e-03 6.277663108407482984e-01 1.684541104244935070e-05 7.784018619515430393e-01 5.517277999999999905e-01
7.792782033388461205e-01 6.968271847635900546e-03 -6.266393899113250621e-01 -3.267172999999999883e-01 -5.265863186187475994e-03 9.999756868492247763e-01 4.571257521230569568e-03 2.708599999999999810e-03 6.266560080984499015e-01 -2.624840537947207425e-04 7.792959505965862954e-01 5.854411000000000476e-01
7.793860147074994638e-01 7.810887673318269060e-03 -6.264953552199060693e-01 -3.534442999999999890e-01 -5.895438333905875412e-03 9.999694473776638004e-01 5.133041794175103797e-03 3.004399999999999953e-03 6.265163077567993399e-01 -3.071562541117540436e-04 7.794082510275490705e-01 6.187924999999999676e-01
7.798382737485138883e-01 8.681671010322404569e-03 -6.259208379542947620e-01 -3.808487999999999873e-01 -6.461797962307168873e-03 9.999621919341070697e-01 5.818923391014268857e-03 2.987899999999999931e-03 6.259476910765245927e-01 -4.932451770647576159e-04 7.798648887757180237e-01 6.527433999999999736e-01
7.800855083516876620e-01 9.298629061641857513e-03 -6.256038164503658905e-01 -4.094351999999999991e-01 -6.999125591444423089e-03 9.999566838101290323e-01 6.135368318593335292e-03 3.051200000000000006e-03 6.256337681908197279e-01 -4.074322319116644581e-04 7.801168002923228872e-01 6.888940999999999537e-01
7.799580706521885842e-01 7.882602393833780530e-03 -6.257821287029664559e-01 -4.392075999999999758e-01 -5.507808659235228360e-03 9.999684080952525589e-01 5.731217603584888923e-03 3.411599999999999876e-03 6.258075359631655177e-01 -1.023421197315076223e-03 7.799768461568357125e-01 7.267786000000000524e-01
7.804330666769154767e-01 9.667868796341532248e-03 -6.251645869290759494e-01 -4.672628999999999810e-01 -6.583524782809236156e-03 9.999520814242511824e-01 7.245140215469138799e-03 3.496299999999999929e-03 6.252046749974758955e-01 -1.538560445480559140e-03 7.804593180897106963e-01 7.616964999999999986e-01
7.807426423537245919e-01 9.228186105097537645e-03 -6.247845764675482583e-01 -4.936495000000000188e-01 -6.769490159615014317e-03 9.999571763114656342e-01 6.310273066943181824e-03 4.204199999999999951e-03 6.248160532616803264e-01 -6.972262259824584495e-04 7.807716781890124969e-01 7.944761999999999658e-01
7.799523453270601481e-01 6.745330305908562273e-03 -6.258025563529462376e-01 -5.199420000000000153e-01 -4.296032012124373529e-03 9.999760608786787408e-01 5.424184594185385219e-03 4.448299999999999650e-03 6.258241631063544697e-01 -1.542137680360275345e-03 7.799626521081671759e-01 8.271549000000000262e-01
7.801101041144523629e-01 6.118783818358067977e-03 -6.256123287972532587e-01 -5.471192000000000277e-01 -3.630952161925505781e-03 9.999796127696989334e-01 5.252640417982963605e-03 4.820500000000000132e-03 6.256317140658200771e-01 -1.826069425574833880e-03 7.801164168414332911e-01 8.606660999999999895e-01
7.806998490265856239e-01 7.251020866732744985e-03 -6.248641199702992255e-01 -5.720387999999999584e-01 -4.773984349000741714e-03 9.999727035118497476e-01 5.639264547586614676e-03 4.890600000000000155e-03 6.248879537991606226e-01 -1.419481451931516296e-03 7.807131549225398981e-01 8.913765000000000160e-01
7.681536102988385517e-01 6.292798301404976986e-03 -6.402346692224639702e-01 -6.062241999999999909e-01 -3.635130511871879390e-03 9.999784472605519614e-01 5.467251643857278486e-03 5.703200000000000283e-03 6.402552747233104524e-01 -1.872352507792447935e-03 7.681599296273301514e-01 9.341663000000000050e-01
7.669593179541439598e-01 6.276502352134916488e-03 -6.416650295298457207e-01 -6.277620000000000422e-01 -2.593825178039287430e-03 9.999743176304248804e-01 6.681029150648408466e-03 5.656999999999999702e-03 6.416904835465927492e-01 -3.459710651151219705e-03 7.669559007713222520e-01 9.596487000000000211e-01
7.669532244061272319e-01 6.307157432987747087e-03 -6.416720122758668987e-01 -6.478454000000000157e-01 -2.542098751487968655e-03 9.999737125789435188e-01 6.790573246942326231e-03 5.806900000000000256e-03 6.416979735880287139e-01 -3.576858426037147869e-03 7.669490966008223332e-01 9.839923000000000419e-01
7.663081611026033579e-01 5.179058445646755014e-03 -6.424523169708108439e-01 -6.684561999999999449e-01 -2.693883662401526206e-03 9.999846196370675289e-01 4.848038791383894874e-03 6.504300000000000186e-03 6.424675440972563711e-01 -1.984399890619806608e-03 7.663103267859008305e-01 1.009219599999999994e+00
7.663810400964362612e-01 5.552557798423894339e-03 -6.423622579842310776e-01 -6.998988999999999905e-01 -2.796823711082663168e-03 9.999820065301329164e-01 5.307013576224530078e-03 6.643099999999999873e-03 6.423801671579173478e-01 -2.270620590117966749e-03 7.663827797675923925e-01 1.046774899999999953e+00
7.658504419456392265e-01 3.564250073106550905e-03 -6.430088620641906116e-01 -7.323943000000000536e-01 -1.570693805922534830e-03 9.999920236283829089e-01 3.672274578481088663e-03 7.221799999999999574e-03 6.430168220914885824e-01 -1.802443072077955944e-03 7.658499315834237375e-01 1.086052199999999912e+00
7.660685183580581148e-01 3.988198044540516331e-03 -6.427465437145866156e-01 -7.667907000000000473e-01 -1.855218534745292159e-03 9.999903042277336063e-01 3.993696872958439614e-03 7.832799999999999138e-03 6.427562394445330840e-01 -1.867010145195705396e-03 7.660684897110962011e-01 1.126652699999999951e+00
7.658829252229675255e-01 3.552710301923821604e-03 -6.429702350042503234e-01 -7.900230999999999781e-01 -1.448850109248865604e-03 9.999917318925926057e-01 3.799602586325276973e-03 7.903200000000000849e-03 6.429784177445392324e-01 -1.978483248269878678e-03 7.658817401653894574e-01 1.154856399999999894e+00
7.653103810800843121e-01 2.270539135237445178e-03 -6.436574129636754016e-01 -8.145234999999999559e-01 -6.697093048796913658e-04 9.999960458508603267e-01 2.731258334712807680e-03 7.996800000000000089e-03 6.436610692752071650e-01 -1.659196998350651649e-03 7.653088755298853574e-01 1.184406899999999929e+00
7.648302390936781991e-01 2.463799054573962560e-03 -6.442271610714078722e-01 -8.413260999999999656e-01 -3.261247379861989624e-04 9.999940395424904427e-01 3.437225937809524831e-03 8.035900000000000334e-03 6.442317898168037349e-01 -2.418795921725845448e-03 7.648264838613570982e-01 1.216237999999999930e+00
7.651316645838368569e-01 3.395594461360116820e-03 -6.438648971557783263e-01 -8.545285999999999715e-01 -1.112629785422467260e-03 9.999915736597970728e-01 3.951539492802292469e-03 8.209599999999999190e-03 6.438728895567258359e-01 -2.307064727433095260e-03 7.651289953636679630e-01 1.231798500000000018e+00
7.648168502427107329e-01 3.864583279045911372e-03 -6.442361760883180688e-01 -8.674473999999999796e-01 -1.336487998320582803e-03 9.999893739463687758e-01 4.412005686753505719e-03 8.367199999999999985e-03 6.442463809635637917e-01 -2.513362375169760597e-03 7.648138882270127947e-01 1.247072100000000017e+00
7.643910465352729000e-01 3.687676098622121729e-03 -6.447423741477691372e-01 -8.796815000000000051e-01 -4.792111232045607062e-04 9.999866166582778160e-01 5.151394086056825840e-03 8.333899999999999988e-03 6.447527420130989562e-01 -3.628711799263664543e-03 7.643825836040930577e-01 1.262016800000000050e+00
7.642617657879311466e-01 3.420527111448554841e-03 -6.448970874092960770e-01 -9.039865000000000261e-01 -1.009193950283769669e-03 9.999910530769832162e-01 4.107954911739382375e-03 8.685399999999999371e-03 6.449053689358494879e-01 -2.488726635454060164e-03 7.642583799720156224e-01 1.290861000000000036e+00
7.643119508820381824e-01 2.653913586426245169e-03 -6.448412195894186461e-01 -9.164712999999999887e-01 -3.933248415273617009e-04 9.999932636255556284e-01 3.649383383417714212e-03 8.913100000000000189e-03 6.448465608456495080e-01 -2.535635262791166925e-03 7.643078460406854679e-01 1.305651399999999906e+00
7.645970523979064293e-01 2.821341242721995927e-03 -6.445024340512806038e-01 -9.294415999999999789e-01 -1.203400376824842466e-03 9.999949249787778438e-01 2.949888849029913118e-03 9.109199999999999589e-03 6.445074858308212917e-01 -1.479881846867885011e-03 7.645965672547536673e-01 1.320725399999999938e+00
7.645506454366055582e-01 2.915287816319179267e-03 -6.445570662551284302e-01 -9.427240999999999538e-01 -1.585812104568725452e-03 9.999952528324115297e-01 2.641876721270988281e-03 9.074900000000000327e-03 6.445617082657323360e-01 -9.977021546589887914e-04 7.645516390852691302e-01 1.336215300000000106e+00
7.645879335361468465e-01 2.834882168153532271e-03 -6.445131925213146706e-01 -9.558501999999999832e-01 -1.477652871842778833e-03 9.999954088680861330e-01 2.645521638431205108e-03 9.131800000000000681e-03 6.445177332183459340e-01 -1.070367152783598726e-03 7.645886121838614269e-01 1.351928599999999925e+00
7.643133801617378875e-01 3.930541613042768528e-03 -6.448330076448994808e-01 -9.690982000000000207e-01 -1.494076816304721732e-03 9.999895333150362609e-01 4.324464688610415303e-03 9.154900000000000537e-03 6.448432558693669714e-01 -2.341816176431614580e-03 7.643112528654737448e-01 1.367338200000000059e+00
7.647043850386870956e-01 3.440278251520944436e-03 -6.443720726320746328e-01 -9.820065999999999518e-01 -1.126014849317978845e-03 9.999913555029056322e-01 4.002625390976757153e-03 9.215799999999999687e-03 6.443802725046466895e-01 -2.335252665877596018e-03 7.647016483582494972e-01 1.382541800000000043e+00
7.637660848895746479e-01 2.577473672847096879e-03 -6.454879737081993252e-01 -1.005621899999999957e+00 9.378351069688344336e-04 9.999865414147039999e-01 5.102690934267311955e-03 9.388900000000000370e-03 6.454924384047913133e-01 -4.502623560136596696e-03 7.637533884332772249e-01 1.411456000000000044e+00
7.642683269208733199e-01 2.478768345499887497e-03 -6.448936192683709656e-01 -1.016771400000000103e+00 1.700346960339879816e-03 9.999813920059847927e-01 5.858708218331735301e-03 9.157999999999999474e-03 6.448961414722402807e-01 -5.574168033207524409e-03 7.642498906541982384e-01 1.424410600000000082e+00
7.632931479301875433e-01 1.603011414916167936e-03 -6.460503081627841926e-01 -1.038726100000000097e+00 2.159249172464417117e-03 9.999850066211523059e-01 5.032313176384341225e-03 9.443399999999999364e-03 6.460486885412244362e-01 -5.236113759043838772e-03 7.632782422857775639e-01 1.450886399999999909e+00
7.631065577024852553e-01 2.089594215643543560e-03 -6.462693054659779390e-01 -1.060804400000000092e+00 2.257846054875784891e-03 9.999800500589216545e-01 5.899289393562521383e-03 9.593199999999999644e-03 6.462687395524063794e-01 -5.960963023745949330e-03 7.630866157895666024e-01 1.476874699999999985e+00
7.633838713431422285e-01 2.692326822787236874e-03 -6.459394835040169758e-01 -1.091167400000000010e+00 1.772127467754573867e-03 9.999788211972198138e-01 6.262325547020514832e-03 9.643499999999999295e-03 6.459426635061310540e-01 -5.925245420920252637e-03 7.633629326403705839e-01 1.512647199999999970e+00
7.632101799812162080e-01 2.573561740719155534e-03 -6.461451833396318900e-01 -1.109432699999999938e+00 2.363241095135281029e-03 9.999742620233135204e-01 6.774244050510128644e-03 9.663400000000000808e-03 6.461459868052776834e-01 -6.697168871718456838e-03 7.631844545485304554e-01 1.534258600000000028e+00
7.631072068364557204e-01 2.985798914518743297e-03 -6.462650198479760189e-01 -1.126356099999999971e+00 1.944366530980704390e-03 9.999741947883863391e-01 6.915865535968928300e-03 9.556500000000000758e-03 6.462689922261906084e-01 -6.534122906745741706e-03 7.630817092060216966e-01 1.554220600000000063e+00
7.578260705616144399e-01 2.811753149737654736e-03 -6.524505658066117597e-01 -1.142442299999999911e+00 2.376004906561806664e-03 9.999721904456990718e-01 7.069153832993525614e-03 9.666100000000000386e-03 6.524522981627292051e-01 -6.907414817098595124e-03 7.577983150170746196e-01 1.572830600000000079e+00
7.529699099087849845e-01 2.061608617456635664e-03 -6.580517187439485216e-01 -1.158584400000000070e+00 2.852885913907371104e-03 9.999754680696913978e-01 6.397210389219572767e-03 9.871100000000000707e-03 6.580487640091108315e-01 -6.694253409465350350e-03 7.529455565692458885e-01 1.591412499999999897e+00
7.529289994036878486e-01 2.548076054068570181e-03 -6.580968235490763929e-01 -1.174278099999999991e+00 2.613983798716842510e-03 9.999730366228859468e-01 6.862442415392615985e-03 1.001830000000000082e-02 6.580965650614364337e-01 -6.887186336031291337e-03 7.529020372656135551e-01 1.609172700000000011e+00
7.443707087636834974e-01 3.244995971332143708e-03 -6.677587273377992849e-01 -1.189080600000000043e+00 2.081355035606497796e-03 9.999720606442069615e-01 7.179546795879131887e-03 9.858600000000000349e-03 6.677633681895608353e-01 -6.734087326765298559e-03 7.443431575369040543e-01 1.625599299999999969e+00
7.390061943683787771e-01 2.834683306531186886e-03 -6.736926667670634084e-01 -1.204038699999999906e+00 2.187179578841946630e-03 9.999757829145747845e-01 6.606801788541041311e-03 1.003850000000000055e-02 6.736950800849416110e-01 -6.355954289864406380e-03 7.389820978307994892e-01 1.641864800000000013e+00
7.168235336698540738e-01 2.767153528025867015e-03 -6.972491408660291823e-01 -1.218099700000000007e+00 2.498839545099789620e-03 9.999755077115184410e-01 6.537566674136110513e-03 1.002970000000000077e-02 6.972501540896146599e-01 -6.428595370939409019e-03 7.167990623484139512e-01 1.656550200000000084e+00
6.947164789738659030e-01 2.497292694008915355e-03 -7.192793458534414430e-01 -1.233375200000000005e+00 3.251377165027528708e-03 9.999728533902962901e-01 6.612187913222608918e-03 1.014770000000000082e-02 7.192763324263387048e-01 -6.932244345771382613e-03 6.946895001363166955e-01 1.671511500000000039e+00
6.839585311733152873e-01 2.950222397947517127e-03 -7.295149236465582332e-01 -1.249469600000000069e+00 2.373977043234586689e-03 9.999775271382405073e-01 6.269724992978058242e-03 1.025490000000000082e-02 7.295170264416309669e-01 -6.020083578491859308e-03 6.839361569075498304e-01 1.686608099999999943e+00
6.740831987543228765e-01 3.588855542840674491e-03 -7.386467093767037362e-01 -1.265790699999999935e+00 2.295197495162026521e-03 9.999731926024083561e-01 6.953139219436627397e-03 1.021230000000000054e-02 7.386518619929136609e-01 -6.382334403593061672e-03 6.740568912057516293e-01 1.701539499999999983e+00
6.676641033116887947e-01 3.566429390604981386e-03 -7.444541125753825206e-01 -1.281572600000000062e+00 1.916937249974998234e-03 9.999769739243205002e-01 6.509759806519352550e-03 1.060660000000000075e-02 7.444601873173462003e-01 -5.773404763287046625e-03 6.676418930061691626e-01 1.715889100000000056e+00
6.440340198879773714e-01 3.322639347876943892e-03 -7.649896347629138171e-01 -1.297486099999999976e+00 2.298492662870302988e-03 9.999776493775816011e-01 6.278349844124802084e-03 1.075749999999999970e-02 7.649933974606649700e-01 -5.801793951049141751e-03 6.440119882646117011e-01 1.729072799999999965e+00
6.203254534774775841e-01 3.003599687215061358e-03 -7.843387725701699287e-01 -1.313756700000000111e+00 3.236541233702215897e-03 9.999743516685920541e-01 6.389116200348778606e-03 1.084880000000000046e-02 7.843378459368158806e-01 -6.501876182916394888e-03 6.202998218904288708e-01 1.742013899999999893e+00
6.093426711900228332e-01 3.478398625696855172e-03 -7.928993692833968820e-01 -1.329837799999999959e+00 2.293244162401873038e-03 9.999784639655086016e-01 6.149198028495716020e-03 1.111990000000000027e-02 7.929036827372032414e-01 -5.565280602341278124e-03 6.093215715478961236e-01 1.754326800000000075e+00
5.878377470779843073e-01 2.845472469818384649e-03 -8.089738477829202523e-01 -1.345401000000000069e+00 3.806698097144002764e-03 9.999730135233589889e-01 6.283412656297918293e-03 1.125400000000000011e-02 8.089698957068038876e-01 -6.773146346833965915e-03 5.878110515537177116e-01 1.765670099999999909e+00
4.789440466904180127e-01 1.950982051227595059e-03 -8.778432626664298688e-01 -1.369691299999999945e+00 6.528484371721102880e-03 9.999619598055758951e-01 5.784274682264966584e-03 1.120780000000000040e-02 8.778211543541287742e-01 -8.501329944631364627e-03 4.789130906099327012e-01 1.779847600000000085e+00
3.471473424751907455e-01 3.045729080678766243e-03 -9.378056547850304181e-01 -1.387267400000000039e+00 7.543177268146072922e-03 9.999533094132042610e-01 6.039823696259674635e-03 1.118309999999999964e-02 9.377802637553820375e-01 -9.170743042288515001e-03 3.471081594876996856e-01 1.786246199999999895e+00
2.054744343883002089e-01 3.926699395402070969e-03 -9.786546059998219027e-01 -1.404245500000000035e+00 7.839490766506852087e-03 9.999532630223452179e-01 5.658105291215969820e-03 1.119069999999999961e-02 9.786310843199955700e-01 -8.834749731757053637e-03 2.054340478105984857e-01 1.789475099999999985e+00
1.824149606245331900e-01 3.714275232350319495e-03 -9.832146186361593321e-01 -1.421401600000000043e+00 5.403377005378996734e-03 9.999739768819742025e-01 4.780070688455120148e-03 1.137140000000000026e-02 9.832067868242609920e-01 -6.184635668108128675e-03 1.823901439891010279e-01 1.792385700000000082e+00
1.715449740563320113e-01 3.426787517639918925e-03 -9.851703299446858964e-01 -1.445925399999999916e+00 4.828604531054579013e-03 9.999790148035764270e-01 4.319089111298865871e-03 1.158149999999999978e-02 9.851644565524555475e-01 -5.497915948576195810e-03 1.715248275496212838e-01 1.796265000000000001e+00
1.655222853817032436e-01 3.525696694469647192e-03 -9.861997477716352156e-01 -1.461497199999999941e+00 4.996578863927120598e-03 9.999777770444349123e-01 4.413571901180112118e-03 1.160830000000000022e-02 9.861933924143250207e-01 -5.658169323105809688e-03 1.655009905657259806e-01 1.798869999999999969e+00
1.557880474828488293e-01 3.631607311313325183e-03 -9.877838304456184604e-01 -1.476437199999999894e+00 4.916322145412900350e-03 9.999780053144408098e-01 4.451815799717226060e-03 1.175050000000000053e-02 9.877782716976742927e-01 -5.549803211691819310e-03 1.557667668222825208e-01 1.801098899999999947e+00
1.465012041304924184e-01 3.536616025683844179e-03 -9.892041697927697053e-01 -1.490774999999999961e+00 4.416700517768680327e-03 9.999813028824705574e-01 4.229260220538362189e-03 1.189890000000000045e-02 9.892006317956191230e-01 -4.988610283792724656e-03 1.464828448064288136e-01 1.803223699999999985e+00
1.372958016695903227e-01 3.456380273239380990e-03 -9.905240614338004512e-01 -1.504680800000000040e+00 4.770894130802168925e-03 9.999800050690944575e-01 4.150666356930929161e-03 1.186500000000000055e-02 9.905186022549485880e-01 -5.295554496050674555e-03 1.372765664251629492e-01 1.805140500000000037e+00
1.277906138296141525e-01 3.312655344419189202e-03 -9.917956368786965404e-01 -1.517948899999999934e+00 4.569401248814756837e-03 9.999818425644588782e-01 3.928754715816234859e-03 1.204129999999999957e-02 9.917906430236561599e-01 -5.033970198442690690e-03 1.277731566283131226e-01 1.806960499999999969e+00
9.730825410571550260e-02 3.404121578036291978e-03 -9.952484692975817060e-01 -1.544406699999999910e+00 4.554289808998890007e-03 9.999821576377311283e-01 3.865598339665160185e-03 1.202549999999999973e-02 9.952438706805649682e-01 -4.908804586650491325e-03 9.729101454038258101e-02 1.809520000000000017e+00
8.757163421418716343e-02 3.615870879906688939e-03 -9.961516623279993432e-01 -1.558378800000000064e+00 4.873010183420809459e-03 9.999798923817214691e-01 4.058152780885241652e-03 1.193669999999999974e-02 9.961463058470922949e-01 -5.209636265668876783e-03 8.755225318157466852e-02 1.810729299999999986e+00
6.589932547018069464e-02 3.414941194856752592e-03 -9.978204332840709956e-01 -1.572475300000000020e+00 5.805631142286754760e-03 9.999759052011317761e-01 3.805740955055977176e-03 1.204050000000000085e-02 9.978093873829887439e-01 -6.043773143736495476e-03 6.587791175023804957e-02 1.811680200000000074e+00
5.126572310269861266e-03 3.717148061968896574e-03 -9.999799503323216765e-01 -1.587299500000000085e+00 6.710721764564383379e-03 9.999704457322419193e-01 3.751516421417454630e-03 1.207440000000000076e-02 9.999643415991121831e-01 -6.729819637030684878e-03 5.101476051777575904e-03 1.811391900000000055e+00
-6.783357162225947534e-02 3.419329117498415109e-03 -9.976907911519247163e-01 -1.602929700000000013e+00 6.245139569287599078e-03 9.999759911731644912e-01 3.002550417143519477e-03 1.217799999999999959e-02 9.976771044745526007e-01 -6.027044518965987002e-03 -6.785329720535682174e-02 1.809842299999999904e+00
-9.592568680060548081e-02 3.989159841031289684e-03 -9.953805047395668515e-01 -1.619761500000000076e+00 6.744088297493565885e-03 9.999716214081064702e-01 3.357625869300708173e-03 1.205709999999999942e-02 9.953656513487231239e-01 -6.390851446035200438e-03 -9.594986781088843397e-02 1.808099600000000029e+00
-1.134990276311746427e-01 3.913546458111616735e-03 -9.935303995756232798e-01 -1.637604000000000060e+00 6.809606386203573627e-03 9.999718182636925246e-01 3.161002889829660906e-03 1.207860000000000010e-02 9.935147708955527346e-01 -6.406780199502554174e-03 -1.135224787424606863e-01 1.805962199999999962e+00
-1.251719651587507864e-01 4.535263494032060368e-03 -9.921246950476213522e-01 -1.655707700000000004e+00 7.076214407763768872e-03 9.999681979830352674e-01 3.678343678387984393e-03 1.217380000000000025e-02 9.921098257390416064e-01 -6.560061554641122804e-03 -1.252000769346708342e-01 1.803520000000000012e+00
-1.300748363735408919e-01 4.529281776298623059e-03 -9.914938338431500409e-01 -1.673437800000000086e+00 7.180229943189339777e-03 9.999676476460741537e-01 3.626011464389557789e-03 1.227720000000000027e-02 9.914781799113685512e-01 -6.647500866329125388e-03 -1.301031494310289638e-01 1.801226400000000005e+00
-1.408615060000743269e-01 4.626616967780186780e-03 -9.900185001012986596e-01 -1.690212800000000071e+00 7.814756265060503887e-03 9.999631230606879084e-01 3.561194074076763985e-03 1.223819999999999943e-02 9.899984675300812498e-01 -7.235118115759432006e-03 -1.408924673428011420e-01 1.798853000000000035e+00
-1.639624120155094567e-01 4.940419495493745573e-03 -9.864542157146802825e-01 -1.706080400000000052e+00 8.008332741062544613e-03 9.999611724970113302e-01 3.676969555313595005e-03 1.227660000000000036e-02 9.864340799327468989e-01 -7.296968796070235803e-03 -1.639956102876672928e-01 1.796355700000000111e+00
-1.797490801211402422e-01 5.062998685356406153e-03 -9.836994633727905724e-01 -1.721021799999999935e+00 8.335163878849867480e-03 9.999586963632237646e-01 3.623618450490745727e-03 1.229270000000000015e-02 9.836771793829094390e-01 -7.547954151563177755e-03 -1.797838567541849564e-01 1.793511199999999972e+00
-1.892893770665679820e-01 4.890946361135103775e-03 -9.819091660502224927e-01 -1.735327700000000029e+00 7.443454001407373739e-03 9.999660099926197532e-01 3.545962770352682411e-03 1.232669999999999946e-02 9.818931340641300354e-01 -6.637582627153804093e-03 -1.893193486535069692e-01 1.790692699999999915e+00
-1.984209970805701218e-01 5.204417698007767282e-03 -9.801030670056987137e-01 -1.749240200000000023e+00 8.012947161943811958e-03 9.999610961964137124e-01 3.687651209968137618e-03 1.239840000000000039e-02 9.800841293457069892e-01 -7.121806659208490368e-03 -1.984549804730951772e-01 1.787841400000000025e+00
-2.070677060556563587e-01 5.390901443897644363e-03 -9.783117618072830757e-01 -1.762501700000000060e+00 8.367839466994932487e-03 9.999579984670253774e-01 3.739059303491064183e-03 1.230889999999999936e-02 9.782908281137580042e-01 -7.412117338696373216e-03 -2.071041190924374220e-01 1.784821999999999909e+00
-2.161373322020515297e-01 5.153941841163060637e-03 -9.763493690846928308e-01 -1.775236599999999942e+00 8.160136392487622389e-03 9.999606774096091444e-01 3.472147544602887173e-03 1.243960000000000031e-02 9.763288717448829201e-01 -7.216683311147961341e-03 -2.161708899906520376e-01 1.782080499999999956e+00
-2.551965004875014764e-01 4.747574725763457210e-03 -9.668775551605055529e-01 -1.788348899999999908e+00 8.925955688022081322e-03 9.999569010272717495e-01 2.554095336994494959e-03 1.256009999999999939e-02 9.668480094895932631e-01 -7.978510021193357254e-03 -2.552278784221143626e-01 1.778412199999999999e+00
-3.089998732025656114e-01 4.098484457934305387e-03 -9.510532481338501709e-01 -1.803235499999999991e+00 8.776735368953857835e-03 9.999604212887844845e-01 1.457659843739056525e-03 1.259940000000000018e-02 9.510215808682062066e-01 -7.896725973766973578e-03 -3.090236146993194932e-01 1.773035499999999987e+00
-3.359625968957458686e-01 4.699441314892024296e-03 -9.418636041053899399e-01 -1.819909199999999894e+00 9.322135788198022965e-03 9.999551632965685277e-01 1.664085598579240471e-03 1.264769999999999957e-02 9.418291943189133208e-01 -8.221109892276536393e-03 -3.359913422704908781e-01 1.767238700000000051e+00
-3.776378210846831895e-01 4.702713263570933167e-03 -9.259414455430611257e-01 -1.836084400000000061e+00 9.084729042593865656e-03 9.999577897117238878e-01 1.373496656856760915e-03 1.268619999999999991e-02 9.259088204486637386e-01 -7.893242857303910121e-03 -3.776646037591557814e-01 1.760153700000000043e+00
-3.868238296906730267e-01 4.838686709472258748e-03 -9.221409392790070880e-01 -1.852998399999999934e+00 9.341717254442338109e-03 9.999554829886266871e-01 1.328292031267854639e-03 1.267659999999999967e-02 9.221063155093233155e-01 -8.100564913007727783e-03 -3.868518110929699549e-01 1.753123500000000057e+00
-4.146389461515349595e-01 4.202158898895960379e-03 -9.099763107877770762e-01 -1.871065100000000037e+00 9.517220295614350553e-03 9.999546707341021579e-01 2.810603104941716834e-04 1.279910000000000075e-02 9.099362432897094566e-01 -8.543906462609376570e-03 -4.146601437444511484e-01 1.744719399999999920e+00
-4.421268813385951790e-01 4.624149854791884118e-03 -8.969405989450625061e-01 -1.899560700000000102e+00 9.846060691444577170e-03 9.999514808187842663e-01 3.018230952714015536e-04 1.287119999999999931e-02 8.968984757968248012e-01 -8.697887470005431776e-03 -4.421509593644358249e-01 1.731188500000000019e+00
-4.815628276303459687e-01 4.945711354705327814e-03 -8.763976169432806662e-01 -1.927588300000000032e+00 1.060096207502940480e-02 9.999437916408362437e-01 -1.821044523428556536e-04 1.310330000000000002e-02 8.763474554351996515e-01 -9.378352634856167158e-03 -4.815881890724759140e-01 1.716450500000000101e+00
-5.014729781371337625e-01 3.966601121553335260e-03 -8.651642146285384305e-01 -1.947098500000000065e+00 9.468513076568253056e-03 9.999547643402089125e-01 -9.036223968628505007e-04 1.316370000000000040e-02 8.651214940448491708e-01 -8.644960894055447875e-03 -5.014878514906891960e-01 1.705066900000000052e+00
-5.409711976390140231e-01 4.347173232887838537e-03 -8.410298837793426241e-01 -1.976350999999999969e+00 9.755757793426382204e-03 9.999517992349019613e-01 -1.106524630720702018e-03 1.321199999999999979e-02 8.409845352412179675e-01 -8.803481797882850221e-03 -5.409875323825379390e-01 1.686240900000000043e+00
-5.593883672937578488e-01 3.887685662910774550e-03 -8.288965800608724122e-01 -2.005770000000000053e+00 8.538235395221324339e-03 9.999629738992545924e-01 -1.072085301845034609e-03 1.322249999999999988e-02 8.288617213219341417e-01 -7.677026165452376615e-03 -5.594008492990472092e-01 1.666522899999999918e+00
-5.975265738461608134e-01 3.999864617786745048e-03 -8.018391326386531404e-01 -2.041417099999999873e+00 8.460191469495781380e-03 9.999633455685116301e-01 -1.316312929694375342e-03 1.330429999999999981e-02 8.018044766075878016e-01 -7.570244544847112150e-03 -5.975385114698158473e-01 1.641110700000000033e+00
-5.978768014715830637e-01 2.830175890556512527e-03 -8.015830090305913203e-01 -2.078159299999999821e+00 9.109918280283003239e-03 9.999531759419408861e-01 -3.264247624224474696e-03 1.344159999999999973e-02 8.015362372663104029e-01 -9.253973635914587020e-03 -5.978745891246005639e-01 1.613654700000000108e+00
-5.982203021099529172e-01 3.138442810212785285e-03 -8.013255395407054005e-01 -2.111492399999999936e+00 9.728672003479486505e-03 9.999470756371423574e-01 -3.346470644702614905e-03 1.332979999999999929e-02 8.012726271903490849e-01 -9.797760022278846279e-03 -5.982191745623175461e-01 1.588594899999999921e+00
-5.979301100007936576e-01 4.130046897480772056e-03 -8.015376012808530515e-01 -2.144759200000000199e+00 9.590804240906350073e-03 9.999520028241467573e-01 -2.002129363991439481e-03 1.284500000000000051e-02 8.014908608514832444e-01 -8.884523656457527299e-03 -5.979410215154555841e-01 1.563300300000000087e+00
-5.982327317084886742e-01 2.682197499868506276e-03 -8.013179172645342740e-01 -2.182484899999999950e+00 9.437640251302269537e-03 9.999486239117408859e-01 -3.698713763300371434e-03 1.304459999999999995e-02 8.012668280036846502e-01 -9.775241868492436439e-03 -5.982273104659516783e-01 1.535387400000000069e+00
-5.979244282458840987e-01 2.754077267687382851e-03 -8.015477485248373446e-01 -2.223849500000000035e+00 8.722836471308956577e-03 9.999572393039432017e-01 -3.071105262155263832e-03 1.338430000000000002e-02 8.015050157239985706e-01 -8.828058792285145215e-03 -5.979228839467782830e-01 1.504236899999999988e+00
-5.976836497354699462e-01 4.824905471202869250e-04 -8.017318891261335789e-01 -2.265550399999999964e+00 7.610066635428285042e-03 9.999581827733384776e-01 -5.071448555103577789e-03 1.374039999999999984e-02 8.016959159960161951e-01 -9.132354981857663395e-03 -5.976623280480315437e-01 1.473112200000000094e+00
-6.063350761592446458e-01 1.039933716791170953e-03 -7.952085851880801304e-01 -2.294208300000000200e+00 8.413400327886679311e-03 9.999515633552940042e-01 -5.107410129023652601e-03 1.391970000000000013e-02 7.951647565843735777e-01 -9.787210080917749244e-03 -6.063144567012618280e-01 1.451665599999999889e+00
-6.143713431877777520e-01 1.844690219646099444e-03 -7.890148603084982115e-01 -2.320406000000000191e+00 7.432133254198539443e-03 9.999664326818200610e-01 -3.449189018728855347e-03 1.359549999999999995e-02 7.889820125103849113e-01 -7.983146471700586569e-03 -6.143644303729454137e-01 1.431457600000000108e+00
-6.145347262379626807e-01 1.391623584796997104e-03 -7.888885432248522456e-01 -2.345152600000000032e+00 7.620066318697729657e-03 9.999622638895551141e-01 -4.171976291208794908e-03 1.381190000000000022e-02 7.888529678190543404e-01 -8.575207325423484656e-03 -6.145221403516679670e-01 1.412567899999999987e+00
-6.137534055033470048e-01 -3.772006711087088140e-04 -7.894976978767564990e-01 -2.367427100000000006e+00 5.962556087840567218e-03 9.999691519311066923e-01 -5.113033452117081955e-03 1.416730000000000073e-02 7.894752720370308285e-01 -7.845565998500558802e-03 -6.137322233158527540e-01 1.395037199999999977e+00
-6.130554283614831901e-01 1.058644544672934437e-04 -7.900398917454960479e-01 -2.398956099999999925e+00 5.767109205507449897e-03 9.999739470164630273e-01 -4.341168014225114426e-03 1.351869999999999981e-02 7.900188492738193791e-01 -7.217622948953508581e-03 -6.130400669703707228e-01 1.370507700000000106e+00
-6.125291820022538136e-01 -3.960470428075687534e-04 -7.904478757909276787e-01 -2.421974399999999861e+00 6.194420002840770115e-03 9.999667628375689121e-01 -5.301167888462338280e-03 1.334469999999999927e-02 7.904237030583523005e-01 -8.143486163378770709e-03 -6.125063699886138524e-01 1.352428799999999987e+00
