1.000000000000000000e+00 0.000000000000000000e+00 -0.000000000000000000e+00 -0.000000000000000000e+00 -0.000000000000000000e+00 1.000000000000000000e+00 0.000000000000000000e+00 0.000000000000000000e+00 0.000000000000000000e+00 0.000000000000000000e+00 1.000000000000000000e+00 0.000000000000000000e+00
9.996969077604348497e-01 1.059192757369043598e-03 -2.459615264482488406e-02 1.565000000000000093e-04 -1.050647342535520170e-03 9.999993831441089664e-01 3.603492240538935906e-04 -3.735000000000000256e-04 2.459651915183146825e-02 -3.343981225876662745e-04 9.996974039295637438e-01 1.599110000000000115e-02
9.994933777640654382e-01 9.407322534913569248e-04 -3.181356359489563579e-02 -2.075000000000000022e-04 -9.402295353747665459e-04 9.999995575109678070e-01 3.076181765900412905e-05 -2.058999999999999904e-04 3.181357845637672321e-02 -8.341809207159993041e-07 9.994938200034575448e-01 2.520539999999999933e-02
9.988479631728809371e-01 5.178931017497550617e-04 -4.798414584133124661e-02 -8.071999999999999965e-04 -5.122101380091064523e-04 9.999998602751866139e-01 1.307301861970149904e-04 -5.979999999999999666e-05 4.798420684101704914e-02 -1.060016142444625346e-04 9.988480888791329004e-01 3.409639999999999893e-02
9.937409823677184617e-01 -3.203154605622557036e-04 -1.117083585093231746e-01 -3.039800000000000054e-03 2.951192731813297079e-04 9.999999271488581032e-01 -2.420886059102721817e-04 3.729999999999999863e-05 1.117084279159649973e-01 2.076060794857544761e-04 9.937410045038190809e-01 5.187359999999999888e-02
9.906875843037463714e-01 8.445856324739643879e-04 -1.361521097211377818e-01 -5.977699999999999854e-03 -9.089175842671862529e-04 9.999995027463479680e-01 -4.103363032905524722e-04 -1.220000000000000008e-05 1.361516954548577241e-01 5.302661277196643206e-04 9.906878593394599086e-01 7.118370000000000253e-02
9.816138231991545782e-01 -8.905292052431084359e-06 -1.908777148465334306e-01 -1.158769999999999939e-02 -1.458355431722452281e-07 9.999999988764001202e-01 -4.740441405007245565e-05 -1.665000000000000085e-04 1.908777150542134149e-01 4.656066486743146350e-05 9.816138220949147675e-01 1.011420999999999987e-01
9.781585263763209470e-01 7.329873610663464661e-04 -2.078589906807806476e-01 -1.414769999999999917e-02 -8.176754613141847894e-04 9.999996140183835536e-01 -3.215119342568842223e-04 -9.909999999999999647e-05 2.078586747868471918e-01 4.844508359183226105e-04 9.781587481708903242e-01 1.119889000000000023e-01
9.759262687498400091e-01 4.512187583601630532e-04 -2.181002392608660245e-01 -1.654080000000000134e-02 -4.922511911878095893e-04 9.999998698929351004e-01 -1.338016351979519510e-04 -2.039999999999999984e-04 2.181001505106763272e-01 2.379406331658720974e-04 9.759263638879089875e-01 1.231763000000000025e-01
9.712256190246787435e-01 -4.343874726474893436e-04 -2.381608873380625380e-01 -1.933139999999999858e-02 4.571293120071720723e-04 9.999998947059711707e-01 4.025964223839450731e-05 -1.971999999999999957e-04 2.381608447728589539e-01 -1.479715185305629664e-04 9.712257153316669056e-01 1.343486000000000125e-01
9.491478557393925319e-01 -1.288288855529974618e-03 -3.148280296560934666e-01 -3.341070000000000151e-02 1.396908987268740592e-03 9.999990171958307306e-01 1.193844797617044790e-04 -4.285000000000000072e-04 3.148275664400984608e-01 -5.530996270450913447e-04 9.491487225352031043e-01 1.813416999999999946e-01
9.377048803936710586e-01 -1.614411244831249407e-04 -3.474327722346504665e-01 -4.313140000000000029e-02 7.439788142110304232e-05 9.999999624181988844e-01 -2.638722344086787846e-04 -4.220000000000000254e-05 3.474328017773313237e-01 2.215860198148822272e-04 9.377048571639103880e-01 2.076539000000000024e-01
9.147509266558485619e-01 -9.306477784981348218e-04 -4.040171729976076431e-01 -5.399149999999999783e-02 1.047006648117097599e-03 9.999994496382651477e-01 6.708386941487904666e-05 7.409999999999999866e-05 4.040168882105613646e-01 -4.843736977928911423e-04 9.147513976063527119e-01 2.334682999999999897e-01
9.030924293385165225e-01 -2.610165562182402855e-04 -4.294461502235336625e-01 -6.590369999999999562e-02 3.006435907479564269e-05 9.999998512671097739e-01 -5.445749652229967246e-04 1.168999999999999955e-04 4.294462284938485586e-01 4.788905050365652931e-04 9.030923028662647400e-01 2.587804000000000215e-01
8.889756145493197259e-01 -5.396340564864482133e-04 -4.579542177245933265e-01 -7.845080000000000109e-02 8.240624360086775931e-04 9.999995717122587280e-01 4.213032168775795224e-04 -1.255999999999999901e-04 4.579537942388518523e-01 -7.519111543739284264e-04 8.889756785041169618e-01 2.828591999999999773e-01
8.586310556406275829e-01 -4.770929537775863479e-04 -5.125938769355082858e-01 -9.316889999999999894e-02 -8.377688665672496180e-05 9.999994228904989235e-01 -1.071074274927662001e-03 3.839000000000000073e-04 5.125940921147011942e-01 9.626011544796155093e-04 8.586305201471251536e-01 3.078757999999999773e-01
8.376551926565987127e-01 3.642984260572733790e-05 -5.461993929768715894e-01 -1.079949999999999938e-01 2.707006671477569810e-04 9.999998472730754484e-01 4.818453845205536413e-04 -1.487000000000000095e-04 5.461993271110696657e-01 -5.514768284757962840e-04 8.376550548625146808e-01 3.326868000000000047e-01
7.984992329569703395e-01 2.177889279291945858e-05 -6.019958259762353547e-01 -1.268737000000000059e-01 5.439999151962433138e-05 9.999999926520796167e-01 1.083350437329280849e-04 -2.585999999999999974e-04 6.019958239122352728e-01 -1.192540171510593749e-04 7.984992259048899754e-01 3.578511999999999804e-01
7.893415266720120727e-01 1.021345836914456249e-03 -6.139535089270021784e-01 -1.465014000000000038e-01 -5.351783264406253767e-04 9.999993809995808558e-01 9.754919855629463465e-04 -3.259000000000000070e-04 6.139541252042012287e-01 -4.414217217206658161e-04 7.893415846714320061e-01 3.835434999999999817e-01
7.628863403503421958e-01 1.698644292899917883e-03 -6.465303908668393884e-01 -1.673396000000000050e-01 -9.042288364064350820e-04 9.999983738280507906e-01 1.560356198282164498e-03 -5.573000000000000479e-04 6.465319899874044651e-01 -6.057630067155333423e-04 7.628866357291275158e-01 4.082553999999999905e-01
7.548897998417902766e-01 2.469215539842442748e-03 -6.558470043153659113e-01 -1.887918000000000096e-01 -1.863302628487046100e-03 9.999969514821108740e-01 1.620225231097443359e-03 -2.372999999999999947e-04 6.558490056393593282e-01 -1.050053375591109006e-06 7.548920994425368791e-01 4.332116999999999774e-01
7.082746524953308365e-01 3.367375110585890414e-04 -7.059368974918842632e-01 -2.107611000000000068e-01 8.003138258546522218e-04 9.999988605846940048e-01 1.279971520796609370e-03 -2.620000000000000258e-04 7.059365241510022759e-01 -1.471542443339832022e-03 7.082735759806650933e-01 4.561427000000000120e-01
6.776555420515180117e-01 2.037623038546806497e-03 -7.353766479969405800e-01 -2.354359000000000035e-01 -1.082947075406892872e-03 9.999978420129284062e-01 1.772905840205701855e-03 -3.098999999999999975e-04 7.353786735774265892e-01 -4.050454778800862332e-04 6.776562863175296103e-01 4.788101000000000163e-01
6.242685689547610162e-01 2.298513410547438785e-03 -7.812064200013183468e-01 -2.601951000000000125e-01 -2.882456461278616253e-04 9.999962812200821061e-01 2.711910849199972162e-03 -7.140000000000000079e-05 7.812097482300269791e-01 -1.467781355670443218e-03 6.242669099738265004e-01 4.995078000000000018e-01
5.151335082351146122e-01 1.895092935788655897e-03 -8.571078562912300969e-01 -2.868875000000000175e-01 1.332130161875544165e-03 9.999945776867330549e-01 3.011648446303315935e-03 3.255999999999999997e-04 8.571089161376254095e-01 -2.693180257061096247e-03 5.151281905093993974e-01 5.171037000000000550e-01
4.639385176308229997e-01 3.318581227343869993e-03 -8.858611848800873600e-01 -3.132192999999999783e-01 -1.791115769392239831e-03 9.999944531972342343e-01 2.808109517980564296e-03 2.783999999999999908e-04 8.858655901223476681e-01 2.838897706143098370e-04 4.639418882185385451e-01 5.308342000000000338e-01
4.333660502529031455e-01 3.368579118172836985e-03 -9.012116949767812191e-01 -3.384162000000000003e-01 -1.308893669218325062e-03 9.999943122953391939e-01 3.108403824177719162e-03 3.574000000000000137e-04 9.012170400550363336e-01 -1.674864056942927237e-04 4.333679945066812866e-01 5.433746999999999883e-01
4.184179603526981261e-01 4.423058261402630989e-03 -9.082438257482976507e-01 -3.641902000000000195e-01 -3.931698453666995427e-03 9.999875934293033231e-01 3.058551085027974743e-03 4.461000000000000013e-04 9.082460857067082838e-01 2.291188138615241239e-03 4.184301593520191043e-01 5.550190000000000401e-01
3.892390294905223036e-01 4.410658431135848837e-03 -9.211262258851824480e-01 -3.903877000000000042e-01 -3.207299929333906098e-03 9.999889638934957858e-01 3.432975149330798163e-03 5.783000000000000163e-04 9.211312019188360178e-01 1.618080163798552669e-03 3.892488801116117392e-01 5.667183999999999555e-01
3.653443031154268161e-01 4.116229456595467059e-03 -9.308633609913775642e-01 -4.166072000000000108e-01 -3.056522323852615183e-03 9.999901372308632741e-01 3.222283706188031928e-03 4.842000000000000058e-04 9.308674437600591434e-01 1.667961648249160220e-03 3.653532811561339688e-01 5.774173999999999696e-01
3.074726484400250870e-01 3.777120340410101713e-03 -9.515494226908083331e-01 -4.435217000000000187e-01 -1.228705690895329303e-03 9.999928641517490391e-01 3.572384064830819161e-03 7.785000000000000036e-04 9.515561259030398400e-01 7.076380116988732240e-05 3.074750953311219392e-01 5.862922999999999885e-01
2.715363897545136629e-01 4.819550547064927783e-03 -9.624161059394263917e-01 -4.709408999999999956e-01 -1.842785135629981417e-03 9.999882319229007610e-01 4.487778810792366832e-03 8.815999999999999618e-04 9.624264092293127737e-01 5.549308380166993564e-04 2.715420756894523224e-01 5.945350999999999830e-01
2.338797000088713995e-01 4.851450906447560447e-03 -9.722534388459946886e-01 -4.990678000000000059e-01 -1.910367866128165988e-03 9.999879133826868882e-01 4.530296144396653117e-03 9.166000000000000536e-04 9.722636661000843006e-01 7.978174241011586326e-04 2.338861412503558945e-01 6.015122999999999998e-01
2.305625737356687410e-01 5.643662000993299004e-03 -9.730411341107850776e-01 -5.282892999999999617e-01 -2.898431088373307728e-03 9.999827273030842401e-01 5.113139222779019243e-03 9.768000000000001074e-04 9.730531838957262591e-01 1.641394134299992797e-03 2.305749490636084253e-01 6.083507999999999694e-01
2.223193766026687612e-01 5.616589996238567292e-03 -9.749577163671330204e-01 -5.424725000000000241e-01 -2.645427317806097519e-03 9.999832006993589761e-01 5.157522018543444012e-03 1.240000000000000000e-03 9.749703054459182283e-01 1.432562696606346463e-03 2.223305000732318515e-01 6.116829000000000294e-01
2.058349693031403527e-01 5.038613293963599069e-03 -9.785737467294169933e-01 -5.716328000000000520e-01 -1.151143298273807434e-03 9.999872993211879058e-01 4.906736738788138388e-03 1.263699999999999980e-03 9.785860413275279113e-01 1.165006044072107623e-04 2.058381552252328550e-01 6.180902000000000340e-01
1.677193558969213849e-01 5.483999665270045468e-03 -9.858195288211697438e-01 -6.016291000000000277e-01 -2.484100353754219864e-03 9.999837038233236886e-01 5.140168598391453222e-03 1.386400000000000089e-03 9.858316524148300619e-01 1.586768873758690954e-03 1.677302455181741703e-01 6.230771999999999977e-01
1.642818245267345656e-01 5.812090394253750965e-03 -9.863963208241485203e-01 -6.172339000000000020e-01 -1.740190213320290218e-03 9.999827927210227507e-01 5.602320937397584077e-03 1.484199999999999972e-03 9.864119088231796395e-01 7.961577187733225730e-04 1.642891118263720696e-01 6.259122000000000297e-01
1.484392964645130375e-01 6.063236877125864621e-03 -9.889029337724164481e-01 -6.472862999999999811e-01 -1.221060346775655007e-03 9.999815657230067822e-01 5.947875737898601634e-03 1.741300000000000096e-03 9.889207674413305060e-01 3.246116692475946655e-04 1.484439636715291222e-01 6.307346999999999815e-01
1.469322723630623051e-01 6.464556809710236135e-03 -9.891254302885358340e-01 -6.754122999999999655e-01 -1.596161530670796389e-03 9.999788910849947143e-01 6.298384935217690370e-03 1.763800000000000047e-03 9.891452671911215022e-01 6.533679500859441297e-04 1.469394892591059376e-01 6.348816000000000459e-01
1.319231057997555245e-01 6.094526405091499691e-03 -9.912412173149602879e-01 -7.052616999999999914e-01 -1.437521957129366413e-03 9.999812239909755540e-01 5.956945201455106018e-03 1.884899999999999900e-03 9.912589105207425533e-01 6.390723026469887109e-04 1.319293898258561137e-01 6.391539999999999999e-01
1.200576685339406341e-01 4.828936906522009187e-03 -9.927551750530173580e-01 -7.382976999999999457e-01 4.427189623242679464e-04 9.999878102484318632e-01 4.917657416545298879e-03 2.164500000000000191e-03 9.927668206714578281e-01 -1.029914025020588512e-03 1.200540671988509223e-01 6.436180000000000234e-01
1.119013609864324132e-01 5.096114430625840221e-03 -9.937062518808530420e-01 -7.753820000000000157e-01 -1.002754369731559403e-03 9.999869200182363027e-01 5.015403883593092665e-03 2.335700000000000016e-03 9.937188132933065798e-01 4.352127658323909180e-04 1.119050074696853470e-01 6.475564999999999793e-01
1.108426053357318974e-01 5.414585917918312077e-03 -9.938232232654482523e-01 -8.162032000000000176e-01 -1.309189279067682690e-03 9.999850865490064189e-01 5.302141360586480612e-03 2.458300000000000068e-03 9.938371108314576485e-01 7.133995469218649792e-04 1.108480410078035439e-01 6.521015000000000006e-01
1.119064362846699662e-01 5.581417727945908389e-03 -9.937030730022984315e-01 -8.618871000000000171e-01 -2.058220844348712837e-03 9.999833831235338533e-01 5.384905177229688117e-03 3.077700000000000054e-03 9.937166161663097963e-01 1.442654829832057482e-03 1.119160645395511633e-01 6.566469000000000333e-01
1.120952377175942760e-01 5.161806449362528644e-03 -9.936840611759936159e-01 -9.109950999999999466e-01 -1.905497793554783437e-03 9.999857862966251565e-01 4.979586617281496139e-03 3.418500000000000098e-03 9.936956409078159247e-01 1.335274840461890197e-03 1.121034802399356600e-01 6.623364999999999947e-01
1.117728606747580566e-01 6.606612543156151554e-03 -9.937118195368744855e-01 -9.621659000000000184e-01 -2.560695954373575379e-03 9.999764948456596469e-01 6.360235248601180114e-03 3.238800000000000012e-03 9.937304817971573945e-01 1.833692147800693607e-03 1.117871509624281945e-01 6.681831000000000298e-01
1.130295652219258651e-01 7.897932026264417593e-03 -9.935602347394196787e-01 -1.012613200000000102e+00 -4.317336741098711655e-03 9.999628711334864750e-01 7.457677784559051636e-03 3.405399999999999833e-03 9.935822452063070021e-01 3.446596028381233683e-03 1.130594665944023580e-01 6.734615999999999936e-01
1.137389610635821807e-01 8.060214911290818421e-03 -9.934779724139640722e-01 -1.064552100000000001e+00 -4.217447999373916991e-03 9.999619975206610611e-01 7.629983411643449266e-03 3.868799999999999930e-03 9.935017170939112185e-01 3.322115301006634165e-03 1.137686322383164583e-01 6.791941999999999702e-01
1.145813156756355783e-01 8.471265730510090311e-03 -9.933777527984827271e-01 -1.118602600000000002e+00 -4.176827011030080639e-03 9.999589102829481435e-01 8.045611341515641543e-03 4.016099999999999878e-03 9.934050916993329983e-01 3.227290297119386666e-03 1.146119905733158362e-01 6.853818999999999884e-01
1.147314564607640891e-01 8.043257241747278283e-03 -9.933639810821283112e-01 -1.175301099999999987e+00 -3.560490708428361902e-03 9.999641275900085224e-01 7.685469346005648072e-03 4.561299999999999903e-03 9.933901629291016500e-01 2.655098133078539341e-03 1.147559787095937534e-01 6.921785000000000299e-01
1.151330183158538606e-01 8.947068667979700060e-03 -9.933097895700674362e-01 -1.227822699999999934e+00 -4.408141539493985045e-03 9.999541922903877333e-01 8.495976050234575749e-03 4.795200000000000330e-03 9.933403024047947616e-01 3.400482778787130081e-03 1.151671842810361168e-01 6.981363000000000429e-01
1.147791331849592755e-01 9.952195277738343226e-03 -9.933411822704542038e-01 -1.276761100000000093e+00 -4.348738045168099725e-03 9.999452668439487990e-01 9.515870627454466046e-03 4.774099999999999872e-03 9.933815173752350569e-01 3.227557209052342099e-03 1.148161304509884850e-01 7.039507999999999877e-01
1.154723864426042690e-01 9.794080964005281997e-03 -9.932624043762656729e-01 -1.326068400000000036e+00 -3.225861903133353265e-03 9.999498130590104283e-01 9.484997534633280575e-03 5.115699999999999935e-03 9.933054524083877457e-01 2.108872049365708486e-03 1.154981855894179343e-01 7.095664000000000415e-01
1.151734326672517461e-01 9.774057553999637021e-03 -9.932973110839334874e-01 -1.376340300000000072e+00 -1.794889050078550714e-03 9.999520058963713431e-01 9.631421344807917714e-03 5.796199999999999616e-03 9.933437767364022841e-01 6.735746093908569210e-04 1.151854483704675136e-01 7.155544000000000349e-01
1.161085066294557100e-01 1.049578841586121941e-02 -9.931810777062797246e-01 -1.423271900000000034e+00 -2.860715172309211390e-03 9.999435512649358371e-01 1.023281937549980376e-02 5.927800000000000430e-03 9.932324153978164816e-01 1.653090801546524755e-03 1.161319779122929052e-01 7.207057000000000047e-01
1.061520179620497883e-01 1.112562242097161341e-02 -9.942876694439746199e-01 -1.466841300000000015e+00 -2.051548275894849761e-03 9.999377251953891488e-01 1.096981680530732979e-02 6.638400000000000030e-03 9.943477964134361802e-01 8.753609634339163531e-04 1.061682321173681443e-01 7.258248000000000477e-01
9.614993496440965570e-02 1.108751737606350485e-02 -9.953051074744747595e-01 -1.507373000000000074e+00 -2.109900685216186365e-03 9.999379818104938700e-01 1.093530300699672997e-02 7.050299999999999796e-03 9.953646258158055371e-01 1.048566255320712397e-03 9.616736548003113061e-02 7.297084999999999821e-01
9.588824137036530693e-02 1.041952127161615074e-02 -9.953375702460793839e-01 -1.546616800000000014e+00 -3.190303257838979570e-03 9.999432926127972410e-01 1.016038994333987033e-02 7.459200000000000032e-03 9.953869936522286022e-01 2.201166769701594188e-03 9.591604523139163341e-02 7.335933000000000037e-01
9.432761333660934222e-02 8.527059575703255928e-03 -9.955046914089414889e-01 -1.583229800000000020e+00 -3.135090153364348663e-03 9.999609035346376240e-01 8.268168595371040014e-03 8.269800000000000761e-03 9.955362738604504047e-01 2.341080345398129960e-03 9.435065856085478320e-02 7.372604000000000379e-01
9.499424757562480170e-02 9.413727237422928745e-03 -9.954333100047640936e-01 -1.621275699999999986e+00 -3.308577835222054325e-03 9.999527490726285439e-01 9.140729445787868640e-03 8.710700000000000040e-03 9.954723231914837100e-01 2.425151869928507224e-03 9.502090505861648939e-02 7.406857000000000024e-01
9.484624828816651254e-02 9.927570668364374407e-03 -9.954424305434667053e-01 -1.659612199999999982e+00 -3.044527547112051841e-03 9.999484894165396875e-01 9.682425604955652992e-03 8.791999999999999468e-03 9.954872776875024476e-01 2.112310158394431741e-03 9.487158746495394368e-02 7.445169999999999844e-01
9.433767957950946192e-02 9.162481201102707501e-03 -9.954980919870178857e-01 -1.699300800000000056e+00 -2.339919899700307511e-03 9.999569252821818299e-01 8.981779059188203448e-03 9.044599999999999862e-03 9.955375065693993220e-01 1.482065600614466874e-03 9.435505548267508757e-02 7.486610000000000209e-01
9.541356408262698097e-02 8.917677264769656442e-03 -9.953977731647041249e-01 -1.761870000000000047e+00 -2.030292761012701154e-03 9.999595348800953687e-01 8.763932546980926150e-03 9.800400000000000778e-03 9.954356481964843351e-01 1.184750853497277667e-03 9.542780865691158354e-02 7.537150999999999712e-01
9.448902332485931144e-02 9.359520759249100735e-03 -9.954819053314187816e-01 -1.803233499999999934e+00 -1.189365230860093582e-03 9.999561518107903391e-01 9.288695608277254545e-03 1.000470000000000005e-02 9.955251929918509379e-01 3.063117901635189003e-04 9.449601204085489314e-02 7.577962000000000309e-01
9.360568747990601068e-02 8.708248551678385296e-03 -9.955712639879559234e-01 -1.846805899999999889e+00 1.477393105055067532e-04 9.999616148048369180e-01 8.760541649875691617e-03 1.037079999999999946e-02 9.956093377648234100e-01 -9.671215359336399545e-04 9.360080785668700720e-02 7.620375000000000343e-01
9.294146517499901616e-02 9.111659155726065107e-03 -9.956298818931432759e-01 -1.893597699999999939e+00 9.780912541721611259e-04 9.999568082604822772e-01 9.242561928793616502e-03 1.080880000000000035e-02 9.956710939806494576e-01 -1.832834127504890526e-03 9.292853883731355680e-02 7.667675999999999936e-01
9.272220761426050450e-02 1.000557992739388620e-02 -9.956417430910851074e-01 -1.941530699999999943e+00 8.114215285038046260e-04 9.999484174717566676e-01 1.012442545690966922e-02 1.133550000000000009e-02 9.956916861208799929e-01 -1.746644224211842990e-03 9.270930602540916610e-02 7.712016000000000426e-01
9.328506762222600612e-02 1.042101090273597243e-02 -9.955849028036140025e-01 -1.964759099999999981e+00 6.794501417457712161e-04 9.999443239560676933e-01 1.053030557712446649e-02 1.170359999999999977e-02 9.956392090040554477e-01 -1.658770571174624474e-03 9.327279332136784173e-02 7.729825000000000168e-01
9.464506683341762650e-02 9.775744001322448501e-03 -9.954630812608361579e-01 -2.009979700000000147e+00 -7.800895911684911990e-04 9.999522056395143688e-01 9.745660413754124451e-03 1.278520000000000004e-02 9.955107748208088525e-01 -1.458282931114567374e-04 9.464816928911656824e-02 7.766859999999999875e-01
9.417500737209960615e-02 7.824345103013647870e-03 -9.955249105924843800e-01 -2.056115600000000043e+00 -4.005461368998476830e-04 9.999693322786186167e-01 7.821385110442467814e-03 1.333280000000000055e-02 9.955555773281856702e-01 -3.378253433105648032e-04 9.417525325041720130e-02 7.808479999999999865e-01
9.503112143388724176e-02 7.436926064292042129e-03 -9.954465219637529394e-01 -2.104340600000000006e+00 -9.311919332173918679e-04 9.999723202690673496e-01 7.381841049582118022e-03 1.375340000000000069e-02 9.954738664779712032e-01 2.254471380134623511e-04 9.503541620357469633e-02 7.849785999999999708e-01
9.401071826782528285e-02 9.287335982752550206e-03 -9.955278651253872679e-01 -2.153510999999999953e+00 -2.069342977259391522e-04 9.999566478763844968e-01 9.309110914624434130e-03 1.416740000000000013e-02 9.955711637190806096e-01 -6.691473438823715078e-04 9.400856457189510351e-02 7.897745000000000459e-01
9.358780692777782240e-02 1.007582695018175226e-02 -9.955600434457578807e-01 -2.177566500000000183e+00 1.554280501136328513e-04 9.999486289705361575e-01 1.013485382559304801e-02 1.421440000000000030e-02 9.956110175347452351e-01 -1.103236699394672879e-03 9.358143315965450348e-02 7.922607000000000399e-01
9.365830591260256022e-02 9.906599013061616332e-03 -9.955551120001222554e-01 -2.222251400000000210e+00 1.159289955790592484e-03 9.999487311354103847e-01 1.005938106849667280e-02 1.491250000000000041e-02 9.956037252744587285e-01 -2.096281631182424221e-03 9.364201953686712709e-02 7.964963999999999933e-01
9.462109437014271096e-02 9.217141071325363894e-03 -9.954706890766134020e-01 -2.243570599999999970e+00 1.477418851073219151e-03 9.999547361435153769e-01 9.399090258684895255e-03 1.538400000000000011e-02 9.955122629750647878e-01 -2.360079368093146845e-03 9.460319387653493006e-02 7.983639000000000152e-01
9.402687335175718975e-02 9.351713917926475494e-03 -9.955257367514365185e-01 -2.284162999999999943e+00 1.783025175312143423e-03 9.999526961865586872e-01 9.561705415672954594e-03 1.545810000000000066e-02 9.955680629213239374e-01 -2.674104715445275570e-03 9.400575118073373204e-02 8.021850999999999843e-01
9.470188326594801420e-02 1.047678905320666848e-02 -9.954505463341800642e-01 -2.323450999999999933e+00 1.330854661616310587e-03 9.999423943176828367e-01 1.065067472460239778e-02 1.558819999999999997e-02 9.955047875986096084e-01 -2.333438954470227859e-03 9.468248481579555342e-02 8.051070000000000171e-01
9.480614275139452596e-02 1.065390936618474532e-02 -9.954387422196401269e-01 -2.378733400000000220e+00 1.554012924844626678e-03 9.999399284976746571e-01 1.085008939570758155e-02 1.598600000000000021e-02 9.954945405879590536e-01 -2.575579795415244670e-03 9.478389129111464140e-02 8.103905000000000136e-01
9.448006285692159278e-02 1.133617692263701009e-02 -9.954622086324174113e-01 -2.411704499999999918e+00 1.934373448246906255e-03 9.999311866246071157e-01 1.157066181632537827e-02 1.596840000000000065e-02 9.955248745872271599e-01 -3.018792520814372708e-03 9.445163296524528018e-02 8.135575000000000445e-01
9.504130705039427751e-02 1.185532923258687810e-02 -9.954027331301333881e-01 -2.442637400000000181e+00 1.825444580245421874e-03 9.999253257516204085e-01 1.208348760086161086e-02 1.597480000000000080e-02 9.954716559029881395e-01 -2.965482979667003090e-03 9.501256866573060123e-02 8.161530000000000173e-01
8.705763266790308985e-02 1.194825090694372725e-02 -9.961316217722059330e-01 -2.471397599999999972e+00 1.791922744702316786e-03 9.999245761299170310e-01 1.215035243451485780e-02 1.621049999999999922e-02 9.962016651296751180e-01 -2.842771828800377300e-03 8.702965610176749411e-02 8.186324000000000378e-01
8.010669474451503902e-02 1.126996677467730947e-02 -9.967225819183622715e-01 -2.500079400000000174e+00 2.297838357869421561e-03 9.999313369248605810e-01 1.149092574782861059e-02 1.651450000000000140e-02 9.967836462322150481e-01 -3.210807462099851857e-03 8.007529781056788032e-02 8.208779000000000492e-01
7.939520515984101190e-02 1.195913269862080609e-02 -9.967714785961343527e-01 -2.528134600000000010e+00 2.281217258557753647e-03 9.999232353024363196e-01 1.217865140841572699e-02 1.672919999999999963e-02 9.968406078433234008e-01 -3.240778826952987572e-03 7.936182903101940411e-02 8.230477999999999961e-01
6.639546969029345991e-02 1.236487859649324297e-02 -9.977167691193224996e-01 -2.554108400000000056e+00 1.888180656549168050e-03 9.999198660733741306e-01 1.251783550034439238e-02 1.668609999999999885e-02 9.977915996732051873e-01 -2.714997071717034464e-03 6.636680203601053041e-02 8.246495999999999826e-01
5.844637982564440670e-02 1.215238908645546734e-02 -9.982165797685229602e-01 -2.579857099999999903e+00 2.046239567827093549e-03 9.999223449521505991e-01 1.229296420816863161e-02 1.693609999999999907e-02 9.982884520963406505e-01 -2.761069518077058360e-03 5.841697446983007413e-02 8.260393000000000319e-01
2.598613891596638845e-02 1.195110241801220982e-02 -9.995908621707355612e-01 -2.604403500000000093e+00 2.786404121255314087e-03 9.999237844486708049e-01 1.202752035629340091e-02 1.715850000000000014e-02 9.996584199296844053e-01 -3.097812912714944557e-03 2.595085776703087710e-02 8.268157999999999896e-01
-5.541744801254218714e-03 1.214475698823059072e-02 -9.999108930010986995e-01 -2.629536599999999780e+00 4.275888937905179127e-03 9.999173939824027579e-01 1.212113795115482909e-02 1.745280000000000095e-02 9.999755026191134988e-01 -4.208335673048191512e-03 -5.593216651845200893e-03 8.270511999999999864e-01
-2.030007507298449421e-02 1.158698544879838317e-02 -9.997267870374589860e-01 -2.655421500000000101e+00 3.416666428102885233e-03 9.999278061063923140e-01 1.151993775053493894e-02 1.783039999999999972e-02 9.997880942192453047e-01 -3.181877349374083105e-03 -2.033819839571027188e-02 8.264778000000000402e-01
-3.395219967607541328e-02 1.262744944562510865e-02 -9.993436824524656314e-01 -2.681162800000000068e+00 3.653083951432136746e-03 9.999150668560283783e-01 1.251055761938590222e-02 1.783739999999999978e-02 9.994167814854822973e-01 -3.225925417979759457e-03 -3.399544514192953670e-02 8.256795000000000107e-01
-4.281750535289465670e-02 1.253567029613031000e-02 -9.990042633570599406e-01 -2.706362500000000004e+00 3.729311496286303630e-03 9.999163203138228262e-01 1.238727596480342780e-02 1.826840000000000061e-02 9.990759498011745343e-01 -3.195205829245762776e-03 -4.286067181683284044e-02 8.249037999999999649e-01
-7.404556554241518984e-02 1.203932134102859638e-02 -9.971821844403114810e-01 -2.731197599999999781e+00 3.848633558933222364e-03 9.999231286826739673e-01 1.178663417527612070e-02 1.870820000000000122e-02 9.972474328085447759e-01 -2.965040826057441584e-03 -7.408620849838964961e-02 8.228691000000000200e-01
-1.045641503486546414e-01 1.212513438695121334e-02 -9.944442264792742181e-01 -2.755785700000000116e+00 5.355000308998326443e-03 9.999180440557707827e-01 1.162880661857555210e-02 1.894240000000000160e-02 9.945037267067199371e-01 -4.109292856437950572e-03 -1.046205107933690925e-01 8.203707999999999556e-01
-1.187364517970551647e-01 1.203620836189086066e-02 -9.928528514855137210e-01 -2.779141699999999826e+00 4.344078231289708221e-03 9.999232536076714251e-01 1.160240832624297863e-02 1.938650000000000095e-02 9.929163026151635041e-01 -2.935401662053436188e-03 -1.187796254334739787e-01 8.176681999999999562e-01
-1.450780451652333436e-01 1.249494890062927306e-02 -9.893413147458289814e-01 -2.801489600000000024e+00 6.354952124607142830e-03 9.999113987535327430e-01 1.169654762087683417e-02 1.968079999999999830e-02 9.893998056369976979e-01 -4.590304426086759537e-03 -1.451445958716596207e-01 8.143262000000000000e-01
-2.717236191095177000e-01 1.343860580905666471e-02 -9.622814965964660017e-01 -2.833260500000000182e+00 1.039943940799227876e-02 9.998851194534038589e-01 1.102721885389830458e-02 1.966899999999999898e-02 9.623191396195053260e-01 -7.010832301593120097e-03 -2.718321573184705464e-01 8.065841999999999734e-01
-4.075482951990579972e-01 1.435961299833700931e-02 -9.130707467632939167e-01 -2.853254100000000015e+00 1.199295399817741463e-02 9.998742904994463165e-01 1.037170442243502688e-02 1.969370000000000148e-02 9.131048987573875397e-01 -6.723445007341756312e-03 -4.076692766845377847e-01 7.972299999999999942e-01
-5.371038563292592771e-01 1.442289142861215116e-02 -8.433928074859758928e-01 -2.870296999999999876e+00 1.235657949771170293e-02 9.998810551099903687e-01 9.229874064638586909e-03 1.991230000000000083e-02 8.434256116927886238e-01 -5.464049319947922659e-03 -5.372181881746690424e-01 7.859439999999999760e-01
-5.631385125215159215e-01 1.286824558130973857e-02 -8.262623215242927976e-01 -2.895203099999999807e+00 1.058100088490547368e-02 9.999090626296274209e-01 8.361153713067670523e-03 2.024600000000000011e-02 8.262947767808581645e-01 -4.034194690271915643e-03 -5.632234611039147465e-01 7.685897000000000423e-01
-5.666428533857875705e-01 1.235363618725047498e-02 -8.238709027388733119e-01 -2.918416500000000191e+00 1.005769195995784120e-02 9.999168079717236646e-01 8.075888067432448331e-03 2.064679999999999988e-02 8.239021298305106988e-01 -3.710095496365819600e-03 -5.667199622848628771e-01 7.524992000000000347e-01
-5.741321957346644522e-01 1.258695873272159746e-02 -8.186658599763118049e-01 -2.933164099999999941e+00 1.013727705805760049e-02 9.999144643703009594e-01 8.264354596835049929e-03 2.069520000000000040e-02 8.186998579667285059e-01 -3.554210589542085210e-03 -5.742106844637637764e-01 7.419445000000000068e-01
-5.818108949743041602e-01 1.193650472356408421e-02 -8.132364984087862014e-01 -2.947039100000000023e+00 9.571352570247083913e-03 9.999235446154437490e-01 7.829057009803210704e-03 2.085750000000000104e-02 8.132677736755437037e-01 -3.228742583585219369e-03 -5.818806608937554525e-01 7.316909000000000329e-01
-5.899443180370652628e-01 1.177630839664724031e-02 -8.073580495519500078e-01 -2.960790600000000161e+00 1.026790043100771037e-02 9.999222030290972896e-01 7.082239065127832536e-03 2.106020000000000114e-02 8.073786421726306672e-01 -4.111745369519709953e-03 -5.900193401181822450e-01 7.218221999999999694e-01
-5.974758802940748348e-01 1.173417035042359502e-02 -8.018010237664995321e-01 -2.973539399999999944e+00 9.930693552395734175e-03 9.999245250868722401e-01 7.233633620897555322e-03 2.111359999999999973e-02 8.018253885930451963e-01 -3.640518641651691988e-03 -5.975473143037554058e-01 7.121574000000000515e-01
-6.208671455867464939e-01 1.195855436765016870e-02 -7.838245852921440493e-01 -2.998114300000000121e+00 1.095220911460586914e-02 9.999183718036281920e-01 6.580185794566608369e-03 2.128580000000000055e-02 7.838392926145484330e-01 -4.499189595585757588e-03 -6.209474379096087127e-01 6.931055999999999884e-01
-6.316523911148448356e-01 1.176858304294527841e-02 -7.751624070167885128e-01 -3.010319500000000037e+00 1.077425076332527709e-02 9.999214661042623575e-01 6.401339265461551860e-03 2.120819999999999997e-02 7.751768651858678139e-01 -4.308372902135559381e-03 -6.317295826566522443e-01 6.829553999999999903e-01
-6.388914755001275925e-01 1.239436501678588959e-02 -7.691970243371336613e-01 -3.023024299999999887e+00 1.108373438873055603e-02 9.999147259903552465e-01 6.905909037406943000e-03 2.136350000000000054e-02 7.692170261800438391e-01 -4.113449095776115262e-03 -6.389743705120468631e-01 6.723421000000000536e-01
-6.694511499894827411e-01 1.295607190226668627e-02 -7.427430901587861456e-01 -3.035520800000000019e+00 1.208880230075707989e-02 9.999055010060610149e-01 6.545984780861146927e-03 2.141689999999999913e-02 7.427577119335029288e-01 -4.596657337821810109e-03 -6.695445109211384249e-01 6.609583999999999460e-01
-7.276954079110456997e-01 1.369065181238551809e-02 -6.857637781030214708e-01 -3.047258100000000081e+00 1.359827545124660600e-02 9.998922350961640948e-01 5.532187555490755866e-03 2.136060000000000042e-02 6.857656160890031050e-01 -5.299457269299184987e-03 -7.278031571398423383e-01 6.476579000000000086e-01
-7.531200249030186589e-01 1.274259483528106772e-02 -6.577597238862691320e-01 -3.059304200000000140e+00 1.236532409021972277e-02 9.999099578570517233e-01 5.212958704306561164e-03 2.139220000000000010e-02 6.577669244118473646e-01 -4.207428570141391599e-03 -7.532097786769678116e-01 6.333398000000000083e-01
-7.706528567651426131e-01 1.298952921334185426e-02 -6.371227876089035069e-01 -3.072112100000000012e+00 1.252515071381015907e-02 9.999078497334373816e-01 5.235708266329066815e-03 2.138769999999999907e-02 6.371320859596701913e-01 -3.945145405369009789e-03 -7.707445367100629330e-01 6.174418000000000406e-01
-7.790780675114487019e-01 1.380062444793491577e-02 -6.267750054744312127e-01 -3.085550099999999851e+00 1.313659618377250107e-02 9.998975359011540442e-01 5.687489736699483101e-03 2.142669999999999991e-02 6.267892744482237433e-01 -3.802691631940368928e-03 -7.791795332097868343e-01 6.008018000000000525e-01
-7.864617780704254990e-01 1.442759127168066237e-02 -6.174704173030494125e-01 -3.098559900000000145e+00 1.404891704234953638e-02 9.998863519099381314e-01 5.469112740895746595e-03 2.152130000000000015e-02 6.174791490926976323e-01 -4.373542538123004718e-03 -7.865750902243378029e-01 5.842754000000000003e-01
-7.908427736722151158e-01 1.477505619799522607e-02 -6.118409965381392812e-01 -3.110782599999999842e+00 1.393732856711947174e-02 9.998840750315474146e-01 6.130853995881262349e-03 2.145210000000000172e-02 6.118606526022485337e-01 -3.678887420503735607e-03 -7.909570200614554070e-01 5.683177000000000367e-01
-7.974339015962019772e-01 1.432667623118987453e-02 -6.032362049257533609e-01 -3.122228600000000132e+00 1.370701982280291518e-02 9.998902188718196138e-01 5.627416107051709179e-03 2.172320000000000154e-02 6.032506031432012250e-01 -3.781078236598147541e-03 -7.975427344379312222e-01 5.529519999999999991e-01
-8.122442842417292308e-01 1.444984003238400892e-02 -5.831384268247801206e-01 -3.132951700000000006e+00 1.380267870539015305e-02 9.998893292246178177e-01 5.551158734867540565e-03 2.186839999999999964e-02 5.831541037986414100e-01 -3.539975392914397959e-03 -8.123538390363036488e-01 5.380483999999999822e-01
-8.182587056115513402e-01 1.447221334677958882e-02 -5.746679438873839585e-01 -3.142786500000000149e+00 1.427910613770800446e-02 9.998862906989222088e-01 4.848999923562880357e-03 2.200310000000000113e-02 5.746727745585450409e-01 -4.238008163741310147e-03 -8.183723122564615648e-01 5.238220999999999572e-01
-8.240203963412213728e-01 1.491404348748247462e-02 -5.663638033283107109e-01 -3.152037400000000211e+00 1.470255870448765843e-02 9.998797152905170016e-01 4.938594749090936993e-03 2.184559999999999974e-02 5.663693328396206539e-01 -4.257494264016802900e-03 -8.241405538871353631e-01 5.101567999999999659e-01
-8.291324183042987350e-01 1.492685167438060310e-02 -5.588529520508552784e-01 -3.161087799999999781e+00 1.473657902956108066e-02 9.998796824426008367e-01 4.842920295585715316e-03 2.200939999999999841e-02 5.588580017816421330e-01 -4.220158477466983381e-03 -8.292526298463298584e-01 4.963421000000000083e-01
-8.340867033383495555e-01 1.495859829193796862e-02 -5.514305138920985172e-01 -3.169828900000000171e+00 1.497863723877550755e-02 9.998778353127757423e-01 4.467088168695391992e-03 2.220389999999999864e-02 5.514299699332931848e-01 -4.533738785832417198e-03 -8.342088668145338781e-01 4.832062999999999775e-01
-8.457016304627223979e-01 1.554016734268164578e-02 -5.334297099259237562e-01 -3.177810899999999883e+00 1.579281765937690096e-02 9.998669177887730131e-01 4.090675000116421843e-03 2.213839999999999905e-02 5.334222896946390069e-01 -4.964867625662872617e-03 -8.458345056489413594e-01 4.703340999999999772e-01
-8.764926228189164892e-01 1.601241239298901650e-02 -4.811489216379614686e-01 -3.185530700000000159e+00 1.697643485920219755e-02 9.998531300486007689e-01 2.349253389271802224e-03 2.223139999999999838e-02 4.811158725333093966e-01 -6.109090060933166678e-03 -8.766357260659295436e-01 4.552494999999999736e-01
-8.905619046755943735e-01 1.498746386388263505e-02 -4.546150787946942051e-01 -3.194304699999999997e+00 1.557324558050516422e-02 9.998757126319771649e-01 2.456279867026762032e-03 2.217989999999999892e-02 4.545953892888339176e-01 -4.892362989874809651e-03 -8.906846225357819558e-01 4.375861999999999807e-01
-9.107793388759114483e-01 1.569655412448547546e-02 -4.125949758120863731e-01 -3.202533700000000039e+00 1.617581600313901594e-02 9.998664452250595192e-01 2.331242080012093168e-03 2.226929999999999882e-02 4.125764642504363700e-01 -4.550813292162782589e-03 -9.109116045176883780e-01 4.190039999999999876e-01
-9.182968475594136537e-01 1.473240497962685462e-02 -3.956183211201930727e-01 -3.210768199999999961e+00 1.554472794456641070e-02 9.998785092365610749e-01 1.152475597043991096e-03 2.237930000000000128e-02 3.955872358855545001e-01 -5.091464464044861971e-03 -9.184142942017174960e-01 3.997241999999999740e-01
-9.287421865427690770e-01 1.560585668807218038e-02 -3.703976352148962703e-01 -3.218851299999999860e+00 1.672351298290053120e-02 9.998601334653944850e-01 1.939589504143576087e-04 2.254979999999999832e-02 3.703488558768161520e-01 -6.014211801644601604e-03 -9.288732713385275952e-01 3.790847999999999995e-01
-9.364010866597751725e-01 1.582386067160661963e-02 -3.505746858172116287e-01 -3.232019199999999870e+00 1.676368359023241300e-02 9.998594169152950073e-01 3.540032385906228228e-04 2.249980000000000036e-02 3.505310026443847482e-01 -5.545434090487537729e-03 -9.365347106999661886e-01 3.450059999999999794e-01
-9.472379371460178943e-01 1.517333500564632329e-02 -3.201719230915838210e-01 -3.239678599999999964e+00 1.624461863384264390e-02 9.998678194791612572e-01 -6.752299078411514929e-04 2.257930000000000006e-02 3.201193571104341551e-01 -5.840674172889525305e-03 -9.473592157826978832e-01 3.217773999999999912e-01
-9.605412687231147384e-01 1.511854979716897342e-02 -2.777263050771758834e-01 -3.250818499999999833e+00 1.610634287102603174e-02 9.998694709332051067e-01 -1.275466610027229091e-03 2.255789999999999879e-02 2.776707705162915207e-01 -5.698293409685696934e-03 -9.606593947144362877e-01 2.847722999999999782e-01
-9.723142180672078583e-01 1.473623373352182797e-02 -2.332121453949292933e-01 -3.260402399999999812e+00 1.580606872220032683e-02 9.998713790733267937e-01 -2.719099401043452349e-03 2.271269999999999886e-02 2.331420801483586880e-01 -6.329986204936603397e-03 -9.724220800345608762e-01 2.453184999999999949e-01
-9.761855763186262358e-01 1.443303184331070146e-02 -2.164564810285963259e-01 -3.266442099999999904e+00 1.535435867062090454e-02 9.998787986363545377e-01 -2.575210153395939700e-03 2.266920000000000046e-02 2.163930781177785811e-01 -5.837433454027906796e-03 -9.762888712432321592e-01 2.187680999999999931e-01
