9.999999805979001843e-01 7.680161370886024602e-05 -1.813993147058675151e-04 3.121099999999999916e-03 -7.679838478889182245e-05 9.999999968924601079e-01 1.780696558584324833e-05 2.580000000000000031e-05 1.814006817458541510e-04 -1.779303406597949953e-05 9.999999833886001888e-01 -3.977600000000000406e-03
9.999360411285528327e-01 6.954848367921362450e-04 -1.128848763116102605e-02 3.045400000000000190e-03 -6.976928869758589448e-04 9.999997382445372507e-01 -1.916650530792071694e-04 -8.440000000000000507e-05 1.128835137619956311e-02 1.995286919236923917e-04 9.999362646246552355e-01 2.213549999999999893e-02
9.997558043390230020e-01 8.632439931875956173e-04 -2.208136092366994041e-02 2.236000000000000140e-03 -8.586507713037874138e-04 9.999996077075441470e-01 2.174939329577686568e-04 -2.149999999999999947e-04 2.208154001164981672e-02 -1.984806442945050468e-04 9.997561533674838019e-01 4.662879999999999803e-02
9.989537489462197994e-01 1.585127675975296765e-04 -4.573163390909154580e-02 1.170199999999999929e-03 -1.586042547980823334e-04 9.999999874210199202e-01 1.627990689834220217e-06 -2.693999999999999889e-04 4.573163359189154342e-02 5.626944313990740122e-06 9.989537615211999677e-01 7.092420000000000668e-02
9.982146000011663522e-01 1.629155757578190688e-03 -5.970727088076473177e-02 -3.653999999999999913e-04 -1.653777948931524659e-03 9.999985666350765801e-01 -3.629687148695304589e-04 -2.902000000000000066e-04 5.970659396588533230e-02 4.610632384999157805e-04 9.982158634572398936e-01 9.517249999999999321e-02
9.980147835211592433e-01 1.938912426063597698e-03 -6.295023821891039539e-02 -1.820900000000000079e-03 -1.958751502485645436e-03 9.999980495276351578e-01 -2.534432419617378696e-04 -1.348999999999999993e-04 6.294962403195923650e-02 3.762439759544646597e-04 9.980166347685320849e-01 1.196915999999999952e-01
9.974122505480316203e-01 1.314916897476980061e-03 -7.188235840777131014e-02 -3.420999999999999996e-03 -1.326972163144015272e-03 9.999991123775893165e-01 -1.199537900506071110e-04 1.889999999999999862e-05 7.188213687411358632e-02 2.150292683243958146e-04 9.974131100806851169e-01 1.437659000000000020e-01
9.954405933258623218e-01 3.000409915652796529e-04 -9.538309669149211412e-02 -5.500599999999999587e-03 -3.036696875491375330e-04 9.999999536155801394e-01 -2.352781969533743786e-05 5.390000000000000233e-05 9.538308520789215428e-02 5.238550196696519390e-05 9.954406382662821517e-01 1.675195999999999907e-01
9.939739772550956198e-01 6.227812130469255730e-04 -1.096145277016114528e-01 -8.144200000000000744e-03 -6.373160837550597129e-04 9.999997921546384116e-01 -9.756479508839710144e-05 -1.112999999999999949e-04 1.096144441572188821e-01 1.668359689315439915e-04 9.939741675706986745e-01 1.909363000000000032e-01
9.927510581290740488e-01 2.473644016973856126e-04 -1.201884994267616302e-01 -1.133149999999999956e-02 -3.451587922820394312e-04 9.999996261205073012e-01 -7.928582809681137015e-04 8.870000000000000117e-05 1.201882583658321346e-01 8.285950146858252598e-04 9.927507723398102391e-01 2.152253000000000083e-01
9.896338761605256718e-01 -5.754569936642589621e-04 -1.436121861289700874e-01 -1.488940000000000055e-02 4.829891936226684830e-04 9.999996530214344537e-01 -6.787329737953606791e-04 4.987999999999999812e-04 1.436125268802563304e-01 6.023340097622433649e-04 9.896338107182921506e-01 2.386593999999999938e-01
9.832674508215265563e-01 -1.424102855414810607e-03 -1.821622685574428857e-01 -1.893799999999999997e-02 1.398017152854781012e-03 9.999989858881728200e-01 -2.716075590998186240e-04 2.101999999999999865e-04 1.821624706216323775e-01 1.239689621369138850e-05 9.832684445985947486e-01 2.614821999999999980e-01
9.787676042545877531e-01 6.695040437685368555e-05 -2.049731015996443806e-01 -2.383489999999999914e-02 -2.549272885065313895e-04 9.999995708559313856e-01 -8.906739194577704749e-04 5.437999999999999909e-04 2.049729540056745014e-01 9.240160153272967752e-04 9.787672012897608020e-01 2.845921000000000145e-01
9.758291905431460966e-01 -6.118203061064633177e-04 -2.185337881422949602e-01 -2.867719999999999991e-02 4.751512328391508375e-04 9.999996573116133325e-01 -6.779439224257404698e-04 5.084999999999999460e-04 2.185341280331618008e-01 5.577208702015343592e-04 9.758291468449877826e-01 3.077738999999999892e-01
9.704688222714266121e-01 -1.254129140592023144e-03 -2.412233242437575587e-01 -3.472469999999999724e-02 1.170966185061241569e-03 9.999991952962434816e-01 -4.881035331996552576e-04 1.814999999999999936e-04 2.412237422753069904e-01 1.912249052732878211e-04 9.704695098743350012e-01 3.305026999999999826e-01
9.667299365196394545e-01 -3.591034506901725674e-04 -2.557989462086300847e-01 -4.066449999999999926e-02 1.462401326612998149e-04 9.999996270609471383e-01 -8.511708348657933028e-04 3.689000000000000222e-04 2.557991564695972775e-01 7.854442553290061444e-04 9.667296285036288683e-01 3.539801000000000197e-01
9.660809513078401078e-01 4.982048783127976301e-04 -2.582389345393873437e-01 -4.725410000000000027e-02 -6.753155088158430911e-04 9.999995936863651513e-01 -5.971399068054367328e-04 4.062000000000000072e-04 2.582385321153725655e-01 7.512782467049988495e-04 9.660808952214580136e-01 3.777544999999999931e-01
9.657268120521478316e-01 8.479503433312619506e-04 -2.595592523178684163e-01 -5.314830000000000249e-02 -9.758193362932898220e-04 9.999994577166484433e-01 -3.637898184412101453e-04 3.897999999999999881e-04 2.595588030875057295e-01 6.046045189458644845e-04 9.657271158009166356e-01 4.006755000000000178e-01
9.615702113077553292e-01 -2.424624362195962357e-04 -2.745590463589312469e-01 -6.575019999999999476e-02 -9.787196042830590759e-05 9.999992438346775314e-01 -1.225867510145916888e-03 7.179000000000000485e-04 2.745591359737243886e-01 1.205629312886795845e-03 9.615694604714325466e-01 4.465096000000000065e-01
9.512611189454011074e-01 -1.773812888012660845e-03 -3.083814799409682617e-01 -7.978319999999999856e-02 1.755579873425216434e-03 9.999984023251760057e-01 -3.365804563355720381e-04 1.077899999999999909e-03 3.083815842783928507e-01 -2.212124180125159137e-04 9.512627132096657112e-01 4.930331000000000019e-01
9.455737183026670101e-01 -9.038270073284552847e-04 -3.254067091379791998e-01 -9.601980000000000237e-02 6.336166339281206492e-04 9.999993608873279927e-01 -9.363519085592417104e-04 1.049299999999999972e-03 3.254073474665711840e-01 6.792066521145276488e-04 9.455736866543473784e-01 5.407435999999999909e-01
9.406344854659087762e-01 -5.365655074600725761e-04 -3.394207961362137316e-01 -1.126826999999999968e-01 3.101807524805621965e-04 9.999996918114375521e-01 -7.212246048927933167e-04 1.182000000000000108e-03 3.394210785148526477e-01 5.731269371756038053e-04 9.406343620054118393e-01 5.868792999999999926e-01
9.398411585421527770e-01 -9.246247978101723936e-04 -3.416105118100543625e-01 -1.280038000000000009e-01 7.082489092087486263e-04 9.999994618162688642e-01 -7.581231135217076375e-04 1.145699999999999930e-03 3.416110289402651268e-01 4.705700329661123863e-04 9.398413075994359600e-01 6.295448999999999629e-01
9.342608744494345085e-01 -1.238008402893124539e-03 -3.565881178729491952e-01 -1.442905999999999911e-01 8.067345606525502420e-04 9.999987522796852657e-01 -1.358167302404659875e-03 1.230600000000000097e-03 3.565893543732434612e-01 9.812106129870536327e-04 9.342607074973271475e-01 6.734755999999999521e-01
9.301633997977460933e-01 -2.778577189975095073e-03 -3.671353009252826816e-01 -1.629945999999999895e-01 1.958483817931083986e-03 9.999946858437575026e-01 -2.606266559588782741e-03 1.487899999999999900e-03 3.671405916237449052e-01 1.705225217992851735e-03 9.301638985625718670e-01 7.223195000000000032e-01
9.268509155058498594e-01 -2.023950343525760844e-03 -3.754241388762515341e-01 -1.848452999999999902e-01 1.168023260973940179e-03 9.999961741879743737e-01 -2.507455099515235909e-03 1.247899999999999921e-03 3.754277775386763438e-01 1.885532927636935675e-03 9.268497335695515815e-01 7.772932999999999648e-01
9.265269953158448146e-01 -1.901762631078422793e-03 -3.762234844475923490e-01 -2.088510000000000089e-01 9.589944145520668418e-04 9.999959136683529426e-01 -2.693135033539181562e-03 1.154599999999999984e-03 3.762270687772286681e-01 2.134466090396337345e-03 9.265250329990029066e-01 8.366350999999999649e-01
9.266322664926134323e-01 -1.031697728592873790e-03 -3.759675229252641415e-01 -2.358889999999999876e-01 3.596572599335433199e-04 9.999982098415876042e-01 -1.857676041599472076e-03 1.099699999999999896e-03 3.759687664439927968e-01 1.586163111717042978e-03 9.266309787316444613e-01 9.020105000000000484e-01
9.263908094830969331e-01 -5.592980101087488640e-04 -3.765630827510689227e-01 -2.637905999999999862e-01 -1.019540418372908677e-04 9.999984878016821011e-01 -1.736087475465900032e-03 8.970000000000000109e-04 3.765634843032789614e-01 1.646687610023503043e-03 9.263893515737803286e-01 9.724770000000000358e-01
9.268567844363115871e-01 1.050127737632790877e-03 -3.754136363747529459e-01 -2.949458999999999831e-01 -1.558815186744302601e-03 9.999982324296559089e-01 -1.051300517129300123e-03 1.066600000000000013e-03 3.754118688049088992e-01 1.559605494474562790e-03 9.268567831068117435e-01 1.047495400000000076e+00
9.274668289850147573e-01 3.854258806063789664e-03 -3.738855785150549949e-01 -3.241036999999999946e-01 -3.911767946605242130e-03 9.999921660041923843e-01 6.049808060306536509e-04 6.097999999999999688e-04 3.738849812495995684e-01 9.014539919671008851e-04 9.274746401798201756e-01 1.118699000000000110e+00
9.275573744079568250e-01 3.693084137979084011e-03 -3.736625192750366864e-01 -3.547009999999999885e-01 -3.955710582559952837e-03 9.999921740995875163e-01 6.397942838823897707e-05 1.065699999999999937e-03 3.736598313107850622e-01 1.418756191190358217e-03 9.275647242083248090e-01 1.194548399999999955e+00
9.278059602438354370e-01 4.129791444087594667e-03 -3.730402725693871546e-01 -3.858809999999999740e-01 -3.922028125843171099e-03 9.999914430452236935e-01 1.315876784205419463e-03 -5.691000000000000095e-04 3.730425147773299144e-01 2.421961177570600404e-04 9.278142182083900513e-01 1.272540999999999922e+00
9.277773913822101592e-01 3.837248361397588205e-03 -3.731144429863769707e-01 -4.182446000000000219e-01 -4.246320391609999245e-03 9.999909466606626829e-01 -2.745174740359735072e-04 3.333000000000000242e-04 3.731100116629855190e-01 1.839054573607188346e-03 9.277852860846210747e-01 1.354500800000000060e+00
9.280328504178098070e-01 4.637424086883412157e-03 -3.724694925000350265e-01 -4.486644000000000188e-01 -4.692051492497830746e-03 9.999887036319933253e-01 7.597770707204897942e-04 1.977000000000000079e-04 3.724688083560648844e-01 1.042547957571868158e-03 9.280441260498173417e-01 1.429159999999999986e+00
9.282605144033651001e-01 6.009950468148377717e-03 -3.718821021439058239e-01 -4.758682000000000190e-01 -6.023054755785475778e-03 9.999812268842104279e-01 1.126361646211196084e-03 -9.900000000000000081e-06 3.718818901358451612e-01 1.194309222793125047e-03 9.282792863219945234e-01 1.497544599999999893e+00
9.273366316892254213e-01 2.628538655093384628e-03 -3.742190031409690643e-01 -5.027466999999999908e-01 -2.170629676017451527e-03 9.999962910135388183e-01 1.645091479345572134e-03 -6.637000000000000321e-04 3.742219393542975392e-01 -7.132627177295124219e-04 9.273388977942227385e-01 1.565915500000000016e+00
9.272013558493196195e-01 1.759491470137903614e-03 -3.745591407253998639e-01 -5.307526999999999662e-01 -9.521663943264599981e-04 9.999968078380008230e-01 2.340447172226749195e-03 -1.098400000000000027e-03 3.745620630687802599e-01 -1.813423164895826799e-03 9.272000714010347755e-01 1.635385000000000089e+00
9.276684679700614167e-01 2.282400876323962147e-03 -3.733979166791356330e-01 -5.577495999999999565e-01 -1.307661502525197562e-03 9.999950445051999370e-01 2.863736446998392266e-03 -1.532900000000000018e-03 3.734026025022773587e-01 -2.168319921692609103e-03 9.276668555215517031e-01 1.699860200000000043e+00
9.230613653832088206e-01 6.365735813023186505e-04 -3.846521942105125547e-01 -5.817170000000000396e-01 1.269239732902413152e-03 9.999881459393332728e-01 4.700745825415523355e-03 -1.638600000000000039e-03 3.846506268906716430e-01 -4.827292708167549296e-03 9.230496153933021031e-01 1.759565000000000046e+00
9.189206772318840866e-01 7.864311685676188268e-05 -3.944423693912149087e-01 -6.055776999999999965e-01 1.893884768463344366e-03 9.999875735448994218e-01 4.611502604156094906e-03 -1.106900000000000071e-03 3.944378305337601365e-01 -4.984633491494330076e-03 9.189091093643463326e-01 1.815425499999999914e+00
9.183484837811815016e-01 -1.247446995590698353e-04 -3.957727211109490773e-01 -6.278960000000000097e-01 1.884143122992037143e-03 9.999899962852187851e-01 4.056764003519356711e-03 -1.107499999999999978e-03 3.957682558537221063e-01 -4.471215522439116012e-03 9.183395319217477759e-01 1.868470899999999935e+00
9.185821772879655400e-01 7.838776814175378365e-05 -3.952300310252986337e-01 -6.503364000000000367e-01 8.356856894622599272e-04 9.999973597046427631e-01 2.140610467111433123e-03 -2.010000000000000068e-05 3.952291552989596335e-01 -2.296614704578195908e-03 9.185796864521714733e-01 1.918437799999999971e+00
9.182036430903126600e-01 -7.520109349136011850e-04 -3.961079452563803782e-01 -6.730332999999999455e-01 1.708082990637809937e-03 9.999964174565831865e-01 2.060952812683595776e-03 5.638000000000000433e-04 3.961049763234172350e-01 -2.568959624592220391e-03 9.182016380829824964e-01 1.971473899999999890e+00
9.185812326412238216e-01 -4.487791578122513926e-04 -3.952319795216442389e-01 -6.963508999999999949e-01 2.226243871805394080e-03 9.999893664357543122e-01 4.038669786196567857e-03 -1.845000000000000123e-04 3.952259643261727406e-01 -4.589729042786885871e-03 9.185724639405214997e-01 2.025106899999999932e+00
9.184553995764025425e-01 -1.780166318992072033e-03 -3.955205557197091215e-01 -7.198004999999999542e-01 2.694129221202859817e-03 9.999948301785742677e-01 1.755358614059621776e-03 1.137999999999999906e-03 3.955153861187833408e-01 -2.677802084026872226e-03 9.184554473240977845e-01 2.081961199999999845e+00
9.186732487010935699e-01 -1.173891918152141813e-03 -3.950165618031010739e-01 -7.576367999999999991e-01 2.178591920881423755e-03 9.999954325161217739e-01 2.094918646836001729e-03 9.619999999999999645e-04 3.950122983632546880e-01 -2.785125609211922502e-03 9.186716101072895935e-01 2.167181999999999942e+00
9.180622635682070820e-01 -2.341542503996390037e-03 -3.964293094496443293e-01 -7.819004000000000509e-01 3.752444269208418323e-03 9.999890855884798757e-01 2.783498863383819868e-03 1.021599999999999895e-03 3.964184649761239299e-01 -4.043004157548249836e-03 9.180610299666115415e-01 2.225326499999999985e+00
9.176538983938337113e-01 -3.841387936844258347e-03 -3.973620093835318889e-01 -8.212633999999999768e-01 5.027777807531354920e-03 9.999854712667102241e-01 1.943889352165383087e-03 1.041299999999999995e-03 3.973487689837700843e-01 -3.781665534395415532e-03 9.176598796901106470e-01 2.318863400000000130e+00
9.175584703036794298e-01 -3.788282733309546787e-03 -3.975828246892768592e-01 -8.359927999999999804e-01 4.851929299672895490e-03 9.999868359771580950e-01 1.669327548238659078e-03 1.531100000000000082e-03 3.975712670151638761e-01 -3.460749387754270476e-03 9.175647720230067916e-01 2.353082699999999861e+00
9.174648522260550054e-01 -2.882937203896828587e-03 -3.978064021642955250e-01 -8.653288000000000091e-01 4.228023280592402636e-03 9.999879264942693746e-01 2.504133548830203039e-03 1.628899999999999966e-03 3.977943799866479058e-01 -3.979389245851155249e-03 9.174659643345186577e-01 2.420568499999999901e+00
9.175239823618241974e-01 -3.037689642873909589e-03 -3.976688499650590791e-01 -8.798127999999999505e-01 4.339321585084941583e-03 9.999877688426691558e-01 2.373279006300639104e-03 2.140899999999999834e-03 3.976567767297324862e-01 -3.903153429485960602e-03 9.175259414938771174e-01 2.453307899999999986e+00
9.171936550860502191e-01 -3.833188946103873156e-03 -3.984232745867076209e-01 -9.073733999999999966e-01 5.480187682000127458e-03 9.999804985577830374e-01 2.995003689124146190e-03 2.510500000000000145e-03 3.984040243432057093e-01 -4.930432702236210371e-03 9.171967750818289522e-01 2.517359700000000089e+00
9.167303104762117849e-01 -5.242832137963788185e-03 -3.994722150104578762e-01 -9.354080000000000172e-01 5.773220150547589934e-03 9.999833270732823021e-01 1.245172369496430533e-04 3.887700000000000010e-03 3.994649018165196686e-01 -2.420389766570741133e-03 9.167452939230701370e-01 2.581798299999999990e+00
9.170552369934410475e-01 -3.975054528188823842e-03 -3.987403807546980872e-01 -9.627025000000000166e-01 4.463129966054445348e-03 9.999899964554822551e-01 2.957361503630653171e-04 3.399600000000000018e-03 3.987352163702245766e-01 -2.050836527480981528e-03 9.170638043755340307e-01 2.644505999999999801e+00
9.174583177230087871e-01 -2.925521320075039761e-03 -3.978211615360253695e-01 -9.922539999999999694e-01 4.207360560147706263e-03 9.999883894489001168e-01 2.349273187978356651e-03 2.848900000000000130e-03 3.978096697643025981e-01 -3.829137291953216629e-03 9.174599742493488863e-01 2.710243000000000180e+00
9.174196607675917381e-01 -3.604274491940629918e-03 -3.979047313647625095e-01 -1.019659799999999894e+00 5.340710444562928386e-03 9.999804383387628226e-01 3.255725996324673917e-03 2.992400000000000095e-03 3.978852131570415618e-01 -5.111960993841205107e-03 9.174209639013994888e-01 2.774255999999999833e+00
9.172002908387167919e-01 -3.331149973523293058e-03 -3.984125122598778379e-01 -1.032523199999999974e+00 5.192708391370126284e-03 9.999800612978085868e-01 3.593436571478595548e-03 2.949799999999999818e-03 3.983925981553065876e-01 -5.364741064109369850e-03 9.171993007456882285e-01 2.805236600000000191e+00
9.176846232846034290e-01 -4.246854213137833331e-03 -3.972869195132001652e-01 -1.070698300000000103e+00 5.759035053496853671e-03 9.999800020291835789e-01 2.613246442022297729e-03 3.452100000000000047e-03 3.972678765043157201e-01 -4.686125372469365433e-03 9.176907292365688029e-01 2.890573299999999790e+00
9.175344515356759212e-01 -3.566249158227239105e-03 -3.976403049391092903e-01 -1.095425499999999941e+00 5.618303304595647155e-03 9.999762345330458491e-01 3.995627245924730092e-03 3.112699999999999929e-03 3.976166054292802343e-01 -5.900189492910368899e-03 9.175326821704193891e-01 2.945955999999999797e+00
9.177384384281633833e-01 -3.489738568266584004e-03 -3.971699640659667185e-01 -1.129553900000000111e+00 5.488884682116616093e-03 9.999773432020029329e-01 3.896822758369837287e-03 3.375799999999999981e-03 3.971473665736467984e-01 -5.756284165056154908e-03 9.177368001863216440e-01 3.024737599999999915e+00
9.176470606247111306e-01 -4.269930386633494224e-03 -3.973734261640065601e-01 -1.159808399999999962e+00 6.453392721098929335e-03 9.999705334769903864e-01 4.157631552996585329e-03 3.075099999999999882e-03 3.973439641534965427e-01 -6.379645149732811847e-03 9.176475762941611602e-01 3.093979399999999824e+00
9.143913621711950990e-01 -4.194879728496992213e-03 -4.048096339895701501e-01 -1.187122299999999964e+00 6.259490216165179005e-03 9.999732771942914100e-01 3.776728682684716513e-03 3.299799999999999869e-03 4.047829734177810224e-01 -5.987310028078222934e-03 9.143931848771007509e-01 3.155456099999999875e+00
9.115545889125824530e-01 -4.022969048292743439e-03 -4.111593938516416302e-01 -1.205404499999999990e+00 5.847246551293159948e-03 9.999778505924032945e-01 3.179313190870901567e-03 3.616700000000000036e-03 4.111374966360782923e-01 -5.302267876459472104e-03 9.115579218103395664e-01 3.195493499999999987e+00
9.083233983121149491e-01 -3.648199872018097027e-03 -4.182526685108234887e-01 -1.231272799999999945e+00 5.887014165422929136e-03 9.999744187204667734e-01 4.062630783208415024e-03 3.220999999999999905e-03 4.182271477832914530e-01 -6.152441983340435801e-03 9.083216392416810780e-01 3.252366799999999891e+00
9.051880776956585661e-01 -4.149541516687447681e-03 -4.249909708486047100e-01 -1.247521300000000055e+00 6.597056421136711021e-03 9.999690474652608296e-01 4.287535188807935736e-03 3.611699999999999806e-03 4.249600249955454156e-01 -6.684715148771460357e-03 9.051874345897457097e-01 3.288571399999999922e+00
8.880578950574358199e-01 -4.549694030631664700e-03 -4.597091203254335401e-01 -1.273703000000000030e+00 6.866315708385682150e-03 9.999707559998235462e-01 3.367618406861775347e-03 3.454200000000000152e-03 4.596803549584744797e-01 -6.147148067933031444e-03 8.880631643277868692e-01 3.339497300000000113e+00
8.669520373835943872e-01 -4.947372004786209851e-03 -4.983670217687773407e-01 -1.302231899999999998e+00 7.253335399034938416e-03 9.999700735672695240e-01 2.690928363737867500e-03 3.317699999999999816e-03 4.983387943979715740e-01 -5.947728988102934759e-03 8.669619775502616088e-01 3.390524600000000000e+00
8.616168421462108151e-01 -4.618094200375302827e-03 -5.075382650953010888e-01 -1.322379900000000053e+00 7.393423661797760352e-03 9.999667076529139553e-01 3.452661632552788459e-03 3.183500000000000132e-03 5.075054232385589614e-01 -6.727316831262897603e-03 8.616223004261803764e-01 3.425161600000000028e+00
8.583819038651775424e-01 -3.725060724259959821e-03 -5.129976910663377465e-01 -1.342035099999999925e+00 6.376668868313187244e-03 9.999738590969481367e-01 3.408697243952412553e-03 3.599100000000000042e-03 5.129715832392053310e-01 -6.197180436103117210e-03 8.583832184658000131e-01 3.458889500000000172e+00
8.438786015453292322e-01 -4.765580946230507306e-03 -5.365129962005995568e-01 -1.362160299999999991e+00 7.862610490318257261e-03 9.999630167958277749e-01 3.484881183733650259e-03 3.211100000000000152e-03 5.364765467475508531e-01 -7.159209371999696384e-03 8.438848621174519504e-01 3.490320899999999948e+00
8.205018510115100749e-01 -5.418555930702758164e-03 -5.716181870254930519e-01 -1.394180100000000033e+00 8.779481284473311664e-03 9.999565823205754933e-01 3.123168604103960383e-03 2.908599999999999901e-03 5.715764456265333138e-01 -7.581076795543215466e-03 8.205137988355580836e-01 3.537212100000000081e+00
8.122278146179944258e-01 -4.075705163665374435e-03 -5.833261230120725394e-01 -1.414973500000000106e+00 7.338675736619931951e-03 9.999678496405787209e-01 3.231644106270251376e-03 3.190699999999999873e-03 5.832941976389869332e-01 -6.905672495544279074e-03 8.122316114804167819e-01 3.566989400000000199e+00
7.964954670120387714e-01 -4.806950099752980987e-03 -6.046253916765427228e-01 -1.435798300000000083e+00 8.561700106800707380e-03 9.999578076804935822e-01 3.328685942255993346e-03 3.191499999999999893e-03 6.045838803016132523e-01 -7.827904544605071221e-03 7.965030166859916605e-01 3.594331700000000129e+00
7.118667882709291961e-01 -5.708301265627809505e-03 -7.022913149494964813e-01 -1.469673000000000007e+00 1.077843270821797136e-02 9.999379969682121727e-01 2.797786188046163299e-03 2.503899999999999876e-03 7.022318001523331077e-01 -9.561250747702249378e-03 7.118841769128971819e-01 3.631608200000000064e+00
6.027652981392415121e-01 -5.738165492318579065e-03 -7.978979062611294415e-01 -1.496768700000000063e+00 1.191969605884271588e-02 9.999273132926410623e-01 1.813553755837574687e-03 2.498799999999999806e-03 7.978295032179344437e-01 -1.060384779894861518e-02 6.027898823030131137e-01 3.651866399999999846e+00
4.790408417455493950e-01 -4.441199860685822801e-03 -8.777813780683165756e-01 -1.524953800000000026e+00 1.065811775310418659e-02 9.999429138961309915e-01 7.572812394855844148e-04 2.561499999999999975e-03 8.777279057120586092e-01 -9.718265931335470786e-03 4.790608300013802223e-01 3.666524900000000198e+00
4.583973431514622998e-01 -4.097309215243890787e-03 -8.887379185389105984e-01 -1.553888600000000064e+00 8.360828751385171800e-03 9.999650033439695385e-01 -2.977077172292715533e-04 2.826599999999999859e-03 8.887080354842475938e-01 -7.294117115152751185e-03 4.584155576780089003e-01 3.680515300000000156e+00
4.488063282582478442e-01 -4.146428977143904598e-03 -8.936194306538368659e-01 -1.580960200000000038e+00 7.663672564231593584e-03 9.999703208263369669e-01 -7.909420339202001896e-04 2.984800000000000127e-03 8.935961883525344041e-01 -6.493426923457230882e-03 4.488247849312820836e-01 3.693579199999999840e+00
4.480848067032269788e-01 -3.580091028959429128e-03 -8.939838862921165585e-01 -1.606437700000000079e+00 7.496986889736375476e-03 9.999718667238297609e-01 -2.468773669300002201e-04 2.838799999999999830e-03 8.939596194399983542e-01 -6.591563477927341735e-03 4.480990405051205050e-01 3.706399699999999964e+00
4.397805595646136489e-01 -3.636626106111394852e-03 -8.980978979930859252e-01 -1.631548900000000080e+00 7.798594669767367274e-03 9.999695639749959231e-01 -2.303146399102087155e-04 2.740999999999999947e-03 8.980714010312386142e-01 -6.902613579002523161e-03 4.397955349654735224e-01 3.718581900000000218e+00
4.313939597390757386e-01 -3.833988658961310844e-03 -9.021555032429851018e-01 -1.655753899999999890e+00 7.176028652288527973e-03 9.999739171956200101e-01 -8.182549899875620099e-04 2.962100000000000063e-03 9.021351096778256196e-01 -6.120903479884445136e-03 4.314102205872824003e-01 3.729830699999999943e+00
4.226827002496511554e-01 -3.943695645029146081e-03 -9.062691554799395810e-01 -1.679137899999999961e+00 7.290176444801249427e-03 9.999729737877190994e-01 -9.513262055486138881e-04 2.790799999999999965e-03 9.062484141983737640e-01 -6.204752920550234141e-03 4.227000269743635963e-01 3.740641600000000011e+00
4.141439121806528290e-01 -3.909911641201723950e-03 -9.102030172410228159e-01 -1.701905400000000013e+00 6.859337643011996152e-03 9.999757846857592058e-01 -1.174533609280031549e-03 2.980000000000000010e-03 9.101855687115693039e-01 -5.756963875009549550e-03 4.141607029597798029e-01 3.750872399999999995e+00
3.869060277013030014e-01 -4.389340607138707620e-03 -9.221087026036751677e-01 -1.745965500000000059e+00 7.731644466704426163e-03 9.999689614446783947e-01 -1.515856553776447763e-03 2.748700000000000188e-03 9.220867352924231319e-01 -6.542922610399069458e-03 3.869279555181756036e-01 3.769959899999999919e+00
3.743288409443192299e-01 -4.655879398348207639e-03 -9.272843369885588327e-01 -1.769066299999999980e+00 7.670979286291735623e-03 9.999687263087466693e-01 -1.924183268815356142e-03 2.567100000000000111e-03 9.272642961497397085e-01 -6.392901648761894345e-03 3.743528494541444873e-01 3.778892299999999871e+00
3.656257612848485272e-01 -4.192822866143143014e-03 -9.307525035804568025e-01 -1.792754500000000029e+00 7.829851991329949204e-03 9.999683254183658887e-01 -1.428837913451106063e-03 2.527000000000000166e-03 9.307290132485764866e-01 -6.765234393736560027e-03 3.656470094242929569e-01 3.788215399999999899e+00
3.272495976687637698e-01 -4.452590282635616493e-03 -9.449274444450260768e-01 -1.817462099999999969e+00 8.733656288328079526e-03 9.999604374354148506e-01 -1.687249777308282017e-03 2.394799999999999880e-03 9.448975733239398656e-01 -7.700519706400234601e-03 3.272755382285418291e-01 3.796903100000000197e+00
2.493342957334429011e-01 -4.961539607896846629e-03 -9.684047666631072637e-01 -1.844242200000000054e+00 9.191856959087038939e-03 9.999539545108516725e-01 -2.756560130533541788e-03 2.403499999999999821e-03 9.683738527742018487e-01 -8.214133114871874364e-03 2.493684207762070226e-01 3.802891300000000196e+00
2.127310329354127616e-01 -4.440075090553544622e-03 -9.771007078901450260e-01 -1.872976299999999927e+00 7.622202401165247519e-03 9.999667902888246251e-01 -2.884501693776687827e-03 2.198400000000000094e-03 9.770810660619659860e-01 -6.834036337039463976e-03 2.127578113502675006e-01 3.808509799999999945e+00
1.859129272756305795e-01 -4.376071114743411428e-03 -9.825564785158178438e-01 -1.903904199999999935e+00 7.276111376286592200e-03 9.999687950100301093e-01 -3.076883070279955775e-03 2.090400000000000071e-03 9.825392825098882010e-01 -6.577158032692457731e-03 1.859389666454210888e-01 3.814068600000000142e+00
1.731155455818773614e-01 -4.279842798833931143e-03 -9.848922229480270296e-01 -1.936454300000000073e+00 7.926581639831970644e-03 9.999642266400420310e-01 -2.952074472265935404e-03 1.946299999999999983e-03 9.848696244586874204e-01 -7.295778628768477547e-03 1.731432771805015980e-01 3.819788700000000148e+00
1.618550839980629763e-01 -3.884497110894956189e-03 -9.868068921861942178e-01 -1.968947500000000073e+00 8.470809445497929496e-03 9.999608785706308733e-01 -2.546903137162855827e-03 1.694900000000000052e-03 9.867781803279386255e-01 -7.946823922012848443e-03 1.618816568306442605e-01 3.825053200000000153e+00
1.544834588043476342e-01 -3.207154577197870483e-03 -9.879901695438894071e-01 -2.000285100000000149e+00 8.713196610834125777e-03 9.999602653306748357e-01 -1.883604158881893413e-03 1.395699999999999935e-03 9.879569530909059205e-01 -8.317566911324920237e-03 1.545052650235883007e-01 3.829900499999999930e+00
1.270793525074813968e-01 -3.434861033543957099e-03 -9.918866063698811297e-01 -2.044581899999999841e+00 9.310045197620627627e-03 9.999540840108660511e-01 -2.270006257281203914e-03 1.658699999999999931e-03 9.918488600712799252e-01 -8.946038210854906358e-03 1.271054962447824010e-01 3.836237899999999978e+00
1.108632604057112336e-01 -3.590610875559318779e-03 -9.938291830117264025e-01 -2.072191999999999812e+00 9.663855537887905064e-03 9.999500913344963049e-01 -2.534706348940463181e-03 1.636800000000000104e-03 9.937886834676464831e-01 -9.323215843947890019e-03 1.108924265131251419e-01 3.839197899999999830e+00
1.014260643099619552e-01 -4.001936119705663125e-03 -9.948350305381714609e-01 -2.098804200000000009e+00 8.549620417107833478e-03 9.999584870801589975e-01 -3.150889887447225549e-03 1.773199999999999950e-03 9.948063416913435208e-01 -8.185879528385418824e-03 1.014560688526414678e-01 3.841711500000000168e+00
9.205410943622123476e-02 -3.684547202118146694e-03 -9.957471893245892769e-01 -2.124864300000000039e+00 8.892994754691374917e-03 9.999563149574034471e-01 -2.877989072805112701e-03 1.657099999999999893e-03 9.957142941527941105e-01 -8.590243810598002794e-03 9.208285470747112900e-02 3.844094999999999818e+00
8.331005450764118747e-02 -3.549236107738675938e-03 -9.965173544605159250e-01 -2.149543500000000051e+00 9.053502456574208726e-03 9.999550831576168308e-01 -2.804596318977923847e-03 1.450200000000000013e-03 9.964825482220964759e-01 -8.788321244421130884e-03 8.333844550087432523e-02 3.845784200000000208e+00
7.409851877928010089e-02 -3.483663654279533020e-03 -9.972448413515409005e-01 -2.173202499999999926e+00 8.965714548889286081e-03 9.999558111754777157e-01 -2.826952249345648926e-03 1.257300000000000041e-03 9.972106224250441020e-01 -8.731539608574034883e-03 7.412647798674498745e-02 3.847579500000000152e+00
3.399623145607826025e-02 -3.982197728010986384e-03 -9.994140274921298195e-01 -2.198088400000000053e+00 9.787950839759565827e-03 9.999454302813056694e-01 -3.651366578803336496e-03 1.201900000000000104e-03 9.993740302134846987e-01 -9.658082666315095238e-03 3.403335384688699339e-02 3.847999300000000122e+00
-2.197748871321273181e-02 -4.611691488735809863e-03 -9.997478293507185976e-01 -2.227409800000000217e+00 8.874011344342819241e-03 9.999490676868996175e-01 -4.807697448969453294e-03 1.257000000000000088e-03 9.997190814986584018e-01 -8.977434695561651093e-03 -2.193544514628875675e-02 3.846411499999999872e+00
-5.017530384007058697e-02 -4.171095281098554687e-03 -9.987317161523974196e-01 -2.259313800000000150e+00 8.893838444463484511e-03 9.999497624921891425e-01 -4.623000058223556558e-03 1.160599999999999913e-03 9.987008253337337216e-01 -9.114518965395213695e-03 -5.013568611028540456e-02 3.844963599999999815e+00
-9.489153356080666513e-02 -3.931207224013682534e-03 -9.954798553804290462e-01 -2.291205199999999831e+00 8.188784453326332369e-03 9.999552870298933360e-01 -4.729455586058441824e-03 1.001099999999999993e-03 9.954539369893792289e-01 -8.600555256807614415e-03 -9.485509886990439732e-02 3.841294500000000056e+00
-1.045059754555578146e-01 -4.548829072425525540e-03 -9.945138557346260288e-01 -2.324617899999999793e+00 8.489452642486607081e-03 9.999490259124106384e-01 -5.465781796961972396e-03 9.305999999999999602e-04 9.944880242053766306e-01 -9.014085138874606065e-03 -1.044620312898222325e-01 3.837751200000000029e+00
-1.349561116953163775e-01 -5.491186246003695176e-03 -9.908363612573436452e-01 -2.360787600000000097e+00 8.394979712007718739e-03 9.999424153287974626e-01 -6.685083548142488515e-03 7.426000000000000526e-04 9.908160133100980538e-01 -9.220244032690588787e-03 -1.349022418948675472e-01 3.832737199999999955e+00
-1.447619379351632318e-01 -4.963728281119208358e-03 -9.894540629694779099e-01 -2.398662100000000130e+00 8.355152519095094404e-03 9.999456331717715418e-01 -6.238760060106864243e-03 4.033999999999999934e-04 9.894312370001459023e-01 -9.170174603361870569e-03 -1.447125949808973910e-01 3.827246000000000148e+00
-1.769774525344786908e-01 -5.387919207169526888e-03 -9.842001583118261676e-01 -2.437120399999999965e+00 7.394689502550808556e-03 9.999495118890840972e-01 -6.803840088014157829e-03 3.645000000000000236e-04 9.841871264457625612e-01 -8.481980865306010947e-03 -1.769286752876236823e-01 3.820333699999999943e+00
-2.212676033004238041e-01 -4.696800166206352607e-03 -9.752018190087035077e-01 -2.495592400000000044e+00 8.098763251442530134e-03 9.999450687669361182e-01 -6.653531579875053212e-03 -2.924000000000000058e-04 9.751795002785295097e-01 -9.370139640690238261e-03 -2.212174105255519940e-01 3.808028199999999863e+00
-2.660621355803955979e-01 -5.512630773350004829e-03 -9.639401179079307713e-01 -2.557876799999999839e+00 7.170692965042028272e-03 9.999446613281408602e-01 -7.697755760657826359e-03 -1.913999999999999903e-04 9.639292096273459620e-01 -8.960199959061098188e-03 -2.660078826724752155e-01 3.791444499999999884e+00
-2.830971789089770652e-01 -5.382839280934346472e-03 -9.590761243692045301e-01 -2.599671400000000077e+00 6.951741604958867719e-03 9.999464650841511926e-01 -7.664219097090952358e-03 -6.193000000000000371e-04 9.590660355692073313e-01 -8.836968201026862424e-03 -2.830446032175450988e-01 3.779529999999999834e+00
-2.975537436244761191e-01 -5.196807339426371894e-03 -9.546909252991441219e-01 -2.641021299999999794e+00 5.728406755904804151e-03 9.999574653206619868e-01 -7.228617123341175496e-03 -1.051899999999999927e-03 9.546878835572901734e-01 -7.619760032562787264e-03 -2.975113178451329610e-01 3.766626599999999936e+00
-3.392010255878776248e-01 -4.553662479540952941e-03 -9.407028906079508701e-01 -2.699299799999999916e+00 6.427844698335850350e-03 9.999537200882947507e-01 -7.158246581007872943e-03 -1.840099999999999895e-03 9.406919512001077344e-01 -8.474776669792315198e-03 -3.391560571591358819e-01 3.746327400000000196e+00
-3.416346720010564053e-01 -5.248500711611065773e-03 -9.398181760995106826e-01 -2.754315599999999975e+00 5.777260219569014220e-03 9.999537853029009105e-01 -7.684433795365309267e-03 -2.529500000000000064e-03 9.398150744434173864e-01 -8.054843181601070018e-03 -3.415885615037977940e-01 3.726517400000000091e+00
-3.419557126333583330e-01 -6.751304238554413709e-03 -9.396918167614799478e-01 -2.817551599999999823e+00 5.560311305412006522e-03 9.999421499692028314e-01 -9.207586717228981310e-03 -2.824500000000000188e-03 9.396996187801712752e-01 -8.373565909865484519e-03 -3.418983911315672808e-01 3.704262700000000130e+00
-3.408373888605097934e-01 -5.620582063312655301e-03 -9.401054639837064242e-01 -2.889743600000000079e+00 6.208462357834169075e-03 9.999468658376935437e-01 -8.229246412942977512e-03 -2.808000000000000166e-03 9.401017654221811570e-01 -8.641444245214263686e-03 -3.407843835792008225e-01 3.676620699999999964e+00
-3.403389605612340274e-01 -5.797427935992349561e-03 -9.402849471056238251e-01 -2.963162399999999863e+00 6.427766490547910140e-03 9.999432849057600103e-01 -8.491807217612596867e-03 -3.324099999999999971e-03 9.402808493966268166e-01 -8.934024916300799604e-03 -3.402823936919938674e-01 3.650153599999999887e+00
-3.405453877256501283e-01 -6.755356107650135021e-03 -9.402038098532922161e-01 -3.047136800000000090e+00 5.799133690111281207e-03 9.999400773480883187e-01 -9.285028892971163017e-03 -4.105900000000000001e-03 9.402101940243102751e-01 -8.614341353691934433e-03 -3.404858061297287852e-01 3.620237400000000161e+00
-3.394619382381626749e-01 -6.839435562620674487e-03 -9.405949258893407938e-01 -3.135772900000000085e+00 4.407935339027482281e-03 9.999510175129414646e-01 -8.861866670171842861e-03 -4.199300000000000428e-03 9.406094633766112212e-01 -7.154348049802269557e-03 -3.394151627584506281e-01 3.587746899999999961e+00
-3.400184092748561593e-01 -7.221250938481165414e-03 -9.403910542370551573e-01 -3.227638999999999925e+00 3.650507660822032395e-03 9.999528488884499300e-01 -8.998543976172137387e-03 -5.331100000000000075e-03 9.404116944976891324e-01 -6.492575356228765665e-03 -3.399760157970397323e-01 3.555024099999999798e+00
-3.576935990670108145e-01 -5.748113880617619631e-03 -9.338213150133726215e-01 -3.285888400000000154e+00 3.539701710001916333e-03 9.999655261965562092e-01 -7.511120438971048349e-03 -6.758499999999999751e-03 9.338322974165614854e-01 -5.992128608430411299e-03 -3.576609213996508885e-01 3.533402000000000154e+00
-3.597346484525675847e-01 -6.105263581842814910e-03 -9.330346769865007772e-01 -3.342568599999999890e+00 3.621780888892942984e-03 9.999619220956492693e-01 -7.939588274429611875e-03 -6.976600000000000336e-03 9.330476222604613401e-01 -6.235392158544172773e-03 -3.596988385840698133e-01 3.511781000000000041e+00
-3.598376971041948313e-01 -7.533342110431768060e-03 -9.329845017466243950e-01 -3.395110400000000084e+00 1.934900657928685739e-03 9.999592276276956238e-01 -8.820387841031753634e-03 -6.462100000000000136e-03 9.330129087543183042e-01 -4.979140374549516357e-03 -3.598084493990335586e-01 3.491277900000000045e+00
-3.588807294911763868e-01 -6.970923840436221014e-03 -9.333573957604297533e-01 -3.465517800000000204e+00 1.363885640978191541e-03 9.999671267022612886e-01 -7.992829960789142596e-03 -8.285799999999999416e-03 9.333824306337885623e-01 -4.141465397005389057e-03 -3.588594243551728180e-01 3.463227700000000020e+00
-3.593456385734274394e-01 -7.264106099144198268e-03 -9.331762667368027619e-01 -3.514690900000000173e+00 1.692061800419856175e-03 9.999629883709917344e-01 -8.435568446729449499e-03 -8.626699999999999299e-03 9.332030052272225484e-01 -4.610276644223601505e-03 -3.593200472895222708e-01 3.445001400000000213e+00
-3.587816490844386585e-01 -7.625231165657201174e-03 -9.333903707077336742e-01 -3.625668300000000066e+00 1.523534301613952563e-03 9.999605163164547728e-01 -8.754693104897438849e-03 -9.779400000000000592e-03 9.334202735764217662e-01 -4.563075475972666432e-03 -3.587558657621058300e-01 3.401985199999999931e+00
-3.593430520379576887e-01 -8.206781527539034823e-03 -9.331694485402987072e-01 -3.690138099999999977e+00 2.159574899154123595e-03 9.999513398709912737e-01 -9.625701349211994787e-03 -1.009350000000000004e-02 9.332030364225679664e-01 -5.474178218556849385e-03 -3.593078431992974275e-01 3.376881399999999811e+00
-3.592549190747873489e-01 -7.250745749653406472e-03 -9.332112996565364860e-01 -3.758968400000000099e+00 2.656291124466966108e-03 9.999578221794388488e-01 -8.791926956927551343e-03 -1.077960000000000029e-02 9.332356868648081782e-01 -5.637423899952387699e-03 -3.592205063936942944e-01 3.350424799999999870e+00
-3.590529378348165657e-01 -8.054183910131604979e-03 -9.332824427544583745e-01 -3.834905099999999845e+00 1.569070006551328590e-03 9.999561417954536680e-01 -9.233228301364403492e-03 -1.134849999999999921e-02 9.333158767810079137e-01 -4.779603235871440758e-03 -3.590245528392254082e-01 3.321337499999999832e+00
-3.578392875550795993e-01 -6.969040669996900972e-03 -9.337571829732894679e-01 -3.912776500000000102e+00 1.299552162452823154e-03 9.999674645546031693e-01 -7.961218274580217011e-03 -1.256110000000000039e-02 9.337822848213871429e-01 -4.062302841785058599e-03 -3.578185884626056135e-01 3.291379899999999914e+00
-3.586684781730039573e-01 -8.006178472296471976e-03 -9.334306743788374217e-01 -3.953650500000000179e+00 -2.161419649442906932e-04 9.999639037369938421e-01 -8.493792187419592007e-03 -1.224629999999999989e-02 9.334649838358761720e-01 -2.844701977680018368e-03 -3.586572620524305366e-01 3.276428199999999791e+00
