9.999999902961200782e-01 -2.300037086823590528e-05 -1.373999372323420998e-04 -1.009999999999999986e-05 2.299962890823951321e-05 9.999999997209200187e-01 -5.401580073752479624e-06 -6.700000000000000226e-06 1.374000614323415059e-04 5.398419873767835623e-06 9.999999905460400518e-01 -2.979999999999999929e-05
9.996948711182349623e-01 7.913775053364529438e-03 -2.339950478750207202e-02 -3.219800000000000093e-03 -7.968601215084584327e-03 9.999657172120872684e-01 -2.250732145491204234e-03 4.181999999999999737e-04 2.338089079933738934e-02 2.436506704390564715e-03 9.997236605084971472e-01 3.159870000000000040e-02
9.994953727371463925e-01 7.262615400006188805e-03 -3.092336163136513022e-02 -3.731500000000000008e-03 -7.310741781364172957e-03 9.999722342508410300e-01 -1.443531082842669424e-03 -8.849999999999999631e-05 3.091201920999028102e-02 1.668875349602145196e-03 9.995207161051883338e-01 4.593799999999999967e-02
9.988021632624158874e-01 7.134631408505342186e-03 -4.840801273532074206e-02 -4.833900000000000349e-03 -7.225459441293797559e-03 9.999724483160101762e-01 -1.701571258131835598e-03 -1.639999999999999883e-05 4.839453892930920681e-02 2.049303186219921576e-03 9.988261955707161688e-01 6.128589999999999732e-02
9.968624233654842515e-01 6.586492423551142290e-03 -7.887919243659027857e-02 -6.593199999999999582e-03 -6.723050671989823542e-03 9.999763257488838430e-01 -1.465786964111415874e-03 -8.930000000000000221e-05 7.886767063604702144e-02 1.991496752898474620e-03 9.968831047164593562e-01 7.655420000000000280e-02
9.919575165908016690e-01 6.752869420211234618e-03 -1.263909966477160529e-01 -1.259809999999999923e-02 -6.956279243181351900e-03 9.999751225999724547e-01 -1.168058329443114746e-03 -1.842000000000000050e-04 1.263799646229586682e-01 2.037875306213103675e-03 9.919798141122309065e-01 1.264270000000000116e-01
9.904152644100806535e-01 7.631807248996323560e-03 -1.379106940799885717e-01 -1.546280000000000050e-02 -7.866116919832097029e-03 9.999683956839909849e-01 -1.154052766897813945e-03 -2.025999999999999915e-04 1.378975279985596991e-01 2.227813120398669695e-03 9.904439957012143303e-01 1.446506999999999932e-01
9.890600513349351308e-01 7.276773613399315117e-03 -1.473338502147924223e-01 -1.821479999999999974e-02 -7.614720765842843304e-03 9.999695113714991423e-01 -1.729842508304990211e-03 -8.339999999999999432e-05 1.473167705354478663e-01 2.832824248807645339e-03 9.890853068496072709e-01 1.631558999999999926e-01
9.787773929444457677e-01 6.629812516326970447e-03 -2.048190924862043627e-01 -2.546170000000000030e-02 -6.965073526491511423e-03 9.999753240728996850e-01 -9.159672865055153374e-04 -2.706000000000000180e-04 2.048079656938287807e-01 2.323108111503944910e-03 9.787994178364930464e-01 1.995321999999999929e-01
9.741242390243206595e-01 7.412165987816900399e-03 -2.258916260968013567e-01 -3.036209999999999951e-02 -7.914901750726574883e-03 9.999678054858022191e-01 -1.319970524348894770e-03 1.257999999999999949e-04 2.258745697850123024e-01 3.073725309433947023e-03 9.741515441332306846e-01 2.197865999999999986e-01
9.711680373745701367e-01 7.216969060747095016e-03 -2.382867149876421176e-01 -3.540209999999999885e-02 -7.762666246471488715e-03 9.999689563863426445e-01 -1.351767862712972704e-03 2.950000000000000148e-04 2.382695620400798464e-01 3.162533981634116365e-03 9.711939117313511671e-01 2.400766000000000011e-01
9.654308348818592123e-01 7.863113219330293210e-03 -2.605407348377913324e-01 -4.109739999999999921e-02 -8.393734307054147650e-03 9.999643450977049319e-01 -9.239900977056328315e-04 4.882999999999999971e-04 2.605241798445950274e-01 3.078958235843586543e-03 9.654624134229581323e-01 2.600887000000000060e-01
9.218252494614522785e-01 7.558861994217966687e-03 -3.875320284320817321e-01 -8.590159999999999463e-02 -8.397824416267031175e-03 9.999646264778407900e-01 -4.715274181399445579e-04 1.555200000000000072e-03 3.875147558486063404e-01 3.689091810307193985e-03 9.218561192513776703e-01 3.782900000000000151e-01
9.070344007794871599e-01 8.523378790456311374e-03 -4.209702457616107951e-01 -1.050534999999999941e-01 -9.828993051618441570e-03 9.999512601091844477e-01 -9.318270468880777112e-04 2.031799999999999839e-03 4.209417854029079420e-01 4.982912807633226721e-03 9.070739682527350078e-01 4.194905999999999913e-01
8.769470194006450114e-01 7.682878171811414678e-03 -4.805256481680471037e-01 -1.277320999999999873e-01 -9.083426677867654717e-03 9.999585712454145403e-01 -5.891965859524846139e-04 2.277799999999999964e-03 4.805012138633080188e-01 4.881513681861352622e-03 8.769804754383424550e-01 4.616962000000000010e-01
8.614426548430825781e-01 9.353554573130659286e-03 -5.077687105698314163e-01 -1.528445999999999971e-01 -1.116911130103828871e-02 9.999374836335807037e-01 -5.289397769650916285e-04 2.365700000000000094e-03 5.077320192479954919e-01 6.126976529260060381e-03 8.614932714705108019e-01 5.048637000000000263e-01
8.427299810271184910e-01 8.608708181785613978e-03 -5.382676557452371613e-01 -1.788290999999999908e-01 -1.005590320983855077e-02 9.999494072022642177e-01 2.486895143842368823e-04 2.201999999999999964e-03 5.382425641740596900e-01 5.203189337422132327e-03 8.427739132958803614e-01 5.467476999999999476e-01
8.318414019522352154e-01 9.676321913998512173e-03 -5.549290502328712016e-01 -2.067477000000000065e-01 -1.154729348215704533e-02 9.999333197911716153e-01 1.264303893474855341e-04 2.216800000000000107e-03 5.548932708290637006e-01 6.302758572489453731e-03 8.318976699228097793e-01 5.888457999999999748e-01
8.122616164868787791e-01 9.904540225385899052e-03 -5.832091961423846449e-01 -2.351053999999999922e-01 -1.152367337227453055e-02 9.999331657871913803e-01 9.321538576587662904e-04 2.296799999999999883e-03 5.831794503702372179e-01 5.963559484815240258e-03 8.123214663076060438e-01 6.290828000000000531e-01
7.695137364056765517e-01 1.019192033832299824e-02 -6.385489286208162474e-01 -2.666068999999999800e-01 -1.267213298076727210e-02 9.999194681796910178e-01 6.886225102837794862e-04 2.942699999999999916e-03 6.385045234990059937e-01 7.561872457347925021e-03 7.695809194335876402e-01 6.673518999999999979e-01
7.414728284128782043e-01 1.002994268152733806e-02 -6.709079258551146063e-01 -3.002510999999999930e-01 -1.284668588832191607e-02 9.999171961351213112e-01 7.506896591227621429e-04 3.316100000000000211e-03 6.708599014601285271e-01 8.062327398636173759e-03 7.415402831200903488e-01 7.065976000000000479e-01
6.683313412238957030e-01 8.600047619574009705e-03 -7.438139938982123445e-01 -3.346817000000000264e-01 -1.057102850482831077e-02 9.999419967039969714e-01 2.063149043050077625e-03 4.318500000000000290e-03 7.437885934149696121e-01 6.484011764701737290e-03 6.683834871518119503e-01 7.395283000000000273e-01
5.730063930971127650e-01 9.759293223935545936e-03 -8.194927880497827610e-01 -3.719569999999999821e-01 -1.144067090300725231e-02 9.999269145970450801e-01 3.908518098050510134e-03 4.734000000000000360e-03 8.194710394633394346e-01 7.135941437746731036e-03 5.730761675559985502e-01 7.658500999999999781e-01
5.555181860721810638e-01 1.123699081661942711e-02 -8.314284545169601248e-01 -4.071314999999999795e-01 -1.369095004680469588e-02 9.998967413627067868e-01 4.366291224376884703e-03 5.119399999999999645e-03 8.313916663221310177e-01 8.957491257454999745e-03 5.556146691012424643e-01 7.896646000000000498e-01
5.233895915111164143e-01 1.122348596102045251e-02 -8.520195824396933348e-01 -4.417719999999999980e-01 -1.427651936670518845e-02 9.998883982495927469e-01 4.401368041404835410e-03 5.152000000000000329e-03 8.519738942553337635e-01 9.860243848231390815e-03 5.234914126312433247e-01 8.112549999999999484e-01
5.135335761251780262e-01 1.157411297868481126e-02 -8.579914370789737399e-01 -4.767391999999999741e-01 -1.498912104645393553e-02 9.998774553914435703e-01 4.516685752453600614e-03 5.583900000000000148e-03 8.579385714853603462e-01 1.054106772050656532e-02 5.136441311345540939e-01 8.322089000000000292e-01
4.804556490665196633e-01 1.114362166808748576e-02 -8.769482247979000222e-01 -5.123372999999999955e-01 -1.504100469445913794e-02 9.998769076852768167e-01 4.465160188579474221e-03 6.006700000000000234e-03 8.768900372668461118e-01 1.104487092939288213e-02 4.805641199343771985e-01 8.521358999999999462e-01
4.501666099132941024e-01 1.118022717390810238e-02 -8.928745857283160170e-01 -5.489401999999999893e-01 -1.347529358622099986e-02 9.998928070138519697e-01 5.726337810931724295e-03 6.309900000000000231e-03 8.928428975928168754e-01 9.453941098799059639e-03 4.502690120536424478e-01 8.707932000000000450e-01
3.941593659652913306e-01 1.105291816613262340e-02 -9.189756401678188524e-01 -5.857816000000000134e-01 -1.398442092535209444e-02 9.998840431274298446e-01 6.027957409153052171e-03 6.820500000000000174e-03 9.189357051465691928e-01 1.047536630179413467e-02 3.942682291380084081e-01 8.868046000000000539e-01
3.431809273404688998e-01 1.077235064500382464e-02 -9.392075423309361737e-01 -6.613497999999999877e-01 -1.294709351339269968e-02 9.998934830640811011e-01 6.737603100189840793e-03 7.398499999999999695e-03 9.391800806444371430e-01 9.847790999067192186e-03 3.432838433907827724e-01 9.156866999999999646e-01
3.338779492288010409e-01 1.095473927226021417e-02 -9.425526556677068513e-01 -7.001370999999999567e-01 -1.331124832273623999e-02 9.998875532788564779e-01 6.905900818311796335e-03 8.052399999999999489e-03 9.425223210549766861e-01 1.024082445405191319e-02 3.339862270029120284e-01 9.294877999999999751e-01
3.271647509467715542e-01 1.035780015693804450e-02 -9.449105469375636002e-01 -7.195106000000000002e-01 -1.357593028419996038e-02 9.998882474330219594e-01 6.259933085784567461e-03 8.199899999999999550e-03 9.448697898942770568e-01 1.078001026107545772e-02 3.272688062188567892e-01 9.364660999999999680e-01
2.941765674302111999e-01 1.037809559046468967e-02 -9.556947432663285280e-01 -7.591892000000000085e-01 -1.225306690589430571e-02 9.998998172134513363e-01 7.086458064961162658e-03 8.904600000000000362e-03 9.556725430430541568e-01 9.625521722065391583e-03 2.942742595015744866e-01 9.493198999999999943e-01
2.802307937249199354e-01 1.071368038451945247e-02 -9.598728662176673199e-01 -7.790865999999999625e-01 -1.342287198570373853e-02 9.998836867316728272e-01 7.241513345518535427e-03 8.692999999999999339e-03 9.598388035269030949e-01 1.085495557320602031e-02 2.803420075257130328e-01 9.549048999999999454e-01
2.677640992947880605e-01 1.141395007893097543e-02 -9.634168925612872636e-01 -8.186556000000000388e-01 -1.314142507726088344e-02 9.998800773649171303e-01 8.193524007776254239e-03 8.822899999999999840e-03 9.633948775428432532e-01 1.046673933576921893e-02 2.678819838882179338e-01 9.664633000000000251e-01
2.607337522646532291e-01 1.205026512605651169e-02 -9.653355383183540583e-01 -8.560204999999999620e-01 -1.408168707795842516e-02 9.998631910700767067e-01 8.677858733678892045e-03 9.354299999999999421e-03 9.653080422948071559e-01 1.133094230657691326e-02 2.608677696217225339e-01 9.765473999999999544e-01
2.526001853814056064e-01 1.130939388774773909e-02 -9.675046480276833227e-01 -8.926640999999999604e-01 -1.389892789901539007e-02 9.998709283108093704e-01 8.058940509666417257e-03 9.629499999999999171e-03 9.674709123010042378e-01 1.141158747817957661e-02 2.527247702990159661e-01 9.860957999999999668e-01
2.450053631126746512e-01 1.036262878277324946e-02 -9.694663418452115211e-01 -9.325094000000000438e-01 -1.412594693408951614e-02 9.998748899459724004e-01 7.117729887038345277e-03 1.019489999999999980e-02 9.694188102514008643e-01 1.195074810377958277e-02 2.451210924227417154e-01 9.964134999999999520e-01
2.285191409705629173e-01 1.066368366450314714e-02 -9.734810157680423570e-01 -9.764595000000000358e-01 -1.380361652075199480e-02 9.998749810408922301e-01 7.712487239762271310e-03 1.022419999999999926e-02 9.734415557089312054e-01 1.167510767311727947e-02 2.286377691454259953e-01 1.006556599999999912e+00
2.268670897204096704e-01 1.039323639904964069e-02 -9.738702707439760298e-01 -1.026761500000000105e+00 -1.489279653122659031e-02 9.998631636061731109e-01 7.201296753689198984e-03 1.103520000000000022e-02 9.738118546276129939e-01 1.286991455327808447e-02 2.269908304009663480e-01 1.018345599999999962e+00
2.276886917216112138e-01 1.095693718307985502e-02 -9.736723294772564596e-01 -1.081461100000000064e+00 -1.582960626229606288e-02 9.998462002286491179e-01 7.549798269673108422e-03 1.117169999999999969e-02 9.736053015609980044e-01 1.369384591333361843e-02 2.278271172543341327e-01 1.030613900000000083e+00
2.275009111489300073e-01 1.128228094167867297e-02 -9.737125066276800522e-01 -1.139583500000000083e+00 -1.589080036898118942e-02 9.998427424895431903e-01 7.872277600689731036e-03 1.163299999999999924e-02 9.736482002705290073e-01 1.368212073262650708e-02 2.276444193961670859e-01 1.044391199999999964e+00
2.293818005244653568e-01 1.302330605041354672e-02 -9.732493940854376469e-01 -1.202334000000000014e+00 -1.794484498271813402e-02 9.997971168556294419e-01 9.149189347537316913e-03 1.239250000000000074e-02 9.731710908810951022e-01 1.536615198051016068e-02 2.295689640317507552e-01 1.058148099999999925e+00
2.331724368293009164e-01 1.622815196295494464e-02 -9.722999854915933549e-01 -1.263786199999999971e+00 -2.135816702768905326e-02 9.997050131222955383e-01 1.156353922327627709e-02 1.260760000000000006e-02 9.722008246264260967e-01 1.807024687208656777e-02 2.334502576003694152e-01 1.072272099999999950e+00
2.391666324104008146e-01 1.589970078914608800e-02 -9.708483514206962539e-01 -1.322563799999999956e+00 -2.227399301491987324e-02 9.996926465147207841e-01 1.088493176665365769e-02 1.397259999999999995e-02 9.707230249544096523e-01 1.902135692344351231e-02 2.394472735366837135e-01 1.085033499999999984e+00
2.476835331166459264e-01 1.597130325658561306e-02 -9.687093397377468662e-01 -1.380778700000000025e+00 -2.398492125235675981e-02 9.996587525429901921e-01 1.034901042181546674e-02 1.484150000000000053e-02 9.685440573228321082e-01 2.067113776449612181e-02 2.479820821917333440e-01 1.097555599999999965e+00
2.569961366878921738e-01 1.617342063229037369e-02 -9.662770856191038593e-01 -1.439699499999999910e+00 -2.488670989589462923e-02 9.996391260563508574e-01 1.011282986373039997e-02 1.554640000000000015e-02 9.660919404477275041e-01 2.144849930289252291e-02 2.573058967058431401e-01 1.111173500000000036e+00
2.638556664655659634e-01 1.800591336518140434e-02 -9.643940970152697911e-01 -1.496769100000000075e+00 -2.627145721173686221e-02 9.995889803993381895e-01 1.147522549597360456e-02 1.584609999999999838e-02 9.642043340547603592e-01 2.230823498390549844e-02 2.642202581974345543e-01 1.126607300000000089e+00
2.673911203845926732e-01 1.932883682359193972e-02 -9.633942001104839337e-01 -1.549993399999999966e+00 -2.669747792022551108e-02 9.995635841710455161e-01 1.264459852396641014e-02 1.596080000000000068e-02 9.632181650136023565e-01 2.233914201978622061e-02 2.677904578614564990e-01 1.141008299999999975e+00
2.695406183669363798e-01 1.753946359123177007e-02 -9.628292799179413164e-01 -1.603596000000000021e+00 -2.570859509051579700e-02 9.996088207301954132e-01 1.101243192306349331e-02 1.750830000000000095e-02 9.626457932120419114e-01 2.178469038843692043e-02 2.698860946322327869e-01 1.155683299999999969e+00
2.729687611593367702e-01 1.850999343404351183e-02 -9.618448084666302300e-01 -1.655815199999999932e+00 -2.770697249828292519e-02 9.995513946704873698e-01 1.137247058748058759e-02 1.834409999999999860e-02 9.616238241152910149e-01 2.354547844821555658e-02 2.733591617973106791e-01 1.169945100000000071e+00
2.754740194216348526e-01 2.025741584677697230e-02 -9.610950534296279768e-01 -1.707775599999999949e+00 -2.562203446721675673e-02 9.995774839956848012e-01 1.372460704782683082e-02 1.860650000000000151e-02 9.609670004601872373e-01 2.084443791679810656e-02 2.758766634466990331e-01 1.185480199999999984e+00
2.782139761111902532e-01 2.257570190993661921e-02 -9.602537795706279633e-01 -1.757422299999999993e+00 -2.302541207779416552e-02 9.995932175484566473e-01 1.682943343584936136e-02 1.834169999999999898e-02 9.602431014566311651e-01 1.742805538198676646e-02 2.786206183873558562e-01 1.199782600000000032e+00
2.624074427689025435e-01 2.303430601072695497e-02 -9.646822040061118209e-01 -1.804434199999999988e+00 -2.282740138907892943e-02 9.995834606424433000e-01 1.765828292611901912e-02 1.922940000000000066e-02 9.646871221931530016e-01 1.738752301741616768e-02 2.628239530902992671e-01 1.212903700000000029e+00
2.611128441909957298e-01 2.361747505453969456e-02 -9.650193249207692503e-01 -1.850330500000000100e+00 -2.289535299368349389e-02 9.995709475925950160e-01 1.826810171135234695e-02 2.016509999999999830e-02 9.650367274926812122e-01 1.732442209396554272e-02 2.615415435247844256e-01 1.225316499999999920e+00
2.600836194711693139e-01 2.283088563992986472e-02 -9.653161459043728687e-01 -1.894454700000000047e+00 -2.141599991496954611e-02 9.996108990411696205e-01 1.787191835664782291e-02 2.127269999999999855e-02 9.653485721905938899e-01 1.602501728551657817e-02 2.604713669303804213e-01 1.238761100000000059e+00
2.597251454228969858e-01 2.185714832777550451e-02 -9.654351940456866732e-01 -1.943602300000000005e+00 -2.089807529061846539e-02 9.996369097595260156e-01 1.700938257471631271e-02 2.305750000000000161e-02 9.654564305468178453e-01 1.575797301060772454e-02 2.600876140887803389e-01 1.254021599999999959e+00
2.591938180461531571e-01 2.251071423026474241e-02 -9.655629614020523332e-01 -1.994484700000000110e+00 -2.025990534188385275e-02 9.996350951275533303e-01 1.786652805850539802e-02 2.389300000000000104e-02 9.656128110801945885e-01 1.493132057692189187e-02 2.595553018985234939e-01 1.268302800000000063e+00
2.581013240386795249e-01 2.177176224478158048e-02 -9.658725055090019440e-01 -2.046345000000000081e+00 -1.931441115310940718e-02 9.996625229810625068e-01 1.737220967365121077e-02 2.577919999999999864e-02 9.659247693538502988e-01 1.417146837463786023e-02 2.584347295407826151e-01 1.284331700000000076e+00
2.538094757875825613e-01 2.160085488896435618e-02 -9.670130056356526227e-01 -2.101528899999999922e+00 -1.775937807212815689e-02 9.996861484625328975e-01 1.766943866221828974e-02 2.637859999999999858e-02 9.670911820975952589e-01 1.268887860343007393e-02 2.541134350420372057e-01 1.303999200000000025e+00
2.535520872029116690e-01 2.120017396397855594e-02 -9.670893917828609077e-01 -2.158124200000000048e+00 -1.840274414717032667e-02 9.996845879155520365e-01 1.708987103423071502e-02 2.824190000000000034e-02 9.671466683408989073e-01 1.346392617366477806e-02 2.538622551879053946e-01 1.320287500000000058e+00
2.521935562564571187e-01 1.965216157006545797e-02 -9.674772362843195861e-01 -2.214853800000000206e+00 -1.800686824091753471e-02 9.997159508435649045e-01 1.561314590661002678e-02 3.043689999999999937e-02 9.675092572574566230e-01 1.348370032931985561e-02 2.524757947735855046e-01 1.337104300000000023e+00
2.495800834965629933e-01 1.841882832264044381e-02 -9.681789755438140466e-01 -2.272884799999999927e+00 -1.739458516129486695e-02 9.997430439933244761e-01 1.453528100960721145e-02 3.274760000000000171e-02 9.681979189860484558e-01 1.321335499344832368e-02 2.498363402727914462e-01 1.355864399999999970e+00
2.493358637215145612e-01 1.872337936801649755e-02 -9.682360570270495126e-01 -2.332449200000000111e+00 -1.716777704702349833e-02 9.997414216592719338e-01 1.491164813029199378e-02 3.352030000000000287e-02 9.682648885989361132e-01 1.290445208985184673e-02 2.495928296701463989e-01 1.372356799999999932e+00
2.481762062384040013e-01 2.054414281122885974e-02 -9.684970360580691384e-01 -2.394782100000000025e+00 -1.527714561722190098e-02 9.997337623662535533e-01 1.729199834621024390e-02 3.425750000000000323e-02 9.685944349824147093e-01 1.050440770186371851e-02 2.484239882538110678e-01 1.390380900000000031e+00
2.465028612748796921e-01 2.117702369665584727e-02 -9.689106630905909290e-01 -2.425745699999999783e+00 -1.464069553697268378e-02 9.997285154740058744e-01 1.812582087338988207e-02 3.497669999999999946e-02 9.690314697766481133e-01 9.717459312589113787e-03 2.467459859187522975e-01 1.399580700000000011e+00
2.461232284256405223e-01 2.180126285109891537e-02 -9.689933236960084351e-01 -2.455564499999999928e+00 -1.411196086389441412e-02 9.997216276566627258e-01 1.890819282980043398e-02 3.531750000000000167e-02 9.691358052357348374e-01 9.020650398408009557e-03 2.463623730939321632e-01 1.407879700000000067e+00
2.457912706254038460e-01 1.971616644475766844e-02 -9.691222441287126177e-01 -2.516386300000000187e+00 -1.444884466512358356e-02 9.997565605217515472e-01 1.667484877173990368e-02 3.776630000000000265e-02 9.692150856090677724e-01 9.904164499839338345e-03 2.460163111530767610e-01 1.424034199999999917e+00
2.456044495118610005e-01 1.919072588957267123e-02 -9.691801537484178164e-01 -2.547082399999999858e+00 -1.332800156360858419e-02 9.997763645746839956e-01 1.641905028157816110e-02 3.851799999999999669e-02 9.692785042258472705e-01 8.884642798662755608e-03 2.458052976809979029e-01 1.431994400000000001e+00
2.457419912479239799e-01 1.873100118438604175e-02 -9.691542825227240643e-01 -2.579181900000000027e+00 -1.425995790250632680e-02 9.997749464063659941e-01 1.570700922412395645e-02 3.948970000000000258e-02 9.692303788770367801e-01 9.960227546522034542e-03 2.459537894180480189e-01 1.439937199999999917e+00
2.455586460584371633e-01 1.866203640488044158e-02 -9.692020840584126828e-01 -2.611542000000000030e+00 -1.455031654309935606e-02 9.997729963955813703e-01 1.556418859742819509e-02 3.981490000000000029e-02 9.692725311461390936e-01 1.028027603829886026e-02 2.457744418977155787e-01 1.448149399999999920e+00
2.451902622114011943e-01 1.881684497395957195e-02 -9.692923509766958601e-01 -2.644232000000000138e+00 -1.483877894061323699e-02 9.997673408222282898e-01 1.565486712821333171e-02 4.047169999999999934e-02 9.693614114231366985e-01 1.054469394891922006e-02 2.454124354495258453e-01 1.456971900000000097e+00
2.448044072057230236e-01 2.040526037104697238e-02 -9.693577397234958148e-01 -2.677021700000000060e+00 -1.470962752352589914e-02 9.997416149418610898e-01 1.733003784066112010e-02 4.106900000000000134e-02 9.694608961019386406e-01 1.001642164794378995e-02 2.450413071843131618e-01 1.465045699999999895e+00
2.446495477884427505e-01 2.053325259538511111e-02 -9.693941325924995134e-01 -2.708098600000000022e+00 -1.359455068181102122e-02 9.997501144663074601e-01 1.774533224159813294e-02 4.125960000000000044e-02 9.695162644116239736e-01 8.837090157916310806e-03 2.448675537486963982e-01 1.473384999999999945e+00
2.449748236038515603e-01 2.158263144522978849e-02 -9.692891858574307351e-01 -2.738015400000000099e+00 -1.317723486141517131e-02 9.997339693826958751e-01 1.893015963287607989e-02 4.167089999999999683e-02 9.694398879155264881e-01 8.135138733816700204e-03 2.451940522037854286e-01 1.481118600000000063e+00
2.440034675782873086e-01 2.178320886676004403e-02 -9.695296795979165827e-01 -2.795779000000000014e+00 -1.137172096411442380e-02 9.997432271053607877e-01 1.960009743019836687e-02 4.243279999999999968e-02 9.697076836717785087e-01 6.242729244974088570e-03 2.441885266745510430e-01 1.496621800000000002e+00
2.398094684831412471e-01 1.900806056711425857e-02 -9.706338714774538357e-01 -2.852340499999999945e+00 -1.062463036028560293e-02 9.997998152958779139e-01 1.695424914396881713e-02 4.552090000000000303e-02 9.707618328176796929e-01 6.246836623874992868e-03 2.399634159130388245e-01 1.515536100000000053e+00
2.386658861401192711e-01 2.005067417882472683e-02 -9.708947240859465699e-01 -2.907405100000000076e+00 -9.374899016315628442e-03 9.997878035268759067e-01 1.834282386490815320e-02 4.622579999999999745e-02 9.710564896345555974e-01 4.724233681748938977e-03 2.388032151264608549e-01 1.529921400000000098e+00
2.380301023069269495e-01 1.939833416811796718e-02 -9.710640427012297016e-01 -2.959986199999999901e+00 -8.968588567146966103e-03 9.998018049729804346e-01 1.777400325992401983e-02 4.768850000000000172e-02 9.712163686917899552e-01 4.478326056974398645e-03 2.381569016024106533e-01 1.543666399999999994e+00
2.373534282648449567e-01 1.982896212227281893e-02 -9.712209647408146518e-01 -3.008310999999999957e+00 -7.568580709567031967e-03 9.997990499348273774e-01 1.856276745152256324e-02 4.810219999999999774e-02 9.713938782373338077e-01 2.944827765762448799e-03 2.374558091781755476e-01 1.556024300000000027e+00
2.369208938959797006e-01 1.975435835446319455e-02 -9.713280884240572677e-01 -3.052961799999999837e+00 -7.554726301012313489e-03 9.998004900005684759e-01 1.849070861649241074e-02 4.870630000000000098e-02 9.714995708419261744e-01 2.957282642339764157e-03 2.370228645791933042e-01 1.567146099999999986e+00
2.364009747761915414e-01 1.948201428124777396e-02 -9.714602566468747424e-01 -3.095249200000000034e+00 -7.758157513236389920e-03 9.998049476838755112e-01 1.816253228057354910e-02 4.977120000000000155e-02 9.716246137870666599e-01 3.243101353383869880e-03 2.365060087539964107e-01 1.578123200000000059e+00
2.218402450870170795e-01 1.877891017898197096e-02 -9.749021787811442685e-01 -3.136066899999999880e+00 -6.751550642968908410e-03 9.998201474558939816e-01 1.772256485923373939e-02 5.067909999999999776e-02 9.750596505976687478e-01 2.650523300038652025e-03 2.219271333176462413e-01 1.588483199999999984e+00
2.203582118459199712e-01 1.836514648697581270e-02 -9.752461124590967589e-01 -3.177100700000000000e+00 -6.916160205273834578e-03 9.998270227514258757e-01 1.726532084945787970e-02 5.163510000000000322e-02 9.753944972164259042e-01 2.940403124004989724e-03 2.204471111840313746e-01 1.598050200000000087e+00
2.118827960667493959e-01 1.839109421856979787e-02 -9.771220232828548014e-01 -3.216283100000000061e+00 -6.730640499682171915e-03 9.998266678724797574e-01 1.735893687638094193e-02 5.225169999999999815e-02 9.772719064873400807e-01 2.898596980925170763e-03 2.119698538145031730e-01 1.607063700000000095e+00
2.038668293654599117e-01 1.885303859706860888e-02 -9.788170813896394096e-01 -3.252017500000000005e+00 -6.191911582109060203e-03 9.998193907096152300e-01 1.796792119342791039e-02 5.265899999999999748e-02 9.789790478429217790e-01 2.397685699030096054e-03 2.039467454701223703e-01 1.616102799999999950e+00
1.767906277044986874e-01 1.857724646798306761e-02 -9.840731476214138462e-01 -3.287448899999999785e+00 -4.875176274248459174e-03 9.998261229010269036e-01 1.799879498732134472e-02 5.338049999999999740e-02 9.842364078879343170e-01 1.615511797675793504e-03 1.768504552142493580e-01 1.622944500000000012e+00
1.332591697125643793e-01 1.743681303542039818e-02 -9.909278234254430551e-01 -3.341350100000000101e+00 -3.453532066128828584e-03 9.998473178212984314e-01 1.712933629255956880e-02 5.486329999999999679e-02 9.910752074407807033e-01 1.139559881345226025e-03 1.332990420051496372e-01 1.632028699999999999e+00
1.179389013315957774e-01 1.718970701978534549e-02 -9.928720610054801998e-01 -3.379502800000000029e+00 -4.132899039600443358e-03 9.998499990528417758e-01 1.681958797238624834e-02 5.551060000000000022e-02 9.930122530453613372e-01 2.119756261062306739e-03 1.179922537083223366e-01 1.637290200000000029e+00
1.028851886201713195e-01 1.752185256080867129e-02 -9.945388995134525345e-01 -3.417119299999999971e+00 -3.245825869488276443e-03 9.998454287260837292e-01 1.727956220448870206e-02 5.602340000000000098e-02 9.946879423100578599e-01 1.450289071570357718e-03 1.029261584078223768e-01 1.642428599999999905e+00
9.243996364485952688e-02 1.596082626486672665e-02 -9.955903299782896676e-01 -3.454896499999999815e+00 -3.197169365673500734e-03 9.998711234195037934e-01 1.573259863679879120e-02 5.762160000000000198e-02 9.957131269745237434e-01 1.728750057742512412e-03 9.247907976322866652e-02 1.647837299999999949e+00
6.062834785072405280e-02 1.551924777623500153e-02 -9.980397569162019478e-01 -3.490636299999999803e+00 -1.901860387472966915e-03 9.998791059668338255e-01 1.543231602940803651e-02 5.823310000000000292e-02 9.981585978009498428e-01 9.624964544288176771e-04 6.065053368781714305e-02 1.650162700000000093e+00
3.066098049955245930e-02 1.540683745341697893e-02 -9.994110934117601541e-01 -3.527173299999999845e+00 -1.525185568228558039e-03 9.998807530482124450e-01 1.536728644627990102e-02 5.901839999999999864e-02 9.995286779696661572e-01 1.053111306338715483e-03 3.068082255722504037e-02 1.651556299999999977e+00
1.592812628420579163e-02 1.482516568373287366e-02 -9.997632265969396137e-01 -3.562138099999999863e+00 -2.512888951575355419e-03 9.998875090742681548e-01 1.478697353660732641e-02 5.989400000000000279e-02 9.998699816387082162e-01 2.276765184454493385e-03 1.596358850958679021e-02 1.652502499999999985e+00
-1.152176644665785753e-02 1.572672912691516767e-02 -9.998099413833200222e-01 -3.595640700000000134e+00 -5.218758651371994961e-04 9.998760801723877156e-01 1.573378354632107290e-02 6.001719999999999972e-02 9.999334860597132169e-01 7.030576574751663116e-04 -1.151213127097705513e-02 1.652769900000000014e+00
-8.490550866143659059e-02 1.562715390331954890e-02 -9.962664536457226383e-01 -3.627700599999999831e+00 1.841654323096456568e-03 9.998777551912376715e-01 1.552684717144848722e-02 6.069770000000000026e-02 9.963873056740020218e-01 -5.164635643124014866e-04 -8.492390921931114445e-02 1.650213600000000058e+00
-2.072110440054463487e-01 1.706532549644282359e-02 -9.781474111338605004e-01 -3.658812000000000175e+00 6.083123301329964629e-03 9.998509893920979330e-01 1.615532799245077145e-02 6.062530000000000002e-02 9.782773527242026868e-01 -2.602628929237829972e-03 -2.072839778409872880e-01 1.644183299999999903e+00
-3.646509956395880825e-01 1.798555461194836433e-02 -9.309705533497594221e-01 -3.688077199999999944e+00 1.037545382655718530e-02 9.998298501943786443e-01 1.525190539504206293e-02 6.138860000000000150e-02 9.310864628684865085e-01 -4.097619502461924759e-03 -3.647755586349816781e-01 1.632752100000000040e+00
-4.375895037644269014e-01 1.691315899144132245e-02 -8.990157791986372882e-01 -3.714172399999999818e+00 8.682864514850442000e-03 9.998559479024986540e-01 1.458394006475960056e-02 6.184470000000000245e-02 8.991329345869938372e-01 -1.424253111626170437e-03 -4.376733227466059750e-01 1.619357699999999900e+00
-4.487166005201573826e-01 1.648870327704128960e-02 -8.935219835470615823e-01 -3.739964000000000066e+00 7.761012607569392659e-03 9.998639703946456958e-01 1.455360401963090057e-02 6.243540000000000201e-02 8.936404081625555218e-01 -4.041916584438826759e-04 -4.487835308120883271e-01 1.606252699999999978e+00
-4.529251329214283306e-01 1.605846579595892470e-02 -8.914039205906524321e-01 -3.764463899999999974e+00 7.432092315500545346e-03 9.998710388477259903e-01 1.423621007793532921e-02 6.283199999999999896e-02 8.915175758065120304e-01 -1.770588863826087073e-04 -4.529860711746337421e-01 1.594112999999999891e+00
-4.583976828803127956e-01 1.612219845213530914e-02 -8.886009447705024433e-01 -3.788054199999999927e+00 7.658155742388040622e-03 9.998699838499133241e-01 1.419042094510832540e-02 6.329110000000000291e-02 8.887141930792964439e-01 -3.001883475517459071e-04 -4.584615500850321990e-01 1.582008000000000081e+00
-4.678620238678591892e-01 1.630415750932386054e-02 -8.836511195433308652e-01 -3.811060900000000196e+00 8.513792575938721255e-03 9.998665774175278242e-01 1.394068503814081469e-02 6.377349999999999686e-02 8.837605116536068062e-01 -1.000905225239006983e-03 -4.679384107235539103e-01 1.570187100000000058e+00
-4.839789553740520001e-01 1.637186997657901974e-02 -8.749264726984269380e-01 -3.854128600000000127e+00 8.857265170862471323e-03 9.998654041326370256e-01 1.381023071391162399e-02 6.436250000000000304e-02 8.750348105125500542e-01 -1.065594739303734988e-03 -4.840588238004934762e-01 1.546717300000000073e+00
-4.924698730016870973e-01 1.600752038210316933e-02 -8.701822702611897720e-01 -3.874244899999999880e+00 8.913620611787131942e-03 9.998711720037677386e-01 1.334866148349486692e-02 6.483500000000000374e-02 8.702838453937261631e-01 -1.182660994692630654e-03 -4.925491140583651006e-01 1.535633599999999932e+00
-5.007718415729158767e-01 1.638239092910773881e-02 -8.654242774241520664e-01 -3.894142200000000109e+00 9.682128646019435778e-03 9.998643434471603531e-01 1.332482974979246060e-02 6.500269999999999659e-02 8.655251695199579487e-01 -1.706449654959905395e-03 -5.008625250076339519e-01 1.524545599999999945e+00
-5.197644900978172222e-01 1.614724479276976807e-02 -8.541569769772757725e-01 -3.913194400000000073e+00 9.732663532609419146e-03 9.998683968349789675e-01 1.297937869121130149e-02 6.531979999999999731e-02 8.542541484206659375e-01 -1.567002313726719581e-03 -5.198532431464015779e-01 1.512852199999999980e+00
-5.284916076069255952e-01 1.641035342938179653e-02 -8.487799013816068605e-01 -3.933759499999999854e+00 1.004834684637791881e-02 9.998640304949332203e-01 1.307483262156598075e-02 6.551410000000000566e-02 8.488790558228553884e-01 -1.618895533953951769e-03 -5.285846457877374505e-01 1.500235200000000102e+00
-5.676869361142699022e-01 1.725825609335750882e-02 -8.230636033514114880e-01 -3.964159500000000058e+00 1.193085118831316294e-02 9.998477113812342942e-01 1.273612325750035287e-02 6.611369999999999747e-02 8.231580634089153969e-01 -2.589718580078435341e-03 -5.678063895400974337e-01 1.479616000000000042e+00
-6.329355037312486276e-01 1.762253505534189593e-02 -7.740039369245442780e-01 -3.983926999999999996e+00 1.351854436072851690e-02 9.998400532141522579e-01 1.170969457706251202e-02 6.633070000000000632e-02 7.740864919857713966e-01 -3.051925121020838787e-03 -6.330724987536721082e-01 1.462800899999999960e+00
-6.614081571162242490e-01 1.647796449335610369e-02 -7.498451349353915107e-01 -4.004608600000000074e+00 1.225127799097762947e-02 9.998626063409815634e-01 1.116577935510845894e-02 6.667660000000000253e-02 7.499261002843596868e-01 -1.801423652246942134e-03 -6.615191599531470290e-01 1.443745099999999892e+00
-6.817493685767845868e-01 1.670951566025269050e-02 -7.313949620632858029e-01 -4.026474499999999956e+00 1.283917010346100236e-02 9.998584330326392156e-01 1.087518296717757300e-02 6.693559999999999788e-02 7.314731397366618371e-01 -1.976355209714621489e-03 -6.818673917000834805e-01 1.423256599999999983e+00
-6.913146656789689315e-01 1.743507478217648510e-02 -7.223434440655742694e-01 -4.049031300000000222e+00 1.301114346574598624e-02 9.998471217795568133e-01 1.168089101267075040e-02 6.711530000000000273e-02 7.224366706936251603e-01 -1.323342917021297360e-03 -6.914358289824406034e-01 1.401806799999999908e+00
-6.997964965985509211e-01 1.762274418922972485e-02 -7.141248505938131430e-01 -4.071345799999999571e+00 1.378920198856918057e-02 9.998426327952230075e-01 1.116098354246900654e-02 6.755609999999999393e-02 7.142091579200826601e-01 -2.036794628280984287e-03 -6.999293751591867396e-01 1.380055400000000043e+00
-7.050980488495161014e-01 1.838228021854489136e-02 -7.088715209983911247e-01 -4.092350500000000224e+00 1.394354780945502442e-02 9.998300763549063941e-01 1.205802183724312068e-02 6.748099999999999932e-02 7.089727209019336396e-01 -1.382096273377188267e-03 -7.052345502219813378e-01 1.359221100000000071e+00
-7.130223924542595793e-01 1.804549248635920616e-02 -7.009090012688732330e-01 -4.112212699999999721e+00 1.403702857129859177e-02 9.998357788002674162e-01 1.146199196262767672e-02 6.812680000000000125e-02 7.010007344416218089e-01 -1.666022745207257523e-03 -7.131586041551487565e-01 1.339126800000000062e+00
-7.304722583547819115e-01 1.772526930820901570e-02 -6.827123073462320058e-01 -4.130705800000000316e+00 1.374782090181071031e-02 9.998422123075160206e-01 1.124935146858072402e-02 6.868939999999999768e-02 6.828039815309487892e-01 -1.168467356577101469e-03 -7.306006826505981877e-01 1.319592799999999899e+00
-7.378534128091537303e-01 1.763017829630497690e-02 -6.747307003680246273e-01 -4.148038399999999903e+00 1.405652049511584706e-02 9.998433751917688017e-01 1.075357227633130103e-02 6.895690000000000153e-02 6.748146081980256339e-01 -1.549805914426056162e-03 -7.379856656224242917e-01 1.300832900000000070e+00
-7.440024233815478727e-01 1.763446845049209885e-02 -6.679441739583124038e-01 -4.164208900000000213e+00 1.416165623679934739e-02 9.998432901472501522e-01 1.062274164952235929e-02 6.904200000000000614e-02 6.680268269276424808e-01 -1.555850246769786144e-03 -7.441355641514487695e-01 1.282384299999999921e+00
-7.506651551869232275e-01 1.796268994887913542e-02 -6.604386167979525712e-01 -4.179882000000000097e+00 1.457073454921427834e-02 9.998373100132827984e-01 1.063236568685502377e-02 6.933860000000000023e-02 6.605221559364142792e-01 -1.641729333086074105e-03 -7.508047590698317952e-01 1.264676200000000028e+00
-7.604224381247508546e-01 1.812964484664416134e-02 -6.491756554077980912e-01 -4.201898100000000191e+00 1.483094092712072473e-02 9.998343556783172437e-01 1.055008988304342865e-02 6.962260000000000670e-02 6.492593925293848045e-01 -1.605360725378780599e-03 -7.605653581575456679e-01 1.239213899999999979e+00
-7.859626967135459052e-01 1.908283302195877551e-02 -6.179793563369463394e-01 -4.215939500000000173e+00 1.657787475757301066e-02 9.998146527655035198e-01 9.789493547567234416e-03 6.987029999999999630e-02 6.180516268430110705e-01 -2.550607624013677410e-03 -7.861333735171502912e-01 1.220739500000000088e+00
-8.195534856904790333e-01 1.781485378632733166e-02 -5.727256892065843985e-01 -4.231010000000000382e+00 1.616521627544688713e-02 9.998375820912526191e-01 7.968388838765024310e-03 7.021789999999999976e-02 5.727746239799327288e-01 -2.727713784381828252e-03 -8.197083564915980114e-01 1.198230399999999918e+00
-8.352617134308251146e-01 1.854206906790966530e-02 -5.495398636598464170e-01 -4.247565700000000000e+00 1.710862526837601122e-02 9.998237459481230660e-01 7.731234034054365253e-03 7.051949999999999885e-02 5.495863581076479987e-01 -2.944267811171796811e-03 -8.354317244808385778e-01 1.173412600000000028e+00
-8.592515883229236984e-01 1.791102252724364671e-02 -5.112395751861961157e-01 -4.262448799999999594e+00 1.642808670437419585e-02 9.998375341965985985e-01 7.417761043553079692e-03 7.069689999999999308e-02 5.112893759230355828e-01 -2.024965109393369028e-03 -8.594062331543443900e-01 1.147246599999999894e+00
-8.641843367777708451e-01 1.756818905561172844e-02 -5.028685621524481286e-01 -4.278088099999999727e+00 1.679947638030501039e-02 9.998405123586949772e-01 6.060316794521854178e-03 7.127630000000000077e-02 5.028948296227669923e-01 -3.210697682540938902e-03 -8.643416464333298910e-01 1.120718000000000103e+00
-8.805643543204685342e-01 1.718556057823729388e-02 -4.736149009562403700e-01 -4.302951799999999771e+00 1.658029268927043581e-02 9.998476642182710927e-01 5.453645716900735844e-03 7.136420000000000263e-02 4.736364764189048282e-01 -3.050387660459011156e-03 -8.807151544856068881e-01 1.075374199999999947e+00
-8.991793116838824318e-01 1.744838956293834689e-02 -4.372323399994096360e-01 -4.327462699999999884e+00 1.710549697234369990e-02 9.998425386298792628e-01 4.722279056511258580e-03 7.138690000000000313e-02 4.372458889606951060e-01 -3.232900836457645258e-03 -8.993361890523214885e-01 1.027333100000000110e+00
-9.178639949705065249e-01 1.750651193017078999e-02 -3.965087751573972974e-01 -4.350470500000000129e+00 1.743354678351608650e-02 9.998408473866795543e-01 3.788316728242391643e-03 7.204960000000000531e-02 3.965119899616247889e-01 -3.435394755382985797e-03 -9.180231151117850263e-01 9.757449000000000261e-01
-9.352109836496947937e-01 1.671476087692779292e-02 -3.536962437315352425e-01 -4.372246299999999586e+00 1.725999008944395854e-02 9.998497341744417843e-01 1.613013766371180656e-03 7.289669999999999483e-02 3.536700564128701374e-01 -4.596285470391361580e-03 -9.353589500062486906e-01 9.206168999999999603e-01
-9.446889661422456230e-01 1.869881599816948861e-02 -3.274341331159007495e-01 -4.393188499999999941e+00 1.895821377877219757e-02 9.998173968018819746e-01 2.399829707787595485e-03 7.247800000000000076e-02 3.274192165701536039e-01 -3.940473648510888112e-03 -9.448709590669045477e-01 8.640672000000000352e-01
