9.999999882215601099e-01 1.979957372324072740e-05 1.522000545424671814e-04 5.229999999999999732e-05 -1.980042604323569783e-05 9.999999997883000091e-01 5.598493186985350367e-06 1.009999999999999986e-05 -1.521999436624678261e-04 -5.601506746967578631e-06 9.999999884019000751e-01 1.287000000000000112e-04
9.999890798531849700e-01 4.524046620902014149e-03 1.171826161323679619e-03 -2.819799999999999911e-03 -4.523127926834210125e-03 9.999894621337398481e-01 -7.854522462129014809e-04 -3.888000000000000180e-04 -1.175367235356670863e-03 7.801433493233786692e-04 9.999990049436132677e-01 2.964229999999999990e-02
9.999883526642852072e-01 4.722357880302652765e-03 9.969312010321630842e-04 -3.211900000000000172e-03 -4.722414498541265861e-03 9.999888478562730665e-01 5.444618978699556077e-05 -6.329000000000000424e-04 -9.966629687187303875e-04 -5.915347799174716339e-05 9.999995015817721988e-01 5.199220000000000230e-02
9.999860621359193402e-01 5.026428870831163576e-03 1.615718633833463725e-03 -3.368900000000000193e-03 -5.027536074956727441e-03 9.999871293360402813e-01 6.819408187367192835e-04 -7.847999999999999941e-04 -1.612270111442377961e-03 -6.900543976568541179e-04 9.999984622038255999e-01 7.638759999999999994e-02
9.999735655533786849e-01 4.827816116700756228e-03 -5.436946386157096543e-03 -3.798600000000000067e-03 -4.823719612373190101e-03 9.999880721715720400e-01 7.663182654260801939e-04 -4.493000000000000249e-04 5.440581178865777114e-03 -7.400717033124702433e-04 9.999849260715434340e-01 1.011914000000000008e-01
9.998343243005940462e-01 4.970195604772526497e-03 -1.751059981910359567e-02 -5.302099999999999695e-03 -4.959793000821198679e-03 9.999874969755769838e-01 6.374526723200384494e-04 -3.768999999999999998e-04 1.751354914811660904e-02 -5.504981114797426059e-04 9.998464744889915545e-01 1.469396000000000035e-01
9.974489984542240784e-01 5.041846831809765166e-03 -7.120446097815635866e-02 -1.287660000000000020e-02 -4.965763304996020401e-03 9.999868948769879973e-01 1.245499529657477988e-03 -4.080999999999999992e-04 7.120980745279387181e-02 -8.887377589547085536e-04 9.974609633803880326e-01 2.508164999999999978e-01
9.967748635633508769e-01 5.353178623789558305e-03 -8.007006211365791382e-02 -1.438479999999999967e-02 -5.241866375222776001e-03 9.999849807964001913e-01 1.600318258127659751e-03 -6.746999999999999742e-04 8.007742631458344973e-02 -1.175440447147554912e-03 9.967879534457605439e-01 2.695063999999999793e-01
9.938568817944912759e-01 5.796801860520986796e-03 -1.105210188060199855e-01 -2.313039999999999888e-02 -5.779379001416829614e-03 9.999831850068999772e-01 4.779977134822808765e-04 -1.383000000000000006e-04 1.105219312538861937e-01 1.636815382763101285e-04 9.938736720128295010e-01 3.418450000000000100e-01
9.910307744970043853e-01 5.444170345815974726e-03 -1.335229006916548444e-01 -2.837440000000000101e-02 -5.410607288895183387e-03 9.999851739266067963e-01 6.142114776499798222e-04 2.824999999999999820e-04 1.335242649432422102e-01 1.137375033162863662e-04 9.910455376697617780e-01 3.780380999999999880e-01
9.761278483196137445e-01 5.992963410987688783e-03 -2.171140440516823034e-01 -4.136200000000000293e-02 -5.970990175918801032e-03 9.999818867761804952e-01 7.572290731399079723e-04 -3.259999999999999958e-05 2.171146494625370849e-01 5.572334382374831635e-04 9.761459514230722556e-01 4.329802999999999846e-01
9.738873922486588341e-01 6.359615088807318156e-03 -2.269425092727874183e-01 -5.091029999999999861e-02 -6.323567383316177834e-03 9.999796136519520928e-01 8.858758611527657936e-04 4.010999999999999917e-04 2.269435165732999193e-01 5.723429172512261350e-04 9.739077536958669068e-01 4.735299000000000036e-01
9.617105077849942285e-01 4.825613348509663267e-03 -2.740248395159443628e-01 -6.252789999999999737e-02 -4.503381341243157740e-03 9.999882307454778241e-01 1.804972859669293390e-03 -5.743000000000000275e-04 2.740303245489880135e-01 -5.018230160974348911e-04 9.617209207463652820e-01 5.129542999999999742e-01
9.539438279847707314e-01 5.984773937809356736e-03 -2.999255833213891331e-01 -7.691359999999999864e-02 -5.679753254858602163e-03 9.999820862474516625e-01 1.888805749171983475e-03 -8.806999999999999941e-04 2.999315146041278690e-01 -9.831127859973975546e-05 9.539607313103440900e-01 5.568644000000000371e-01
9.436667705616824664e-01 6.070173016733038454e-03 -3.308416224377335735e-01 -9.325400000000000356e-02 -5.672077872893109551e-03 9.999815618782496029e-01 2.168740680721126766e-03 -7.625999999999999966e-04 3.308486869707793487e-01 -1.700090683007247135e-04 9.436838016129278639e-01 6.035778000000000532e-01
9.105064043981893063e-01 5.825511821799601690e-03 -4.134539284634926593e-01 -1.350179999999999991e-01 -5.315337191554016412e-03 9.999830312028894497e-01 2.384218283011566887e-03 -4.355000000000000147e-04 4.134608019394594991e-01 2.680102679083052990e-05 9.105219187593914798e-01 7.013276000000000510e-01
8.953849068771511099e-01 6.268625194764270575e-03 -4.452488886844784277e-01 -1.620608000000000049e-01 -5.695625082122247537e-03 9.999803347349197624e-01 2.624880637609271379e-03 3.130000000000000187e-05 4.452565871399539743e-01 1.856922329089571999e-04 8.954030026344982351e-01 7.539770999999999557e-01
8.669111272005070035e-01 6.492685597971300723e-03 -4.984204475838368564e-01 -1.914752999999999872e-01 -5.858250788456892399e-03 9.999788162447496020e-01 2.836892569152503919e-03 3.228999999999999882e-04 4.984283082185901881e-01 4.605382451703097547e-04 8.669307985478880152e-01 8.050928000000000528e-01
8.599183213729650888e-01 6.812560566082594485e-03 -5.103861965077380880e-01 -2.213108000000000020e-01 -6.226138883148601977e-03 9.999765346618498807e-01 2.857502455968238472e-03 8.027999999999999980e-04 5.103936870315988195e-01 7.205166282438183346e-04 8.599405590470068361e-01 8.562516000000000016e-01
8.266851166886024505e-01 5.852860783153177385e-03 -5.626343944927334473e-01 -2.532575000000000243e-01 -4.915844915892177147e-03 9.999828624288418233e-01 3.179515274800241535e-03 1.063600000000000049e-03 5.626433615660231258e-01 1.373654717117453721e-04 8.266997210695141707e-01 9.049971999999999461e-01
8.058670126831175562e-01 6.066394727480080643e-03 -5.920655003664699878e-01 -2.911077000000000248e-01 -5.953991485366925962e-03 9.999799809141745044e-01 2.141904824998373466e-03 2.247600000000000205e-03 5.920666413965410824e-01 1.799062505188476048e-03 8.058869992247810199e-01 9.555700000000000305e-01
7.643570591255022251e-01 5.306936258982634762e-03 -6.447713723425976262e-01 -3.324817999999999940e-01 -4.496886539354969826e-03 9.999856848192238967e-01 2.899684134541373297e-03 2.419199999999999823e-03 6.447775307627163777e-01 6.830696677779368037e-04 7.643699819062514944e-01 1.006070999999999938e+00
7.441535301140771441e-01 7.101797170393227276e-03 -6.679708736881480036e-01 -3.794379999999999975e-01 -6.702379824508318887e-03 9.999725306564012373e-01 3.164812367403168139e-03 2.569600000000000009e-03 6.679750008222202773e-01 2.121888211814882200e-03 7.441806876471407373e-01 1.058430299999999935e+00
7.201308982566470007e-01 7.056996982302402889e-03 -6.938023408505239464e-01 -4.278916999999999859e-01 -6.657351279836971024e-03 9.999725216972855657e-01 3.261215158297520959e-03 3.474699999999999837e-03 6.938062907253087497e-01 2.270384100462134128e-03 7.201580911897226267e-01 1.109833000000000069e+00
7.062854323109231114e-01 8.245423487205782651e-03 -7.078791571284531736e-01 -4.771274999999999822e-01 -8.059344366606520718e-03 9.999610196172822318e-01 3.606412947214432136e-03 3.317399999999999863e-03 7.078813001300098273e-01 3.157884969726314130e-03 7.063243537417953632e-01 1.158927700000000005e+00
6.822517476425115079e-01 8.258232539382176843e-03 -7.310706904493327052e-01 -5.289207000000000214e-01 -8.442688027226226757e-03 9.999585227198978243e-01 3.416702901120483114e-03 4.382699999999999790e-03 7.310685835526058440e-01 3.841150239847905632e-03 6.822931713766606787e-01 1.206533000000000078e+00
6.300359923293779030e-01 7.930359552941485674e-03 -7.765254392271363493e-01 -5.844757999999999898e-01 -9.589045655366369714e-03 9.999510665369394369e-01 2.432022832238961603e-03 5.289199999999999978e-03 7.765067279637409836e-01 5.913875970825055624e-03 6.300812070662371589e-01 1.251234200000000074e+00
5.967856680462906294e-01 8.203819928500045294e-03 -8.023587500321308630e-01 -6.407553999999999750e-01 -9.442644827551173459e-03 9.999502944848939201e-01 3.200784003125584348e-03 5.653199999999999718e-03 8.023451270327522922e-01 5.666206681254141661e-03 5.968334702650663903e-01 1.294445800000000091e+00
5.113184750414607738e-01 7.737917857112713675e-03 -8.593564695215319960e-01 -6.989992999999999901e-01 -7.898462575103454633e-03 9.999595425918661462e-01 4.304354587564123043e-03 6.778799999999999756e-03 8.593550089283384930e-01 4.586698889437847322e-03 5.113589060758332305e-01 1.331247999999999987e+00
4.031016274188468085e-01 8.584481947577582081e-03 -9.151149570638482666e-01 -7.588660000000000405e-01 -8.796438741071397130e-03 9.999461546447534488e-01 5.505495131722471479e-03 7.402999999999999858e-03 9.151129441974644729e-01 5.830478613506454889e-03 4.031554351380937096e-01 1.358261299999999894e+00
3.835745614313488261e-01 9.020649666904845959e-03 -9.234658541074137750e-01 -8.157645000000000035e-01 -1.080330600671843000e-02 9.999277011929813552e-01 5.280243010038297019e-03 8.369299999999999656e-03 9.234467198501891128e-01 7.951117311851604169e-03 3.836442822868856295e-01 1.382415100000000008e+00
3.484819043962621432e-01 8.970526369749973195e-03 -9.372725814644337072e-01 -8.722666999999999504e-01 -1.165176204313344774e-02 9.999183969472387190e-01 5.237927811117126450e-03 8.640600000000000017e-03 9.372430841300692927e-01 9.095554030068753529e-03 3.485579896476933559e-01 1.403302700000000014e+00
3.375570257938441121e-01 9.058369850335654463e-03 -9.412614940986744339e-01 -9.277879999999999461e-01 -1.183611122541150355e-02 9.999154874367867096e-01 5.378146066533287008e-03 9.047100000000000627e-03 9.412306629133339042e-01 9.325444745845082317e-03 3.376357138574330730e-01 1.423621400000000037e+00
3.025974107896917675e-01 8.767405922099928348e-03 -9.530781392817545550e-01 -9.840754000000000445e-01 -1.286645798879170431e-02 9.999041505066560420e-01 5.113126087346962084e-03 9.925200000000000342e-03 9.530316160769259914e-01 1.071552112403204721e-02 3.026812124411477622e-01 1.441471900000000028e+00
2.700631690341662727e-01 8.723560997829678254e-03 -9.628030869366487332e-01 -1.041244300000000012e+00 -1.163915238660017532e-02 9.999154700393457773e-01 5.795076161333569467e-03 1.055930000000000063e-02 9.627722549299727595e-01 9.641175214220620501e-03 2.701418754609211659e-01 1.457622500000000043e+00
2.104358859555947869e-01 9.071789424092754212e-03 -9.775655684089579189e-01 -1.098075300000000087e+00 -1.202546045114567461e-02 9.999053086858766815e-01 6.690438157529112959e-03 1.078619999999999926e-02 9.775336956867635152e-01 1.034776780019290750e-02 2.105250519499555217e-01 1.469883199999999945e+00
1.731944293141906011e-01 8.776758642270336697e-03 -9.848485457989302194e-01 -1.155690399999999896e+00 -1.001710844335273326e-02 9.999242681400205557e-01 7.149512086731030572e-03 1.117489999999999976e-02 9.848367109287541332e-01 8.627079017809831038e-03 1.732692307210212945e-01 1.481117500000000087e+00
1.562419962602156764e-01 8.981305627703928957e-03 -9.876779711797996075e-01 -1.214834100000000028e+00 -1.189463925669854982e-02 9.999032559428406852e-01 7.210846819829192303e-03 1.173410000000000078e-02 9.876471820248242661e-01 1.062143606711487588e-02 1.563337101660945416e-01 1.489875899999999920e+00
1.553655946972471724e-01 9.528142010522924407e-03 -9.878110884648936274e-01 -1.245058800000000021e+00 -1.210299052913848226e-02 9.998967909666399700e-01 7.741126201473404016e-03 1.176289999999999975e-02 9.877828959870798009e-01 1.075276357235022649e-02 1.554648785769147112e-01 1.494746099999999966e+00
1.403210740687154401e-01 8.872246842765940666e-03 -9.900663005113157222e-01 -1.303822599999999943e+00 -1.290328810340370114e-02 9.998913173709981228e-01 7.131521731746418707e-03 1.254940000000000049e-02 9.900219701240586812e-01 1.177440792782553231e-02 1.404203047626180201e-01 1.503395999999999955e+00
1.059486685600812411e-01 9.091977956466840843e-03 -9.943300335236712195e-01 -1.364688300000000076e+00 -1.214168873022561726e-02 9.998954797652520599e-01 7.849136245136218229e-03 1.344189999999999968e-02 9.942974700888685957e-01 1.124124022764036272e-02 1.060479867466616044e-01 1.510675500000000060e+00
8.865511535732384374e-02 9.303147466412305805e-03 -9.960189365510064841e-01 -1.426603700000000030e+00 -1.355693879825756870e-02 9.998750283723696342e-01 8.132468737922265295e-03 1.355849999999999937e-02 9.959701199992899712e-01 1.278198281062725358e-02 8.877015818409317305e-02 1.516189699999999974e+00
7.393631878053040507e-02 9.413706606719456776e-03 -9.972185331676832742e-01 -1.485776699999999950e+00 -1.471903561787240439e-02 9.998568259933590108e-01 8.347305251739170484e-03 1.418059999999999980e-02 9.971543364773896023e-01 1.406092608644662900e-02 7.406429370437483950e-02 1.520195699999999928e+00
7.221110752988475767e-02 9.371822549320025370e-03 -9.973453388327490066e-01 -1.541848300000000060e+00 -1.403102927575753181e-02 9.998664471765278394e-01 8.379619803459368091e-03 1.477859999999999938e-02 9.972906728565998913e-01 1.338868002051546609e-02 7.233295984914478449e-02 1.524476399999999954e+00
5.791501803771424706e-02 9.397120757123303414e-03 -9.982772885361897997e-01 -1.599726900000000063e+00 -1.497762818942958638e-02 9.998513327553282259e-01 8.543011249734881740e-03 1.498290000000000038e-02 9.982091571106278538e-01 1.445705740702218217e-02 5.804715455230879950e-02 1.527674299999999930e+00
4.669966876520253302e-02 9.058321062035858476e-03 -9.988679030566340877e-01 -1.664146499999999973e+00 -1.424672724124463781e-02 9.998632153102606779e-01 8.401275637715347258e-03 1.535500000000000059e-02 9.988073746724810409e-01 1.383826177539538606e-02 4.682233239493405197e-02 1.530919399999999930e+00
3.888605193073289834e-02 8.687102953578393696e-03 -9.992058892978534779e-01 -1.736333300000000079e+00 -1.584560784606415737e-02 9.998418352099470718e-01 8.075969043635247008e-03 1.609589999999999979e-02 9.991180068826850391e-01 1.551898212766978855e-02 3.901755395321404585e-02 1.533137999999999890e+00
3.878134891503143972e-02 9.464763604806983310e-03 -9.992028949248672465e-01 -1.814768299999999890e+00 -1.700676996166431559e-02 9.998165555646993941e-01 8.810504764853812482e-03 1.611239999999999895e-02 9.991029860588953593e-01 1.665153051961291986e-02 3.893519974974801734e-02 1.535873299999999997e+00
4.118237157637663626e-02 1.011007082718262673e-02 -9.991004948148184406e-01 -1.902076499999999948e+00 -1.858077066902312155e-02 9.997836325891316100e-01 9.351094493450881617e-03 1.734990000000000143e-02 9.989788622551986075e-01 1.817895692138655692e-02 4.136131396075271027e-02 1.537736200000000109e+00
4.163391329035564387e-02 1.055005686453527186e-02 -9.990772310308578819e-01 -1.994723299999999977e+00 -1.909816213180613037e-02 9.997699601396086155e-01 9.761506319850305619e-03 1.804470000000000032e-02 9.989503878908693180e-01 1.867412923271934838e-02 4.182582252725342009e-02 1.542183999999999999e+00
4.394799248965321897e-02 1.226092710681819797e-02 -9.989585795330105933e-01 -2.093094100000000068e+00 -2.077912227833222242e-02 9.997195940526740765e-01 1.135611485053882215e-02 1.807550000000000129e-02 9.988177021025764768e-01 2.025840402494238218e-02 4.419044051478437929e-02 1.545323599999999908e+00
4.598400439494051972e-02 1.218059760252051919e-02 -9.988679113786025354e-01 -2.190544800000000070e+00 -2.293081897054557311e-02 9.996750441522537223e-01 1.113479413952634181e-02 1.994450000000000042e-02 9.986789518564744839e-01 2.239283682866095512e-02 4.624837270238602027e-02 1.549015199999999925e+00
4.818891431028340944e-02 1.225663589207015396e-02 -9.987630366679604021e-01 -2.289144799999999869e+00 -2.355802204611893991e-02 9.996605025005055323e-01 1.113100793780008591e-02 2.089380000000000057e-02 9.985603878258294541e-01 2.299249044897077460e-02 4.846129639292839908e-02 1.552511699999999939e+00
5.055902808950166888e-02 1.434626971310834151e-02 -9.986180296910144305e-01 -2.390494100000000177e+00 -2.499062713444514042e-02 9.996019135127787170e-01 1.309515395168166577e-02 2.026170000000000054e-02 9.984083599580245716e-01 2.429401257326298594e-02 5.089742350078263478e-02 1.556869499999999906e+00
5.364578601075382230e-02 1.369345725705998010e-02 -9.984661330619268860e-01 -2.498706600000000222e+00 -2.520608697491522401e-02 9.996059282618011688e-01 1.235481134117434251e-02 2.182390000000000024e-02 9.982418458583577348e-01 2.450464062605433105e-02 5.396980419722230415e-02 1.561613799999999941e+00
5.755720873830019735e-02 1.522474259229548293e-02 -9.982261141320909470e-01 -2.598025600000000157e+00 -2.736345920572352125e-02 9.995321190377800535e-01 1.366689840972321046e-02 2.260370000000000087e-02 9.979671381476209469e-01 2.652829102756779772e-02 5.794688043893492235e-02 1.565337500000000048e+00
6.263120631616679590e-02 1.507521617857733934e-02 -9.979228777077669976e-01 -2.693002200000000013e+00 -2.896411934952008646e-02 9.994922172982830810e-01 1.328108995784794272e-02 2.458060000000000106e-02 9.976163650350210466e-01 2.807214664629075623e-02 6.303604363362791396e-02 1.568424800000000063e+00
6.494482000178021519e-02 1.558377122586805316e-02 -9.977671654395711132e-01 -2.785169400000000017e+00 -2.743987318341760753e-02 9.995278470679810345e-01 1.382520507351627306e-02 2.539419999999999872e-02 9.975115155799528788e-01 2.648072903125266511e-02 6.534177282075415150e-02 1.573381300000000094e+00
6.686598230407821142e-02 1.595850123717492894e-02 -9.976343351392703562e-01 -2.880504399999999965e+00 -2.648066487995672305e-02 9.995482625283808042e-01 1.421426269669455282e-02 2.698909999999999851e-02 9.974105046559448295e-01 2.546756986361874836e-02 6.725836815754282494e-02 1.579588200000000109e+00
6.923191568755363012e-02 1.638857612204294018e-02 -9.974659675512359547e-01 -2.970462299999999889e+00 -2.715807299690245480e-02 9.995254384719128860e-01 1.453743163784931500e-02 2.788049999999999903e-02 9.972308563824757721e-01 2.608279931721724579e-02 6.964414303049026866e-02 1.584665800000000013e+00
5.167113587863309682e-02 1.714266929421388169e-02 -9.985170116760562209e-01 -3.094938500000000037e+00 -2.530784877357777213e-02 9.995540322994099780e-01 1.585084554349697195e-02 3.018799999999999956e-02 9.983434311435448461e-01 2.445128633547315883e-02 5.208193630305180122e-02 1.593473099999999976e+00
5.034404701560064171e-02 1.764171264610552708e-02 -9.985761097207378478e-01 -3.174695999999999962e+00 -2.429949075390008817e-02 9.995696335318766668e-01 1.643418601729048495e-02 3.167849999999999833e-02 9.984362832345347050e-01 2.343752751170699589e-02 5.075106525922246092e-02 1.597194900000000084e+00
5.025583490656791025e-02 1.759657360233187265e-02 -9.985813495430914122e-01 -3.248282899999999973e+00 -2.360405578479564739e-02 9.995864261374951543e-01 1.642635784884180147e-02 3.280700000000000283e-02 9.984574100122408646e-01 2.274504955210404980e-02 5.065040091174288772e-02 1.601776400000000100e+00
5.018232532281299146e-02 1.596359137292620994e-02 -9.986124863908288907e-01 -3.325666399999999800e+00 -2.254747822019408099e-02 9.996355241440231243e-01 1.484688840175255389e-02 3.483769999999999922e-02 9.984855259096673263e-01 2.177114190350283238e-02 5.052397380563322660e-02 1.606213499999999961e+00
5.032343102165962034e-02 1.615110265936590267e-02 -9.986023704023012648e-01 -3.403449300000000122e+00 -2.236025907681739311e-02 9.996368274112904517e-01 1.504101383243553608e-02 3.588299999999999823e-02 9.984826343528594439e-01 2.157209229482702495e-02 5.066629777078246466e-02 1.610287299999999977e+00
5.025901080762878309e-02 1.578810317879017489e-02 -9.986114197377551349e-01 -3.480651599999999846e+00 -2.127136062792880228e-02 9.996651602430185468e-01 1.473419876805586240e-02 3.761339999999999822e-02 9.985096699830582345e-01 2.050129738128428705e-02 5.057801652901083855e-02 1.615396700000000019e+00
4.918204466941188124e-02 1.527995504523457261e-02 -9.986729441894134363e-01 -3.563995799999999825e+00 -1.980816204890726434e-02 9.997012398402623790e-01 1.432018778111979196e-02 3.915690000000000143e-02 9.985933923266164802e-01 1.907757939723782326e-02 4.947001885952628797e-02 1.620408300000000024e+00
4.862275132404292322e-02 1.652990760980165355e-02 -9.986804244642484285e-01 -3.690646599999999999e+00 -1.965126191201116770e-02 9.996853438305985939e-01 1.558977984333025264e-02 4.121230000000000032e-02 9.986238811278977945e-01 1.886731259902661717e-02 4.893228541918714924e-02 1.628039800000000037e+00
4.800625592918731505e-02 1.533530826107062581e-02 -9.987293065251462432e-01 -3.779702400000000129e+00 -1.880429781850186458e-02 9.997188071067549808e-01 1.444662938542191737e-02 4.321470000000000172e-02 9.986700144568348980e-01 1.808687473237400103e-02 4.828112661486838597e-02 1.634526600000000052e+00
4.693652921443750015e-02 1.476928381607119610e-02 -9.987886815942911278e-01 -3.872823700000000091e+00 -1.770272551237112718e-02 9.997459519323008692e-01 1.395152695625970912e-02 4.404580000000000300e-02 9.987409953209768210e-01 1.702644562255829080e-02 4.718606165729632984e-02 1.639807599999999921e+00
4.659187228979784490e-02 1.564146122434711961e-02 -9.987915408769231229e-01 -3.973457600000000145e+00 -1.795023420920677931e-02 9.997290594810026576e-01 1.481879620834878827e-02 4.542750000000000260e-02 9.987527154047520783e-01 1.723810662448737110e-02 4.686001655608984517e-02 1.644602099999999956e+00
4.649440081454420809e-02 1.698572233328735429e-02 -9.987741265820379022e-01 -4.023049399999999665e+00 -1.774733691901291335e-02 9.997116510136992984e-01 1.617550183909436182e-02 4.615890000000000271e-02 9.987608836579350280e-01 1.697351066456103189e-02 4.678244553826227392e-02 1.647274600000000033e+00
4.592538873049718112e-02 1.749661971747523692e-02 -9.987916334092985515e-01 -4.072143999999999764e+00 -1.774854015761172243e-02 9.997030641661599493e-01 1.669649122014525353e-02 4.717210000000000153e-02 9.987871885402948013e-01 1.696030056493104052e-02 4.622229129457811059e-02 1.649940500000000032e+00
4.608917175885875878e-02 1.778476345372322076e-02 -9.987789997969909184e-01 -4.118853099999999934e+00 -1.757540039110994795e-02 9.997011752634858972e-01 1.699015826580532740e-02 4.769469999999999960e-02 9.987827058713394379e-01 1.677087850114154094e-02 4.638797351281209735e-02 1.652455100000000066e+00
4.525953341723535500e-02 1.626856694939595935e-02 -9.988427846084022566e-01 -4.212408100000000211e+00 -1.705914562243766516e-02 9.997341758131566003e-01 1.551010192812380187e-02 5.016550000000000176e-02 9.988295951690091545e-01 1.633742454003523151e-02 4.552503019122589034e-02 1.657375800000000066e+00
4.381724047180344389e-02 1.425045940672995358e-02 -9.989379229182029363e-01 -4.310534500000000158e+00 -1.608533376769834267e-02 9.997787119084813323e-01 1.355688947360648641e-02 5.357979999999999687e-02 9.989100617548198890e-01 1.547422441723593153e-02 4.403676763418407081e-02 1.663629699999999989e+00
4.379848811509046147e-02 1.368342471028196478e-02 -9.989466734150678207e-01 -4.361892199999999775e+00 -1.596578244150161432e-02 9.997880902639272316e-01 1.299493583823871368e-02 5.444870000000000265e-02 9.989128021153110826e-01 1.537980671553927994e-02 4.400767337101263443e-02 1.666023299999999985e+00
4.413072382881575578e-02 1.424123482635843499e-02 -9.989242546084087238e-01 -4.413121699999999592e+00 -1.704851247116244070e-02 9.997635207927594303e-01 1.350002646613688781e-02 5.519240000000000257e-02 9.988802868396517987e-01 1.643440667277931699e-02 4.436307969977171251e-02 1.668519700000000050e+00
4.385907965908785594e-02 1.596873341793091441e-02 -9.989100963973109870e-01 -4.463110399999999700e+00 -1.637579193294820892e-02 9.997494036002164686e-01 1.526313989912385372e-02 5.567269999999999858e-02 9.989035061356161815e-01 1.568851662964012086e-02 4.410958938751219360e-02 1.670336400000000054e+00
4.363088924919054923e-02 1.521767742113695060e-02 -9.989318133872956418e-01 -4.512205599999999706e+00 -1.647606527702142470e-02 9.997589611910252527e-01 1.451064406666557373e-02 5.653389999999999804e-02 9.989118503533293003e-01 1.582535346045536168e-02 4.387109995816673713e-02 1.673007499999999981e+00
4.372204426638541530e-02 1.654294699160081469e-02 -9.989067592873728252e-01 -4.559822999999999737e+00 -1.444277227961200671e-02 9.997688725931049847e-01 1.592506586457614892e-02 5.740579999999999988e-02 9.989393320788042541e-01 1.373070641827662738e-02 4.395086491990340960e-02 1.675488499999999936e+00
4.255283004675024239e-02 1.625889648586856598e-02 -9.989619136584111381e-01 -4.605896000000000434e+00 -1.373707222960473054e-02 9.997825803169195780e-01 1.568709474061050907e-02 5.826859999999999679e-02 9.989997745252856554e-01 1.305528168612528003e-02 4.276692785932734164e-02 1.678270099999999987e+00
4.285044942485964625e-02 1.610466936060895790e-02 -9.989516898273274048e-01 -4.649562799999999996e+00 -1.294268858265789149e-02 9.997951176148066610e-01 1.556308471502964794e-02 5.897199999999999664e-02 9.989976605559893752e-01 1.226223545607877524e-02 4.305010784283591629e-02 1.680484400000000100e+00
4.206371305812627026e-02 1.567560906142554181e-02 -9.989919515813512341e-01 -4.693037000000000347e+00 -1.323145500789886866e-02 9.997979683299700326e-01 1.513113087770799961e-02 5.980629999999999974e-02 9.990273132613229912e-01 1.258164551311687085e-02 4.226262597194718751e-02 1.683277700000000099e+00
4.048581410620380461e-02 1.507815436921841439e-02 -9.990663381963059697e-01 -4.778864399999999790e+00 -1.179088140160835900e-02 9.998237200301595129e-01 1.461177541663781845e-02 6.184660000000000157e-02 9.991105414176805199e-01 1.118830308273219623e-02 4.065646199803674143e-02 1.688576800000000100e+00
3.963320138522399144e-02 1.524847563045974783e-02 -9.990979398131623057e-01 -4.821833599999999720e+00 -1.200464996914899288e-02 9.998186553129104759e-01 1.478326308369088890e-02 6.261379999999999724e-02 9.991421809367655449e-01 1.140791300942823466e-02 3.980906672722717143e-02 1.690668599999999966e+00
3.902988372878512385e-02 1.484485437776368773e-02 -9.991277688437154580e-01 -4.902532599999999796e+00 -1.073247309645633009e-02 9.998381926073677262e-01 1.443615685929549794e-02 6.460899999999999976e-02 9.991804052308830286e-01 1.015967037532880188e-02 3.918289040529443490e-02 1.694734900000000044e+00
3.782487268008048742e-02 1.518917985857779970e-02 -9.991689385794373379e-01 -4.976091900000000123e+00 -9.647150919730711899e-03 9.998434268286406912e-01 1.483422753946455827e-02 6.516149999999999720e-02 9.992378152801602020e-01 9.078030776795389251e-03 3.796548263025134595e-02 1.698549599999999993e+00
3.795174240381880143e-02 1.521474968581619167e-02 -9.991637386537361998e-01 -5.043859000000000314e+00 -9.319942451403023798e-03 9.998459821557975635e-01 1.487113444264491491e-02 6.586390000000000300e-02 9.992361101967923709e-01 8.747763080161698873e-03 3.808769774975440114e-02 1.701148399999999894e+00
3.698086337037671811e-02 1.463865048258987216e-02 -9.992087497897674808e-01 -5.108202900000000213e+00 -9.046137617254533178e-03 9.998566375224067215e-01 1.431334330603478006e-02 6.752690000000000081e-02 9.992750287776590579e-01 8.509660065789320660e-03 3.710798494897682431e-02 1.704428899999999913e+00
2.238408698999965266e-02 1.378268453760787479e-02 -9.996544354208413141e-01 -5.170623299999999922e+00 -7.746031193233384599e-03 9.998773444849032854e-01 1.361231011149496850e-02 6.869429999999999981e-02 9.997194364672409295e-01 7.438655305553387893e-03 2.248810256263478191e-02 1.706831200000000104e+00
2.091906845460911324e-02 1.361542334437987507e-02 -9.996884578818269196e-01 -5.231793900000000441e+00 -7.501192959057699852e-03 9.998812586332485042e-01 1.346108235551124292e-02 6.967130000000000545e-02 9.997530318429560525e-01 7.217262718246334266e-03 2.101871641355512743e-02 1.708623599999999909e+00
1.275244193569621994e-02 1.364702574960367440e-02 -9.998255517403356052e-01 -5.290918800000000033e+00 -7.948842769109169815e-03 9.998766487001909953e-01 1.354633835051996527e-02 7.043979999999999686e-02 9.998870891872286837e-01 7.774707214065451621e-03 1.285934696735724359e-02 1.709642799999999907e+00
3.958948061771015714e-03 1.445841624242887556e-02 -9.998876341519606914e-01 -5.344778999999999947e+00 -7.078574303271195287e-03 9.998708239884388504e-01 1.443014630949454938e-02 7.084319999999999506e-02 9.999671097171534129e-01 7.020650713503650935e-03 4.060781634330101753e-03 1.712701199999999924e+00
-2.438273679201925781e-02 1.387802860514659314e-02 -9.996063637595381524e-01 -5.398554299999999806e+00 -6.026599098141520623e-03 9.998834285471455141e-01 1.402887807757469824e-02 7.210600000000000342e-02 9.996845313646908204e-01 6.366289251982591713e-03 -2.429625714629113364e-02 1.712995800000000068e+00
-4.643940134097535033e-02 1.301029765587111142e-02 -9.988363800733317532e-01 -5.452267599999999881e+00 -5.243983706821989631e-03 9.998982260245474762e-01 1.326793984933801948e-02 7.294290000000000496e-02 9.989073443708251787e-01 5.854036886516937079e-03 -4.636644922955490689e-02 1.711243999999999987e+00
-8.126041318099827548e-02 1.297459776050829267e-02 -9.966084512297727072e-01 -5.507203600000000421e+00 -4.654543977959571532e-03 9.998994232914070190e-01 1.339695942625524459e-02 7.370999999999999774e-02 9.966820357917617335e-01 5.727400323401724350e-03 -8.119184944022905803e-02 1.707675800000000077e+00
-9.241768879518730273e-02 1.301515460622731241e-02 -9.956352628087918877e-01 -5.563794099999999965e+00 -3.581536842912752365e-03 9.999037560774486355e-01 1.340340165976528289e-02 7.446369999999999378e-02 9.957138863105199356e-01 4.804615779241891427e-03 -9.236217989856609911e-02 1.703393600000000063e+00
-9.978295477459178664e-02 1.313167932374512646e-02 -9.949225703212235539e-01 -5.618315700000000135e+00 -4.019596344421555792e-03 9.998994295454952663e-01 1.360050145476733412e-02 7.553880000000000317e-02 9.950011079298753947e-01 5.356285348218506673e-03 -9.972013550727243381e-02 1.699660500000000019e+00
-1.279168394511430440e-01 1.298669568949562154e-02 -9.916998678632049646e-01 -5.670051100000000233e+00 -2.085605994315490111e-03 9.999085332718841146e-01 1.336320836123483340e-02 7.629450000000000121e-02 9.917827042414413263e-01 3.777674567473634018e-03 -1.278780541859911857e-01 1.694173099999999987e+00
-1.490013847485962273e-01 1.254730697887693029e-02 -9.887573779398961538e-01 -5.720966299999999727e+00 -2.943664532042375784e-03 9.999094330439116662e-01 1.313242357396163934e-02 7.693679999999999963e-02 9.888326057438254768e-01 4.867319321862284380e-03 -1.489509550842001984e-01 1.686558000000000002e+00
-1.824131599853187069e-01 1.317475783739867692e-02 -9.831336963099659432e-01 -5.771728000000000414e+00 -1.829205644477226340e-03 9.999039438715751071e-01 1.373888775630101658e-02 7.777199999999999391e-02 9.832202668125187284e-01 4.304507636876423078e-03 -1.823715387419959644e-01 1.678498700000000010e+00
-1.914632194185431346e-01 1.340551902463118887e-02 -9.814082370092308549e-01 -5.819290200000000191e+00 -1.989482130855564981e-03 9.998993676737724101e-01 1.404622676881716464e-02 7.858940000000000370e-02 9.814977725755354987e-01 4.641829948444984970e-03 -1.914172819888316779e-01 1.669628600000000018e+00
-2.404656268161209920e-01 1.364470274673715289e-02 -9.705617468285485661e-01 -5.864350800000000419e+00 4.848549776284545934e-04 9.999027567993206134e-01 1.393706786843818511e-02 7.959769999999999346e-02 9.706575334460558757e-01 2.880804066917217257e-03 -2.404488588709610131e-01 1.659372300000000022e+00
-3.355809471561329582e-01 1.453445288771918267e-02 -9.418992396137962908e-01 -5.906689199999999751e+00 4.203305295628935456e-03 9.998941127901693759e-01 1.393181367058270344e-02 7.970810000000000395e-02 9.420019958208075694e-01 7.161611653593667054e-04 -3.356065061687583118e-01 1.645366200000000001e+00
-4.689250433322880163e-01 1.577033486772275520e-02 -8.830971635522175678e-01 -5.946527999999999814e+00 8.786176901110789861e-03 9.998744019632703761e-01 1.319027649651998563e-02 8.062510000000000510e-02 8.831942633595819547e-01 -1.573796922143458517e-03 -4.690047082194097605e-01 1.625250800000000106e+00
-5.941876146686720928e-01 1.605059240108486912e-02 -8.041663118148680844e-01 -5.981850599999999574e+00 1.024865691454388862e-02 9.998707909324632270e-01 1.238412175078726710e-02 8.112909999999999566e-02 8.042611787260414147e-01 -8.831328691579999265e-04 -5.942753372558327030e-01 1.599327100000000002e+00
-6.139532580570665754e-01 1.442215225342590411e-02 -7.892106172914118423e-01 -6.016562900000000269e+00 8.971367201700114133e-03 9.998959845702657390e-01 1.129312227823276067e-02 8.167989999999999973e-02 7.892913983388166743e-01 -1.468490308438267361e-04 -6.140187838687973798e-01 1.572884799999999972e+00
-6.227887153844676726e-01 1.395375316878189401e-02 -7.822656254510159668e-01 -6.049297799999999725e+00 8.726175684844451191e-03 9.999026406411783974e-01 1.088866827099274626e-02 8.214760000000000117e-02 7.823414023606839462e-01 -4.484755516110435630e-05 -6.228498439760702388e-01 1.547103399999999906e+00
-6.284960164207822331e-01 1.393144242159522796e-02 -7.776880301607198565e-01 -6.096780299999999819e+00 8.935606807967939533e-03 9.999029262949096220e-01 1.069078658705035177e-02 8.320850000000000468e-02 7.777614751800068227e-01 -2.299976744134252932e-04 -6.285594918755809113e-01 1.510157500000000041e+00
-6.361085230676143398e-01 1.403037455522749416e-02 -7.714720315543394102e-01 -6.126289800000000341e+00 8.924783202169560975e-03 9.999015694498973872e-01 1.082587901402473976e-02 8.333599999999999342e-02 7.715479862753410467e-01 1.213282360158600415e-06 -6.361711286069143823e-01 1.485979099999999997e+00
-6.435978952198276870e-01 1.377468487355646039e-02 -7.652398364730118585e-01 -6.154779399999999789e+00 8.862372323216792178e-03 9.999051245151374667e-01 1.054515647926291058e-02 8.386820000000000386e-02 7.653124901799345237e-01 5.000167435973736085e-06 -6.436589099434466554e-01 1.462693000000000021e+00
-6.507722471130350517e-01 1.399199243140413634e-02 -7.591440617796141321e-01 -6.182194199999999640e+00 9.512814375371710790e-03 9.999019640838155976e-01 1.027465736594464565e-02 8.411259999999999570e-02 7.592134013241012003e-01 -5.351346815228872136e-04 -6.508415512863034991e-01 1.439209200000000077e+00
-6.580551487150653189e-01 1.348230445543782859e-02 -7.528490211962581835e-01 -6.208342599999999933e+00 9.129923000805657482e-03 9.999090513441375450e-01 9.926406503182896857e-03 8.473150000000000126e-02 7.529143814243373090e-01 -3.413306870955314445e-04 -6.581183918853578119e-01 1.417059199999999963e+00
-6.651483367675864455e-01 1.380220468848151159e-02 -7.465836786596995456e-01 -6.233030799999999871e+00 9.614219824585332544e-03 9.999045770279907375e-01 9.919859658256324070e-03 8.493520000000000236e-02 7.466493533597124976e-01 -5.796414514248537583e-04 -6.652175637664039520e-01 1.395783900000000077e+00
-6.811744687980560986e-01 1.339578877693251187e-02 -7.319985627723117894e-01 -6.257611800000000279e+00 9.513648626518994220e-03 9.999101319819558853e-01 9.445551844061747526e-03 8.540440000000000531e-02 7.320593101296488658e-01 -5.299083614494206826e-04 -6.812406958261016943e-01 1.372379400000000027e+00
-6.886427584259983137e-01 1.381405899502152756e-02 -7.249691876497332821e-01 -6.283265600000000006e+00 9.977230015754238318e-03 9.999043771293485428e-01 9.575566760361978874e-03 8.549519999999999342e-02 7.250321414590148450e-01 -6.390396321679118682e-04 -6.887147344726288756e-01 1.348310700000000084e+00
-7.221721204089792678e-01 1.467465133853793416e-02 -6.915577221838330457e-01 -6.321611400000000103e+00 1.153385249925245604e-02 9.998914076329229461e-01 9.172959630197308895e-03 8.607449999999999823e-02 6.916172342781262694e-01 -1.351869055821784162e-03 -7.222629532930037177e-01 1.310012100000000013e+00
-7.761249998881696310e-01 1.546064348991092914e-02 -6.303895248586114386e-01 -6.345145200000000152e+00 1.301849935007553562e-02 9.998791744624015987e-01 8.494418818157139367e-03 8.606070000000000386e-02 6.304446868863754494e-01 -1.613994815373983281e-03 -7.762324985450397286e-01 1.279697099999999921e+00
-7.997106767559832852e-01 1.429049463816139606e-02 -6.002154740136943500e-01 -6.369905000000000150e+00 1.179993784226396336e-02 9.998976951978025829e-01 8.084590592057894903e-03 8.614370000000000360e-02 6.002696018868570738e-01 -6.171718716569186448e-04 -7.997974894618480324e-01 1.246390099999999945e+00
-8.160351877316461833e-01 1.461300183440044850e-02 -5.778174733955042663e-01 -6.395298999999999623e+00 1.202314184921887338e-02 9.998932102598849792e-01 8.307354347512292680e-03 8.616769999999999985e-02 5.778771638020056001e-01 -1.680879810658985826e-04 -8.161237377399214177e-01 1.210442699999999983e+00
-8.235011284282014454e-01 1.523367967814620236e-02 -5.671100655789335088e-01 -6.422398099999999665e+00 1.270687240010206359e-02 9.998839207523486650e-01 8.407164487418843091e-03 8.657940000000000080e-02 5.671723079199885165e-01 -2.828857978541040458e-04 -8.235991094606276430e-01 1.171995899999999979e+00
-8.302033852074557352e-01 1.604645640560556710e-02 -5.572296209166406333e-01 -6.448582599999999942e+00 1.377444252606919300e-02 9.998709200555883081e-01 8.270910487197516078e-03 8.700929999999999775e-02 5.572904125527157193e-01 -8.089895019203646211e-04 -8.303172535921489184e-01 1.133549200000000035e+00
-8.345759540188955050e-01 1.750895318519102295e-02 -5.506145780233295817e-01 -6.473437800000000131e+00 1.474725078503793911e-02 9.998466776068648532e-01 9.441391465098789709e-03 8.678299999999999903e-02 5.506954653596973781e-01 -2.404929787572012909e-04 -8.347062037599777273e-01 1.096918099999999896e+00
-8.495903415353941446e-01 1.773653941379607982e-02 -5.271448252040374927e-01 -6.508298899999999776e+00 1.552883963422332578e-02 9.998423184801362718e-01 8.613554195582857897e-03 8.782800000000000329e-02 5.272144788502938217e-01 -8.679550037453179732e-04 -8.497318047153021858e-01 1.043279599999999974e+00
-8.580774172892555729e-01 1.772569019210253061e-02 -5.132143273968637898e-01 -6.528378000000000014e+00 1.583994209040585216e-02 9.998421403662939300e-01 8.049259737443650864e-03 8.836259999999999948e-02 5.132759902555098508e-01 -1.222397219336874251e-03 -8.582227354086261473e-01 1.009886700000000026e+00
-8.629432978925027919e-01 1.675823854055409276e-02 -5.050227975680187109e-01 -6.547244100000000344e+00 1.492762696728228491e-02 9.998591486186403365e-01 7.671302153699439963e-03 8.889299999999999979e-02 5.050802219207713994e-01 -9.188931524254403786e-04 -8.630719118705217907e-01 9.775606000000000018e-01
-8.678859796693330075e-01 1.720801938239828813e-02 -4.964653163740017083e-01 -6.565594700000000117e+00 1.545920327231582563e-02 9.998513777125542790e-01 7.631220118184454601e-03 8.915399999999999714e-02 4.965228487467497898e-01 -1.051929295137440153e-03 -8.680230147393389606e-01 9.463428999999999869e-01
-8.721932095479405511e-01 1.740097059801378257e-02 -4.888519320210460983e-01 -6.582142400000000393e+00 1.565103709029446247e-02 9.998481262568624794e-01 7.666124094965649782e-03 8.926040000000000363e-02 4.889110862482672348e-01 -9.646983405426075124e-04 -8.723330895367039650e-01 9.158576999999999968e-01
-8.765640423622635957e-01 1.712045097240104050e-02 -4.809806334937287153e-01 -6.598303300000000426e+00 1.549277153766517347e-02 9.998529295019273899e-01 7.354821309545751112e-03 8.959040000000000059e-02 4.810358132900383610e-01 -1.004751170812261812e-03 -8.767003688874981382e-01 8.862959000000000254e-01
-8.951939488101950948e-01 1.748800871274613575e-02 -4.453335419265795347e-01 -6.613590699999999600e+00 1.646887772268030778e-02 9.998454141968151632e-01 6.158228329198860845e-03 9.010550000000000503e-02 4.453723948339917693e-01 -1.821334912106625011e-03 -8.953435724117154715e-01 8.547417999999999960e-01
