9.999999974639800504e-01 4.500072857509770962e-05 -5.519940592038866941e-05 1.733200000000000062e-03 -4.499927129509980947e-05 9.999999986390200046e-01 2.640124196192281849e-05 -2.790000000000000054e-05 5.520059392038695816e-05 -2.639875796192640148e-05 9.999999981280000005e-01 -2.287700000000000150e-03
9.999132332013785929e-01 1.221025489161724729e-03 -1.311621765298343935e-02 2.496899999999999814e-03 -1.218921586501320580e-03 9.999992429359126911e-01 1.683976469531506454e-04 -2.212000000000000099e-04 1.311641334098533583e-02 -1.523953947979579367e-04 9.999139645373056329e-01 2.269660000000000080e-02
9.997102078295568850e-01 1.219648358591463857e-03 -2.404189716443852140e-02 1.689799999999999983e-03 -1.205375840040605719e-03 9.999990886201303164e-01 6.081348476278759579e-04 -2.920999999999999985e-04 2.404261696380613142e-02 -5.789790929197048902e-04 9.997107668484628284e-01 4.651700000000000279e-02
9.988353189156747858e-01 5.245612934378929022e-04 -4.824655969156368962e-02 8.193000000000000196e-04 -4.895432554519998838e-04 9.999996081263831105e-01 7.376276033204579681e-04 -4.983999999999999715e-04 4.824692771589951523e-02 -7.131497245078272660e-04 9.988351842939090508e-01 6.970210000000000294e-02
9.980446496775462473e-01 1.643982795470398965e-03 -6.248339435876011649e-02 -5.649000000000000158e-04 -1.610425065090906370e-03 9.999985307308598692e-01 5.874242344433650226e-04 -5.450000000000000200e-04 6.248426826917208299e-02 -4.856507898498219544e-04 9.980458307924423567e-01 9.264650000000000662e-02
9.978406920445398454e-01 2.287058786285856970e-03 -6.564086122364511111e-02 -2.110799999999999916e-03 -2.259684695744643406e-03 9.999973262362705784e-01 4.912691580457243098e-04 -2.551000000000000207e-04 6.564180927693553935e-02 -3.418807071219150855e-04 9.978431920860273419e-01 1.162366999999999984e-01
9.972221292411241889e-01 1.561963714032228072e-03 -7.446868617851840066e-02 -3.650200000000000146e-03 -1.509500926986755360e-03 9.999985713147970801e-01 7.607728413629774979e-04 -1.956000000000000111e-04 7.446976808578120721e-02 -6.462489619148491888e-04 9.972230623102984470e-01 1.393043999999999949e-01
9.951817699536021911e-01 4.128757913161203164e-04 -9.804628644470197996e-02 -5.702099999999999877e-03 -3.138471433028676384e-04 9.999994249860728601e-01 1.025440146542065667e-03 -1.591999999999999936e-04 9.804665344613372469e-02 -9.897277931050895566e-04 9.951813272901121055e-01 1.620333999999999941e-01
9.936564555882138050e-01 1.316496895828737695e-03 -1.124505006827069969e-01 -8.271999999999999839e-03 -1.257411405310305879e-03 9.999990316368814192e-01 5.963571558839418727e-04 -2.325000000000000135e-04 1.124511768921339777e-01 -4.511775956890155099e-04 9.936571487461615115e-01 1.845397000000000010e-01
9.924229655838593400e-01 6.792536969169046075e-04 -1.228665780273600072e-01 -1.135979999999999976e-02 -6.709813761988954591e-04 9.999997689835800063e-01 1.087050115152243042e-04 -1.104000000000000001e-04 1.228666234814439484e-01 -2.544016428811950620e-05 9.924231920844389654e-01 2.075114999999999876e-01
9.892042536234637584e-01 -6.629739100975148977e-04 -1.465418202385938840e-01 -1.462130000000000027e-02 7.220726944072013717e-04 9.999996780219057024e-01 3.500958566980369750e-04 2.142000000000000024e-04 1.465415409509188416e-01 -4.521301576046659948e-04 9.892044138367209749e-01 2.301385999999999987e-01
9.827423973842366323e-01 -9.094451519100230173e-04 -1.849771696534436294e-01 -1.863949999999999982e-02 1.082703559988395245e-03 9.999990647286476353e-01 8.356403720362567435e-04 -3.160000000000000238e-05 1.849762366805108860e-01 -1.021494662666327154e-03 9.827424629129291045e-01 2.516142000000000101e-01
9.781217638033948836e-01 -1.523763706349816284e-04 -2.080331510975534925e-01 -2.323439999999999880e-02 2.116162587778121142e-04 9.999999431543811212e-01 2.625067496409177786e-04 1.577999999999999867e-04 2.080330992719545136e-01 -3.007867621060942589e-04 9.781217404467753562e-01 2.740517000000000092e-01
9.752549326715294065e-01 -8.658009771620423737e-04 -2.210815837841736131e-01 -2.804850000000000051e-02 9.973648949304135623e-04 9.999993857635968153e-01 4.834621964852892887e-04 1.258999999999999974e-04 2.210810294057746483e-01 -6.919979024644422284e-04 9.752551971539479281e-01 2.961017000000000232e-01
9.657656712616415895e-01 -7.034318314912504401e-04 -2.594150600798056927e-01 -3.918649999999999911e-02 8.356244960574907461e-04 9.999995711432217993e-01 3.993057400215131703e-04 1.104000000000000001e-04 2.594146679435307967e-01 -6.024093548994145829e-04 9.657658448913570837e-01 3.402378999999999820e-01
9.649429162727771736e-01 -2.168546421572890620e-05 -2.624598404798892393e-01 -4.553200000000000303e-02 9.805112662444127923e-05 9.999999565886424913e-01 2.778645169529253534e-04 2.625999999999999862e-04 2.624598230605301730e-01 -2.938578803700065659e-04 9.649428765095794391e-01 3.632657000000000247e-01
9.646957215673588326e-01 4.644085946897968400e-04 -2.633665679510026059e-01 -5.142589999999999661e-02 -3.348423516547265684e-04 9.999997998379986930e-01 5.368468700943070451e-04 2.368000000000000096e-04 2.633667645513238509e-01 -4.297075977568575594e-04 9.646956839755985724e-01 3.854469999999999841e-01
9.603700463864994763e-01 -7.820094321416253946e-04 -2.787270393500439480e-01 -6.371390000000000386e-02 6.701855527084142009e-04 9.999996521782859027e-01 -4.964822577756155446e-04 7.343999999999999617e-04 2.787273306565357656e-01 2.900078540084527175e-04 9.603702364403672309e-01 4.296636999999999817e-01
9.499206358055153343e-01 -2.939101814983440929e-03 -3.124774349474961355e-01 -7.732759999999999634e-02 3.074168640835405527e-03 9.999952729087071557e-01 -6.039377438011970948e-05 1.403399999999999960e-03 3.124761353415861365e-01 -9.032390389264197215e-04 9.499251807385807878e-01 4.746779999999999888e-01
9.443143095529318298e-01 -9.014417376402796998e-04 -3.290435718508465945e-01 -9.309409999999999907e-02 7.983882627517882363e-04 9.999995807992890784e-01 -4.483050613324514582e-04 1.144199999999999948e-03 3.290438380364408277e-01 1.606363587615979287e-04 9.443146333962048056e-01 5.197467999999999533e-01
9.391158853781338411e-01 -7.844422343761018549e-04 -3.435996776494772420e-01 -1.091958999999999985e-01 7.205141874735609877e-04 9.999996912180413311e-01 -3.137246047352814163e-04 1.498100000000000039e-03 3.435998176509256763e-01 4.705531738308837346e-05 9.391161605978504134e-01 5.640144000000000268e-01
9.384095653761195255e-01 -5.559958015356127221e-04 -3.455244976543214719e-01 -1.238231999999999944e-01 6.450721867394695972e-04 9.999997817427894731e-01 1.428154314495434308e-04 1.389800000000000063e-03 3.455243428363281577e-01 -3.569076102294989339e-04 9.384097192188929348e-01 6.045747000000000204e-01
9.329529430943426238e-01 -1.030294944738735985e-03 -3.599968672973849482e-01 -1.398264999999999925e-01 6.696733750551001193e-04 9.999991413178495048e-01 -1.126455118672710929e-03 1.569400000000000092e-03 3.599977187555150615e-01 8.098493010970898246e-04 9.329528319453961327e-01 6.476754999999999596e-01
9.287411156838600856e-01 -2.594240685427147159e-03 -3.707198537353575962e-01 -1.579052999999999984e-01 2.059765087556375638e-03 9.999961902527106927e-01 -1.837620158990102863e-03 1.784800000000000015e-03 3.707232086153804951e-01 9.430775846755248566e-04 9.287429209413046172e-01 6.941867000000000454e-01
9.256454340558313287e-01 -6.101251962811235063e-04 -3.783915408130004709e-01 -1.790660000000000029e-01 -2.988775851396211825e-04 9.999972092271357527e-01 -2.343546485423805056e-03 1.835899999999999902e-03 3.783919146649156739e-01 2.282385853685585820e-03 9.256426684369266633e-01 7.464912999999999688e-01
9.251713785247276389e-01 -8.878234320776996150e-05 -3.795496179373004653e-01 -2.025987999999999956e-01 -8.167688061585619405e-04 9.999971915070899886e-01 -2.224829577703322462e-03 1.579200000000000005e-03 3.795487495004725709e-01 2.368352935706957447e-03 9.251687076728219994e-01 8.040855999999999559e-01
9.254219094774772669e-01 -5.488423689091438077e-05 -3.789383676098007081e-01 -2.295200000000000018e-01 -8.480682956003293693e-04 9.999971851888717067e-01 -2.215940996369569326e-03 2.052599999999999911e-03 3.789374225900972171e-01 2.372045963706165359e-03 9.254192580440068205e-01 8.683769000000000071e-01
9.251066592888572693e-01 2.008600973260860718e-04 -3.797072933124032157e-01 -2.569946000000000175e-01 -1.183664273699477215e-03 9.999965267881339992e-01 -2.354856801577464784e-03 2.079800000000000138e-03 3.797055015117601351e-01 2.627939666367992179e-03 9.251036839483520735e-01 9.373667999999999445e-01
9.257048678960538846e-01 2.428207765072300586e-03 -3.782388152485134936e-01 -2.870019999999999794e-01 -3.198672064123474386e-03 9.999938919809229221e-01 -1.408722070682206454e-03 1.633099999999999960e-03 3.782330842887434152e-01 2.513922810245707799e-03 9.257069807134050698e-01 1.009326799999999968e+00
9.261947790652220736e-01 3.901175998505286048e-03 -3.770252140880677172e-01 -3.162956000000000101e-01 -4.709405451561016719e-03 9.999881641285106593e-01 -1.221926014056941507e-03 1.575800000000000031e-03 3.770159847176474677e-01 2.907306093225822154e-03 9.262021889623577309e-01 1.079643499999999978e+00
9.262661358290069646e-01 4.529275584550902616e-03 -3.768428469257160129e-01 -3.444516000000000244e-01 -4.967862992361386613e-03 9.999876416654663869e-01 -1.919729871607065829e-04 1.279799999999999991e-03 3.768373202771835295e-01 2.049921710179270981e-03 9.262771895427920343e-01 1.150027600000000039e+00
9.265892698440352238e-01 5.714011505230235863e-03 -3.760314815044290548e-01 -3.744761999999999813e-01 -5.693092670915538694e-03 9.999831134852189551e-01 1.166807716835454234e-03 -1.212000000000000051e-04 3.760317987959768682e-01 1.059630560995428053e-03 9.266061533776560610e-01 1.223902800000000068e+00
9.263645972339999979e-01 4.740683071823671019e-03 -3.765981398194917507e-01 -4.056625999999999843e-01 -5.255258280514167948e-03 9.999861335725594991e-01 -3.390029620552739101e-04 1.227900000000000085e-03 3.765913106431082458e-01 2.293160835118083878e-03 9.263766653804974549e-01 1.302153499999999964e+00
9.262923549958048675e-01 6.127753351205323176e-03 -3.767557878987296549e-01 -4.339883999999999964e-01 -6.438092954883652477e-03 9.999791804415500973e-01 4.354796780700907538e-04 8.804999999999999893e-04 3.767506125216388835e-01 2.022207287230091965e-03 9.263125210436580215e-01 1.372363900000000081e+00
9.256738274577845926e-01 6.415703635617630608e-03 -3.782681640139912149e-01 -4.594087000000000032e-01 -6.431509095758547977e-03 9.999785714814731774e-01 1.221584472480087124e-03 5.266999999999999547e-04 3.782678956115718139e-01 1.302046363288229640e-03 9.256952542953111873e-01 1.437049599999999927e+00
9.255445531128223546e-01 5.463226111978630208e-03 -3.785993044943892216e-01 -4.850689999999999724e-01 -5.459599125748416763e-03 9.999845097778617964e-01 1.083042804117636398e-03 4.073999999999999822e-04 3.785993568147891231e-01 1.064596063687410932e-03 9.255600432466005723e-01 1.499631799999999959e+00
9.265421884317962542e-01 5.701160087515403166e-03 -3.761476702435816999e-01 -5.123183000000000042e-01 -6.564380683304796293e-03 9.999779408459287255e-01 -1.013275767506877610e-03 1.731300000000000070e-03 3.761335958968068938e-01 3.408019247727800925e-03 9.265591742800589614e-01 1.563430700000000062e+00
9.258488662538353342e-01 5.395227930237654103e-03 -3.778554860949733252e-01 -5.316454999999999931e-01 -4.635876934558720054e-03 9.999849934241954452e-01 2.919173078011089943e-03 2.343000000000000031e-04 3.778655653821018090e-01 -9.510215520911260989e-04 9.258599840453587415e-01 1.616356700000000091e+00
9.223062768877902107e-01 6.411960430362855130e-03 -3.864065454632237273e-01 -5.493951000000000251e-01 -3.788682440133206604e-03 9.999643203402535097e-01 7.550094822098842376e-03 -1.230900000000000050e-03 3.864411695184025719e-01 -5.499528151970717316e-03 9.222976621955381038e-01 1.662525999999999948e+00
9.181823739908917537e-01 6.060486936209833961e-03 -3.961115986569265779e-01 -5.696567999999999632e-01 -3.677162843578430079e-03 9.999702825875589340e-01 6.775870068062907550e-03 4.908999999999999518e-04 3.961408923172056173e-01 -4.764917612456124468e-03 9.181773733839636575e-01 1.712667900000000021e+00
9.183342944632193472e-01 7.650986501818461162e-03 -3.957317096446659743e-01 -5.885523999999999756e-01 -5.048641760016138978e-03 9.999582446656836154e-01 7.617095345591269086e-03 5.525999999999999879e-04 3.957734640285023309e-01 -4.997132244977988032e-03 9.183345761976982047e-01 1.759244899999999889e+00
9.180331517368744976e-01 8.070498436310328746e-03 -3.964214920599668512e-01 -6.072741000000000389e-01 -6.298840787545061277e-03 9.999635107138069579e-01 5.770775134357096318e-03 1.485500000000000058e-03 3.964535999543881695e-01 -2.800767021311839459e-03 9.180504881471924783e-01 1.807166800000000073e+00
9.173992949531377672e-01 6.203897594369064267e-03 -3.979196467556285755e-01 -6.285665000000000280e-01 -4.296676186049213503e-03 9.999746122208313936e-01 5.684495364594542403e-03 1.855899999999999954e-03 3.979448104866274982e-01 -3.505220169467388770e-03 9.174026603614825470e-01 1.860545200000000010e+00
9.171381669233128475e-01 6.011652755324817590e-03 -3.985240805819579291e-01 -6.492537000000000447e-01 -3.488758887109562681e-03 9.999690236553905320e-01 7.055514943112852280e-03 1.000100000000000077e-03 3.985541510685506883e-01 -5.080527613769088985e-03 9.171307305423761491e-01 1.916427899999999962e+00
9.153006229490430190e-01 2.754971416591497566e-03 -4.027619393160029038e-01 -6.702523999999999704e-01 -1.296018268342913555e-03 9.999915751606830439e-01 3.894861268908513408e-03 3.859000000000000017e-03 4.027692763428486478e-01 -3.042982114585302249e-03 9.152964821816524932e-01 1.980938700000000052e+00
9.133692542757108068e-01 1.846159950621924705e-03 -4.071279860649089644e-01 -7.027514000000000260e-01 -1.207475204236936996e-03 9.999976044479971238e-01 1.825678476156025482e-03 6.128399999999999993e-03 4.071303812631319463e-01 -1.175921640189546251e-03 9.133692954445277179e-01 2.077289799999999964e+00
9.120136986456505168e-01 1.167737949221191738e-03 -4.101580791240890256e-01 -7.269466999999999457e-01 -8.745986376819620076e-04 9.999992104536563620e-01 9.023132974621307385e-04 6.262900000000000064e-03 4.101588089507569035e-01 -4.641983905194122483e-04 9.120139998705890649e-01 2.139413600000000137e+00
9.114965162493711137e-01 -3.240215054775807653e-04 -4.113076657142728521e-01 -7.531700999999999535e-01 1.440783283546393130e-03 9.999960697370959828e-01 2.405130742985473174e-03 5.073900000000000111e-03 4.113052698529279794e-01 -2.784873502511132307e-03 9.114934006731947314e-01 2.201524500000000106e+00
9.112339420629052000e-01 -9.840483953534428629e-04 -4.118880120630528663e-01 -7.814219999999999500e-01 1.555643120577082606e-03 9.999982361177278678e-01 1.052490339369742487e-03 6.137600000000000000e-03 4.118862498396606564e-01 -1.599815673341073961e-03 9.112338655816255573e-01 2.267709500000000045e+00
9.099498338845553036e-01 -1.682769280771144807e-03 -4.147149238947375749e-01 -8.099123999999999768e-01 3.367535871406226317e-03 9.999887810205174699e-01 3.331296332417318148e-03 5.515499999999999570e-03 4.147046654133819676e-01 -4.427879926926398500e-03 9.099452919619550606e-01 2.334185399999999966e+00
9.094269961419244597e-01 -2.219445002615158535e-03 -4.158576832909985366e-01 -8.242312000000000527e-01 4.458775531650949718e-03 9.999803184723686789e-01 4.413840579179587574e-03 5.601100000000000349e-03 4.158397023000983128e-01 -5.868281842279578046e-03 9.094189932364427076e-01 2.366474900000000048e+00
9.096896802829571582e-01 -2.482445943132122971e-03 -4.152812577625322188e-01 -8.530482999999999816e-01 4.371738794708092748e-03 9.999839680945245002e-01 3.598812837587274122e-03 6.773500000000000007e-03 4.152656661543332461e-01 -5.089304084898603128e-03 9.096859488292261542e-01 2.428043600000000080e+00
9.094737563692631976e-01 -3.241914037152950241e-03 -4.157486938872543836e-01 -8.813313000000000397e-01 4.193470111571185807e-03 9.999902610051958352e-01 1.375755495648059044e-03 7.749699999999999991e-03 4.157401848318316717e-01 -2.994643240213656216e-03 9.094784938786943940e-01 2.489654300000000209e+00
9.096685425486296106e-01 -3.346666756503305189e-03 -4.153214929654771570e-01 -9.106752999999999654e-01 3.346071713363316276e-03 9.999941360562429882e-01 -7.291482820140012281e-04 8.833000000000000573e-03 4.153214977599173352e-01 -7.264122445620905871e-04 9.096744064904266347e-01 2.553708600000000217e+00
9.101906155210373051e-01 -1.035757305870286561e-03 -4.141883274842962370e-01 -9.421234000000000552e-01 1.338274889686623826e-03 9.999990076181765053e-01 4.402078848626334376e-04 9.134899999999999617e-03 4.141874605027956457e-01 -9.549709239538679232e-04 9.101910983924087484e-01 2.620288599999999857e+00
9.100033358856576271e-01 -1.942007310260943607e-03 -4.145963787644340592e-01 -9.700883000000000145e-01 3.081793165361754877e-03 9.999930876115113998e-01 2.080211547450290174e-03 9.001500000000000820e-03 4.145894731271660416e-01 -3.170699733987595442e-03 9.100030304539298287e-01 2.682922099999999865e+00
9.093863922966459734e-01 -4.809338561088809770e-03 -4.159245842316795505e-01 -9.957677000000000334e-01 5.750588028604568420e-03 9.999829547700022081e-01 1.010399317670538245e-03 1.009029999999999996e-02 4.159126353490789629e-01 -3.310654325160432548e-03 9.093985481211872557e-01 2.742541300000000071e+00
9.086118810835801529e-01 -3.857608785340056658e-03 -4.176237162904152256e-01 -1.032862799999999970e+00 4.650281507301934000e-03 9.999887997006434714e-01 8.805425425006596293e-04 1.041899999999999944e-02 4.176156419911266071e-01 -2.742139260791670152e-03 9.086196433253100890e-01 2.826538300000000170e+00
9.082868211774524081e-01 -5.414739898164397901e-03 -4.183129582826640158e-01 -1.069425899999999929e+00 6.193968714136023103e-03 9.999806896565908154e-01 5.050400949208732476e-04 1.139669999999999919e-02 4.183021458550348903e-01 -3.049738638703347778e-03 9.083028205765457663e-01 2.906318399999999968e+00
9.081900036981336299e-01 -5.054595491470558963e-03 -4.185276194556359908e-01 -1.090750499999999956e+00 6.155679289150664188e-03 9.999802334458059994e-01 1.280753747006262979e-03 1.076610000000000067e-02 4.185128729146490034e-01 -3.739489549250605421e-03 9.082031663799888799e-01 2.952906800000000054e+00
9.081697558299761663e-01 -4.942767786436243205e-03 -4.185728892825367753e-01 -1.120375300000000074e+00 6.011924162694869817e-03 9.999811648990735158e-01 1.235562606272174119e-03 1.079639999999999940e-02 4.185588983208736735e-01 -3.638529057377537339e-03 9.081823659060526133e-01 3.017244300000000212e+00
9.016621635904903398e-01 -6.499697205814860407e-03 -4.323922948961378965e-01 -1.147990899999999925e+00 7.669355194568207995e-03 9.999701279879011917e-01 9.613130395787719985e-04 1.055889999999999954e-02 4.323731302245960584e-01 -4.182949688107309889e-03 9.016850776139589962e-01 3.076692599999999889e+00
9.011676917660025321e-01 -5.654436940836764930e-03 -4.334337534849092566e-01 -1.176458999999999921e+00 6.828401414276159820e-03 9.999760228463510092e-01 1.151810105714115053e-03 1.051969999999999988e-02 4.334168481395947459e-01 -3.997633709610523556e-03 9.011846950949973234e-01 3.134645200000000020e+00
8.952847601536100264e-01 -6.044750382993954903e-03 -4.454533187995126653e-01 -1.194300099999999976e+00 7.144969216236015351e-03 9.999741618273501054e-01 7.906279704504024560e-04 1.028180000000000066e-02 4.454370299510268527e-01 -3.890587422988108987e-03 8.953048171868127625e-01 3.170922299999999971e+00
8.758056737423997040e-01 -5.990844792908002654e-03 -4.826267000687888831e-01 -1.227666900000000005e+00 6.846198927565110177e-03 9.999765644466714898e-01 1.084786685969689815e-05 1.099570000000000061e-02 4.826153244571348977e-01 -3.313659019768954751e-03 8.758261632670236718e-01 3.237235099999999921e+00
8.523752807665662123e-01 -6.132459020248470262e-03 -5.228946104947749252e-01 -1.266561700000000013e+00 7.149236998111989545e-03 9.999744411722686355e-01 -7.357006073551255500e-05 1.033060000000000055e-02 5.228816970868861436e-01 -3.675588194287157141e-03 8.523973374565195771e-01 3.303443699999999872e+00
8.449236533971374863e-01 -5.667615877356585799e-03 -5.348568949357394020e-01 -1.287162799999999940e+00 6.953439708364591437e-03 9.999757491829701639e-01 3.882295451237229890e-04 9.936900000000000246e-03 5.348417238831092435e-01 -4.047119497161404122e-03 8.449425727335081460e-01 3.337149900000000002e+00
8.287799633533576849e-01 -6.286966158111632896e-03 -5.595393162241005802e-01 -1.317534699999999948e+00 7.493172651375125046e-03 9.999719164173177521e-01 -1.368951920797186091e-04 1.013280000000000083e-02 5.595244630108892059e-01 -4.079268709424488382e-03 8.288037975656075140e-01 3.385345699999999791e+00
8.039515473217293540e-01 -7.031708490060314606e-03 -5.946532305761972337e-01 -1.350336900000000062e+00 8.265299281997822919e-03 9.999656305272740520e-01 -6.500707424615362502e-04 9.915000000000000202e-03 5.946373637661664935e-01 -4.392361540448589535e-03 8.039820351060849024e-01 3.431357100000000049e+00
7.955122064875382870e-01 -5.742372990650889374e-03 -6.059103518522890308e-01 -1.371720000000000050e+00 6.380318226884985032e-03 9.999790403135866423e-01 -1.100214907228252341e-03 1.039660000000000063e-02 6.059039700056867428e-01 -2.990666473321823039e-03 7.955321709682101616e-01 3.460114499999999982e+00
7.785055514815357736e-01 -7.045497292705839992e-03 -6.275981734201656614e-01 -1.392281399999999891e+00 8.359374732685428966e-03 9.999646931562768959e-01 -8.563264280950851244e-04 1.036669999999999953e-02 6.275820481550666852e-01 -4.579673435015682581e-03 7.785369608597398905e-01 3.486399200000000143e+00
6.909356008572520302e-01 -8.850991590751615054e-03 -7.228621275290942894e-01 -1.427452100000000002e+00 1.053411949763876330e-02 9.999421496098902518e-01 -2.174801131449268215e-03 9.857599999999999349e-03 7.228395588195470900e-01 -6.112068505205936128e-03 6.909888673662913927e-01 3.522240899999999897e+00
6.409228966352005230e-01 -8.799302096298613346e-03 -7.675548272608035960e-01 -1.440461599999999898e+00 1.112414219977341315e-02 9.999357605226447676e-01 -2.174462765645668663e-03 9.620200000000000626e-03 7.675246536946310760e-01 -7.144726070188687009e-03 6.409796087710736279e-01 3.532089500000000104e+00
5.067132440446203701e-01 -8.978102366917747879e-03 -8.620679103108213059e-01 -1.468154900000000040e+00 1.132939257387406348e-02 9.999287714306578367e-01 -3.754587737990365635e-03 9.838100000000000664e-03 8.620402155199513583e-01 -7.864206448483299430e-03 5.067788680314635474e-01 3.548109800000000202e+00
4.370957373965737025e-01 -7.507705505807380289e-03 -8.993836504561240064e-01 -1.496087799999999968e+00 7.760224232090986649e-03 9.999594194592059671e-01 -4.575844695288945260e-03 9.949100000000000651e-03 8.993815070756198127e-01 -4.979336586916542282e-03 4.371362612933649139e-01 3.560672299999999790e+00
4.257475930914246809e-01 -7.093947685942470979e-03 -9.048141593073617539e-01 -1.522676600000000047e+00 6.745446500702799095e-03 9.999663631908812800e-01 -4.665987388403506318e-03 9.992499999999999646e-03 9.048168245166336998e-01 -4.116842604678453039e-03 4.257811241454974027e-01 3.572760600000000064e+00
4.216327480597134580e-01 -7.397057605749197615e-03 -9.067365159198076396e-01 -1.548513800000000051e+00 6.457084168468551696e-03 9.999658650945246752e-01 -5.155066420525808435e-03 9.860400000000000068e-03 9.067436968778198603e-01 -3.681329180601474859e-03 4.216661190892724287e-01 3.584909000000000123e+00
4.160668595413573034e-01 -7.125263400039719835e-03 -9.093061085315948811e-01 -1.573420599999999947e+00 6.026890411967751604e-03 9.999689447922190944e-01 -5.077995972614277390e-03 9.805499999999999980e-03 9.093140519003072297e-01 -3.367502429963495011e-03 4.160968816802519399e-01 3.596414600000000128e+00
4.066067222820818339e-01 -7.385918580713979505e-03 -9.135734352539708336e-01 -1.597496000000000027e+00 6.864113123119799757e-03 9.999637942710979388e-01 -5.029323809646113648e-03 9.633600000000000843e-03 9.135775048380159191e-01 -4.225914536324977371e-03 4.066426985699812535e-01 3.607317899999999966e+00
3.980843753230625670e-01 -7.086932586828012179e-03 -9.173214297672090956e-01 -1.620688399999999918e+00 6.119233911198018044e-03 9.999684249942184522e-01 -5.069910346557448926e-03 9.447000000000000536e-03 9.173283954506080695e-01 -3.595052307246903757e-03 3.981151724048218599e-01 3.617217300000000080e+00
3.899242510105764281e-01 -7.471737997509365903e-03 -9.208166221377293015e-01 -1.643917700000000037e+00 6.062300417557564547e-03 9.999662398173827516e-01 -5.546867506252398106e-03 9.365500000000000561e-03 9.208269799411225032e-01 -3.419408835049130620e-03 3.899563830170376111e-01 3.626838199999999901e+00
3.809415979605123015e-01 -7.557890653805023409e-03 -9.245682112381738982e-01 -1.665601799999999910e+00 5.923367549159742548e-03 9.999660187474158635e-01 -5.733678341190280754e-03 9.233299999999999841e-03 9.245801277662033524e-01 -3.292360749948263464e-03 3.809734212520909935e-01 3.636051199999999817e+00
3.723411664834837542e-01 -7.235462346852732096e-03 -9.280677258833784915e-01 -1.686414800000000103e+00 6.121579975732573120e-03 9.999670046369338872e-01 -5.340027718927708826e-03 8.795600000000000640e-03 9.280757415213045647e-01 -3.692928656971677416e-03 3.723731734129288595e-01 3.644436100000000067e+00
3.521170621305733661e-01 -7.068860682007396465e-03 -9.359292739118658666e-01 -1.708506599999999986e+00 5.849979717175522037e-03 9.999685683248333845e-01 -5.351644578232326623e-03 8.693400000000000433e-03 9.359376861168924311e-01 -3.590761902641049618e-03 3.521473471930691712e-01 3.652550499999999811e+00
3.431214254812015030e-01 -7.620585610478050956e-03 -9.392601418407476865e-01 -1.732022200000000067e+00 6.223185792066992725e-03 9.999635842540818276e-01 -5.839702417703904018e-03 8.622400000000000550e-03 9.392704399342851618e-01 -3.841463351809589095e-03 3.431563547786504742e-01 3.660768500000000092e+00
3.227286018044703275e-01 -7.658339412058473399e-03 -9.464605641096627275e-01 -1.755569099999999993e+00 6.987517326921107753e-03 9.999592924684290729e-01 -5.708590688134891449e-03 8.252999999999999919e-03 9.464657543614228841e-01 -4.771084099908004701e-03 3.227689770990607165e-01 3.668800399999999851e+00
2.642296505871631895e-01 -7.742376777907908694e-03 -9.644287155370349085e-01 -1.780742000000000047e+00 7.761542676794925405e-03 9.999524666761345770e-01 -5.901088339462256561e-03 8.006100000000000369e-03 9.644285614838780107e-01 -5.926212124347110012e-03 2.642771836613885261e-01 3.675306799999999985e+00
1.928971636163887282e-01 -7.006953556356847537e-03 -9.811939598624785930e-01 -1.807518699999999923e+00 5.994884320615555609e-03 9.999642547162269635e-01 -5.962436733689689509e-03 7.604600000000000422e-03 9.812006653232225872e-01 -4.732007151291355192e-03 1.929322743285465380e-01 3.679731400000000097e+00
1.652080726024824642e-01 -6.700061390883709292e-03 -9.862359767947685985e-01 -1.836613300000000004e+00 6.275478697826322033e-03 9.999638227098771592e-01 -5.742093569632134194e-03 7.278599999999999653e-03 9.862387698291352756e-01 -5.240462652063471345e-03 1.652441419146418733e-01 3.684268199999999993e+00
1.476602394075579305e-01 -6.827073213993696370e-03 -9.890145826879568336e-01 -1.867705299999999902e+00 5.852829364390425317e-03 9.999646981679987112e-01 -6.028831247805590404e-03 7.128500000000000288e-03 9.890208279336356600e-01 -4.898314925967676634e-03 1.476949844251728150e-01 3.688739299999999943e+00
1.358282808087484805e-01 -6.293194652514907776e-03 -9.907124072270445669e-01 -1.899166600000000038e+00 6.452002866484277642e-03 9.999642390462863961e-01 -5.467383980690585302e-03 6.936600000000000231e-03 9.907113857181366612e-01 -5.649453924671936703e-03 1.358640271698228208e-01 3.692925699999999978e+00
1.317580199718724199e-01 -6.740052677944104349e-03 -9.912589953503523343e-01 -1.930667799999999934e+00 5.796030294824824035e-03 9.999650289392323366e-01 -6.028841628516067377e-03 7.053099999999999647e-03 9.912649646819526872e-01 -4.951018931370988752e-03 1.317924778036594358e-01 3.696736800000000045e+00
1.208995122003643508e-01 -6.224585951321448193e-03 -9.926452349552927767e-01 -1.960301499999999919e+00 6.702190837717315886e-03 9.999626656033689942e-01 -5.454176141238158138e-03 6.578399999999999873e-03 9.926421251325618922e-01 -5.993490563890558134e-03 1.209367168529549286e-01 3.700344100000000136e+00
9.726617831737842390e-02 -5.711080503658190130e-03 -9.952420178604863832e-01 -1.988302699999999978e+00 6.847002332711033673e-03 9.999637111910981702e-01 -5.069009763435638680e-03 6.207700000000000023e-03 9.952348512359219246e-01 -6.321381210359923106e-03 9.730175242515171075e-02 3.703476199999999885e+00
8.111776159976459566e-02 -5.423497686984119978e-03 -9.966897683963065191e-01 -2.014662500000000023e+00 7.236225216841758734e-03 9.999620450648594172e-01 -4.852367908061212820e-03 5.991500000000000298e-03 9.966782559069176095e-01 -6.818658412277066663e-03 8.115392843111035592e-02 3.705667500000000114e+00
7.171606596394798638e-02 -5.736330899758083565e-03 -9.974085924988131957e-01 -2.040370699999999982e+00 6.166074473062024136e-03 9.999669034347581364e-01 -5.307688827902068592e-03 5.983999999999999736e-03 9.974060283596886123e-01 -5.769449099321717796e-03 7.174906305202199963e-02 3.707154000000000060e+00
6.276560409490630765e-02 -6.021560050062642853e-03 -9.980101300874478776e-01 -2.065504100000000065e+00 6.486227655357613454e-03 9.999631410712555013e-01 -5.625419958645396998e-03 6.024800000000000294e-03 9.980072183072644654e-01 -6.120238024108335187e-03 6.280234783130245191e-02 3.708528999999999964e+00
5.331932312341174790e-02 -5.370230955644123873e-03 -9.985630728207128826e-01 -2.089226000000000028e+00 6.877191994923702832e-03 9.999637986586312755e-01 -5.010549118131989860e-03 5.452499999999999881e-03 9.985538313040145386e-01 -6.600150883373614649e-03 5.335432500173287185e-02 3.709784299999999924e+00
4.445590039295824886e-02 -5.855842573169072959e-03 -9.989941851822811136e-01 -2.112476299999999974e+00 6.587958568265540188e-03 9.999627954379218808e-01 -5.568351809967527974e-03 5.502800000000000399e-03 9.989896254326940950e-01 -6.333786208502193912e-03 4.449282447890667846e-02 3.710745600000000088e+00
4.362400901186299848e-03 -6.514306791290462931e-03 -9.999692661604188126e-01 -2.136420499999999834e+00 6.705086803379334270e-03 9.999564925255044479e-01 -6.484972401641769628e-03 5.485199999999999972e-03 9.999680051228322375e-01 -6.676590680868049917e-03 4.405890096639830666e-03 3.710461099999999846e+00
-5.197075035900414197e-02 -6.621864192979330307e-03 -9.986266529698332173e-01 -2.164247500000000102e+00 6.018759653246082489e-03 9.999577773590071494e-01 -6.943920468347424338e-03 5.056800000000000184e-03 9.986304700134872592e-01 -6.371374564724273382e-03 -5.192870060763565832e-02 3.708242900000000120e+00
-8.027235232068423432e-02 -6.317866798517907286e-03 -9.967529453239758475e-01 -2.194795099999999888e+00 6.321982377403769122e-03 9.999565725239382141e-01 -6.847306404551935406e-03 4.858699999999999651e-03 9.967529192290958129e-01 -6.851103947117344502e-03 -8.022892485246235772e-02 3.706009900000000190e+00
-1.248645839013393793e-01 -6.137944545969605675e-03 -9.921548071364145738e-01 -2.225673399999999802e+00 5.581787736888426527e-03 9.999606938588060379e-01 -6.888714181583451175e-03 4.584699999999999713e-03 9.921580919051184999e-01 -6.398153965467613148e-03 -1.248254152527780159e-01 3.701626500000000153e+00
-1.541744381679837073e-01 -5.867280552289549055e-03 -9.880262231512415561e-01 -2.274353500000000139e+00 6.621154629588948438e-03 9.999537796113108223e-01 -6.971294888686111087e-03 3.852400000000000182e-03 9.880214587380971025e-01 -7.616669874339646214e-03 -1.541284639937338108e-01 3.694615600000000111e+00
-1.742522883624330887e-01 -6.933921097706971862e-03 -9.846766274968985488e-01 -2.328507399999999894e+00 5.300019129232912130e-03 9.999541183144404766e-01 -7.979414967253019644e-03 4.176100000000000298e-03 9.846867775072867257e-01 -6.609236279679403872e-03 -1.742075434592720296e-01 3.684910799999999931e+00
-2.067919123211685306e-01 -7.203604304823415377e-03 -9.783584277163320797e-01 -2.364975199999999944e+00 4.457870907214176240e-03 9.999555773045379903e-01 -8.304866315765718418e-03 3.929799999999999786e-03 9.783747913685881814e-01 -6.078774758753293164e-03 -2.067506133289659376e-01 3.677345499999999934e+00
-2.502932704889590521e-01 -7.334176174300364483e-03 -9.681422873771113879e-01 -2.421753199999999939e+00 4.241793554933777528e-03 9.999534025354024358e-01 -8.671790202072706191e-03 3.580700000000000029e-03 9.681607748382384804e-01 -6.277150445525963782e-03 -2.502504973959215340e-01 3.663522700000000132e+00
-2.945259760056365694e-01 -8.950928853612434566e-03 -9.556015541691973425e-01 -2.481336799999999787e+00 3.232148312577965473e-03 9.999410849069753082e-01 -1.036242888258223985e-02 3.756100000000000064e-03 9.556380081784174862e-01 -6.140650431236380907e-03 -2.944796932507718346e-01 3.645395800000000186e+00
-3.201456545334956938e-01 -7.695352590395549211e-03 -9.473370790968910216e-01 -2.541650300000000140e+00 3.743024576914507229e-03 9.999489295564089053e-01 -9.387653913973786554e-03 2.959600000000000165e-03 9.473609394788958804e-01 -6.551322576505135345e-03 -3.201005006590310620e-01 3.626061899999999838e+00
-3.552299453876113788e-01 -7.995861324293234568e-03 -9.347447523798126934e-01 -2.599235800000000207e+00 3.177746859428356128e-03 9.999473086398864563e-01 -9.761243196696463981e-03 2.615500000000000203e-03 9.347735489544042320e-01 -6.437868088919764149e-03 -3.551858190154241202e-01 3.605908900000000195e+00
-3.703919818086101601e-01 -8.053249859172759151e-03 -9.288406348661734091e-01 -2.651891899999999858e+00 2.216597717155588225e-03 9.999519055187673366e-01 -9.553708387130141477e-03 1.588199999999999898e-03 9.288729011584150319e-01 -5.597483013976380269e-03 -3.703563171831388834e-01 3.585430600000000023e+00
-3.704318257605847542e-01 -9.885231900175497910e-03 -9.288070545888200691e-01 -2.730149299999999890e+00 1.947335903388549422e-03 9.999329064333870587e-01 -1.141886660568818164e-02 7.039000000000000335e-04 9.288576157552668189e-01 -6.038610929583023215e-03 -3.703877223012150832e-01 3.554529699999999792e+00
-3.700122711391679031e-01 -7.649980854364715928e-03 -9.289953697405402000e-01 -2.798072799999999916e+00 3.448237290921362351e-03 9.999478998995192658e-01 -9.607660804086586015e-03 -2.402000000000000109e-04 9.290204674096371740e-01 -6.758348871487449006e-03 -3.699666145134056228e-01 3.526961099999999849e+00
-3.700375882010236706e-01 -7.900339040617430572e-03 -9.289831903546008629e-01 -2.893041600000000102e+00 2.897723479296584245e-03 9.999491609480812837e-01 -9.658090798175139949e-03 -1.906499999999999992e-03 9.290122639217455180e-01 -6.265793028145604307e-03 -3.699958828429328328e-01 3.489772100000000155e+00
-3.700545540540002287e-01 -8.897896223333770505e-03 -9.289674130273317676e-01 -2.948053600000000163e+00 2.710402874121329783e-03 9.999395351970592483e-01 -1.065737613811260955e-02 -1.898799999999999967e-03 9.290060714226546779e-01 -6.461686520409343562e-03 -3.700080618948146105e-01 3.467971599999999821e+00
-3.683271764491611866e-01 -8.429044883225876236e-03 -9.296580243785049769e-01 -3.031005400000000183e+00 1.144999260311958464e-03 9.999540277469107785e-01 -9.520050915007106929e-03 -2.573699999999999946e-03 9.296955308409750041e-01 -4.570951223433285943e-03 -3.683005923688293937e-01 3.434689800000000126e+00
-3.690300869959904362e-01 -9.019958936409919886e-03 -9.293736790078128696e-01 -3.117949700000000046e+00 7.819424025577665152e-04 9.999495387306556182e-01 -1.001541603869335675e-02 -3.265699999999999853e-03 9.294171202736749571e-01 -4.422706539497367126e-03 -3.690044121810126532e-01 3.400137700000000152e+00
-3.859974917190434618e-01 -8.467904938505979584e-03 -9.224609644708871015e-01 -3.174606999999999957e+00 9.761473098151875194e-04 9.999535602539937340e-01 -9.587725058221160598e-03 -3.873199999999999820e-03 9.224993135623659191e-01 -4.601295612642967645e-03 -3.859713001709434987e-01 3.376444799999999802e+00
-3.886429513891968002e-01 -9.366206538360326989e-03 -9.213408329769035010e-01 -3.229366499999999807e+00 7.027695877646310263e-04 9.999450276597352527e-01 -1.046172899084409948e-02 -3.914599999999999851e-03 9.213881714296099368e-01 -4.713367549017478605e-03 -3.886150044915236412e-01 3.353931699999999960e+00
-3.890387640837418837e-01 -9.632816727233768639e-03 -9.211710204311107653e-01 -3.278377499999999944e+00 1.101022971201010350e-04 9.999448352266284701e-01 -1.050306531804320181e-02 -4.167999999999999830e-03 9.212213783438150116e-01 -4.187522595812274463e-03 -3.890162422532390529e-01 3.333203999999999834e+00
-3.883033492276785625e-01 -1.007821898464563923e-02 -9.214764991472467193e-01 -3.323979399999999806e+00 -5.643957443776234303e-04 9.999426093470046295e-01 -1.069857325755854682e-02 -4.509599999999999893e-03 9.215314375733537622e-01 -3.634214413204957424e-03 -3.882867523488119366e-01 3.313210199999999883e+00
-3.883640836091873938e-01 -1.021510863461683183e-02 -9.214493963956887912e-01 -3.367866999999999944e+00 8.418062838883803162e-05 9.999381594716508781e-01 -1.112070798416721872e-02 -5.221800000000000400e-03 9.215060127183208882e-01 -4.396451754573579840e-03 -3.883392070548012942e-01 3.295065399999999922e+00
-3.881512715840919059e-01 -9.988986933981147676e-03 -9.215415403049858067e-01 -3.441125899999999849e+00 1.262134537916111653e-03 9.999345591530753863e-01 -1.137033103092761378e-02 -6.074500000000000038e-03 9.215948119342149969e-01 -5.576517854129945176e-03 -3.881132631907364683e-01 3.264100299999999955e+00
-3.888209063217639705e-01 -1.041924841816167790e-02 -9.212544393757475802e-01 -3.497227200000000202e+00 1.336515018993816861e-06 9.999360434150540433e-01 -1.130968954750030675e-02 -7.186299999999999633e-03 9.213133575528664743e-01 -4.398675010471388841e-03 -3.887960247389580237e-01 3.241037799999999969e+00
-3.889355241190954882e-01 -1.104426511571954955e-02 -9.211987745792209470e-01 -3.558208200000000154e+00 4.969606857215666182e-04 9.999254788633319402e-01 -1.219794040046330054e-02 -7.509199999999999729e-03 9.212648430870904459e-01 -5.202011917528439819e-03 -3.889010516361822711e-01 3.215424500000000130e+00
-3.884577942731273215e-01 -1.117783920084330744e-02 -9.213987182426816025e-01 -3.623693199999999948e+00 5.253743633843680622e-04 9.999235737388303402e-01 -1.235194977095201326e-02 -8.217500000000000845e-03 9.214663672919564119e-01 -5.282290428016400349e-03 -3.884222333461346821e-01 3.187581799999999799e+00
-3.880125998419725608e-01 -1.117302664058000480e-02 -9.215863420426552155e-01 -3.694810599999999834e+00 -7.526853854923883438e-04 9.999300241702223646e-01 -1.180594035428766779e-02 -9.702799999999999273e-03 9.216537613597545198e-01 -3.887189039321522696e-03 -3.879938581121985530e-01 3.157597299999999940e+00
-3.871129168619490968e-01 -1.013373561439972342e-02 -9.219766249754552945e-01 -3.768625000000000114e+00 -1.242851347076423703e-03 9.999444275508786451e-01 -1.046886481309358512e-02 -1.124660000000000069e-02 9.220314771845714574e-01 -2.906752903706360039e-03 -3.871039987760317436e-01 3.126677799999999952e+00
-3.872393198297405803e-01 -9.900957390693566201e-03 -9.219260709083715311e-01 -3.806465100000000046e+00 -2.764086229715610916e-03 9.999503107317299078e-01 -9.577885718232858128e-03 -1.158430000000000050e-02 9.219750913148981875e-01 -1.160650793521830759e-03 -3.872474452912774145e-01 3.110992200000000096e+00
-3.872393705987282608e-01 -9.330938013202415282e-03 -9.219319950267990116e-01 -3.878332900000000194e+00 -2.559581444939759524e-03 9.999558125722882718e-01 -9.045520754571930583e-03 -1.209159999999999922e-02 9.219756604168716230e-01 -1.143021735771281716e-03 -3.872461427828353120e-01 3.081113799999999792e+00
-3.875190210040220240e-01 -8.500429050793890245e-03 -9.218225160333395340e-01 -3.944493500000000097e+00 -2.286186786051436996e-03 9.999632728994024555e-01 -8.259915392696539835e-03 -1.292240000000000055e-02 9.218588729898211653e-01 -1.093415871313706007e-03 -3.875242221225257966e-01 3.053436800000000062e+00
