1.000000000000000000e+00 0.000000000000000000e+00 0.000000000000000000e+00 0.000000000000000000e+00 0.000000000000000000e+00 1.000000000000000000e+00 0.000000000000000000e+00 0.000000000000000000e+00 0.000000000000000000e+00 0.000000000000000000e+00 1.000000000000000000e+00 0.000000000000000000e+00
9.999453712340471423e-01 4.986128062768862418e-04 -1.044059063813514675e-02 -5.584999999999999687e-04 -5.041734699175938906e-04 9.999997324676360710e-01 -5.299752526520820021e-04 4.024000000000000233e-04 1.044032359249127094e-02 5.352101695680617881e-04 9.999453551036469046e-01 2.291740000000000096e-02
9.994152201249898448e-01 3.693349986379679853e-05 -3.419380672628675316e-02 -1.132799999999999996e-03 -4.985380589642742351e-05 9.999999276918033475e-01 -3.770026339575208445e-04 1.548999999999999975e-04 3.419379032976752747e-02 3.784868618077489514e-04 9.994151497003531670e-01 4.483519999999999867e-02
9.988385341836033549e-01 1.165597876293038987e-03 -4.816870365228343581e-02 -2.255399999999999853e-03 -1.189717988630376207e-03 9.999991808577216590e-01 -4.720751988062487216e-04 1.334999999999999924e-04 4.816811394541260088e-02 5.288340728241938855e-04 9.988391027254917010e-01 6.668390000000000428e-02
9.986881319640479315e-01 2.043472515032658619e-03 -5.116482477484407543e-02 -3.508100000000000107e-03 -2.073976393154936936e-03 9.999977018276600127e-01 -5.431034144859040076e-04 2.850999999999999910e-04 5.116359737235867677e-02 6.485055732191591631e-04 9.986900749203631023e-01 8.918260000000000076e-02
9.982043740067816362e-01 1.079958934210414542e-03 -5.989041160678172659e-02 -4.667000000000000141e-03 -1.114255428559932093e-03 9.999992338161607375e-01 -5.392605413708019850e-04 3.248999999999999827e-04 5.988978334047670438e-02 6.050254473771449074e-04 9.982048125488269807e-01 1.110920999999999992e-01
9.965357173427475956e-01 1.114179062819211936e-03 -8.315841908785494285e-02 -6.491799999999999828e-03 -1.133471871363928539e-03 9.999993405467976215e-01 -1.847903858175005854e-04 2.485000000000000230e-04 8.315815835919028454e-02 2.784079485918627668e-04 9.965363230647049653e-01 1.330119999999999914e-01
9.952214324022288228e-01 1.266403190252572957e-03 -9.763552995818479407e-02 -8.588699999999999460e-03 -1.324096420660434738e-03 9.999989849868599068e-01 -5.261120781916933751e-04 6.830000000000000676e-05 9.763476458682469883e-02 6.528768718089676161e-04 9.952220990793289035e-01 1.545894999999999908e-01
9.941329264249826325e-01 8.441235426368476824e-04 -1.081619713815569761e-01 -1.131539999999999976e-02 -9.372575873868301899e-04 9.999992325400387516e-01 -8.102268499518602406e-04 1.229000000000000058e-04 1.081612044400157013e-01 9.068488177548196180e-04 9.941329546289605634e-01 1.769975000000000021e-01
9.913160502216974423e-01 1.162003032001033626e-04 -1.315008557779863696e-01 -1.432390000000000052e-02 -2.418198715589573800e-04 9.999995296126651390e-01 -9.393069776407409269e-04 5.540999999999999702e-04 1.315006847738937057e-01 9.629496030746252308e-04 9.913156120187248677e-01 1.992928999999999951e-01
9.855080362261081639e-01 -1.860725409316481781e-04 -1.696286411864737220e-01 -1.793269999999999934e-02 1.144327716625639034e-04 9.999999000933600390e-01 -4.321092578941596605e-04 4.184999999999999810e-04 1.696287046431137202e-01 4.064360706180714317e-04 9.855079590601082407e-01 2.200178000000000134e-01
9.813442204533247004e-01 1.335933220340503090e-03 -1.922543530463934336e-01 -2.235370000000000065e-02 -1.431468671998477023e-03 9.999989113574061506e-01 -3.580243617287272393e-04 3.661000000000000083e-04 1.922536654534773293e-01 6.265512216052241193e-04 9.813450644667598421e-01 2.414109999999999867e-01
9.785732564961737712e-01 5.228707905087392918e-05 -2.058989532186483173e-01 -2.649699999999999972e-02 -1.506172211822716335e-04 9.999998819854855059e-01 -4.618911861854324411e-04 4.831999999999999815e-04 2.058989047686423657e-01 4.830062903904904794e-04 9.785731488856604932e-01 2.629115000000000202e-01
9.734180377074274082e-01 -7.830885463573305063e-04 -2.290343001346087370e-01 -3.171319999999999695e-02 7.204191347908527705e-04 9.999996766892789157e-01 -3.572360673197254571e-04 1.492999999999999969e-04 2.290345058328366878e-01 1.827393393082822224e-04 9.734182871429127859e-01 2.836480000000000112e-01
9.698818883868064455e-01 1.014963370449231857e-04 -2.435756808011340369e-01 -3.715159999999999990e-02 -2.958773842815146495e-04 9.999996663279593356e-01 -7.614463496907833157e-04 5.228000000000000225e-04 2.435755222427242461e-01 8.105815588533662498e-04 9.698815947948081773e-01 3.056283000000000194e-01
9.691626324849411667e-01 9.013825011350709918e-04 -2.464203305420344936e-01 -4.277040000000000008e-02 -9.672428527018456495e-04 9.999995215291991313e-01 -1.462280301614743211e-04 3.356000000000000259e-04 2.464200808297140055e-01 3.800670461315910518e-04 9.691630406247019325e-01 3.274484999999999757e-01
9.690107378105027314e-01 1.675897582349736336e-03 -2.470129174258679505e-01 -4.826949999999999991e-02 -1.712343718633121828e-03 9.999985316760319209e-01 6.726640689256054126e-05 3.629999999999999872e-04 2.470126674624895657e-01 3.577891470026053596e-04 9.690121847015091827e-01 3.491109000000000018e-01
9.648694270027433628e-01 1.244948965934842373e-03 -2.627269284589418552e-01 -5.960410000000000014e-02 -1.485945720970735387e-03 9.999986377866828535e-01 -7.186028756505426782e-04 7.006000000000000075e-04 2.627256759449141388e-01 1.083755899998811853e-03 9.648699625713493822e-01 3.920853000000000255e-01
9.623534704521810035e-01 7.017849734076324949e-04 -2.718001203209710059e-01 -6.571000000000000452e-02 -9.143859011771855901e-04 9.999993670776846644e-01 -6.555475983150248339e-04 7.045999999999999963e-04 2.717994882391556732e-01 8.793987042448149017e-04 9.623535030594796424e-01 4.135298000000000029e-01
9.509865586702322959e-01 6.476025011873302959e-04 -3.092315408226483653e-01 -8.001750000000000529e-02 -9.512385495096919562e-04 9.999992021797773356e-01 -8.311347848670127192e-04 7.969000000000000172e-04 3.092307558665061684e-01 1.084550971206587472e-03 9.509864159783882887e-01 4.575505000000000266e-01
9.500277879557613714e-01 1.589524944590294800e-03 -3.121612972844863831e-01 -8.725579999999999448e-02 -1.955735458709411279e-03 9.999977176834380366e-01 -8.600736773222742663e-04 8.714999999999999874e-04 3.121592177250233080e-01 1.427598811081457397e-03 9.500287283819032202e-01 4.795697999999999905e-01
9.449722985576642920e-01 6.354982112985876419e-04 -3.271497380415704925e-01 -1.016571000000000002e-01 -7.955984428783810037e-04 9.999996203009446916e-01 -3.555574275911062374e-04 9.652000000000000423e-04 3.271493878670146960e-01 5.962717417939616482e-04 9.449724453539625202e-01 5.220097000000000209e-01
9.444115943734258112e-01 6.492353753589760659e-04 -3.287648383061534396e-01 -1.153460000000000041e-01 -8.447593234921699484e-04 9.999995410886171054e-01 -4.518896330550931789e-04 9.500999999999999463e-04 3.287643940494913153e-01 7.044969712299016095e-04 9.444117094198315465e-01 5.618748999999999549e-01
9.394092961235009920e-01 9.544658043611337333e-04 -3.427962417410329032e-01 -1.301182999999999923e-01 -1.474679939450098667e-03 9.999981227463758948e-01 -1.256910020807693864e-03 1.132999999999999893e-03 3.427943985479117717e-01 1.686267698951918670e-03 9.394089401455698596e-01 6.024133999999999878e-01
9.354003633704299769e-01 9.362003440400372238e-06 -3.535903846526661787e-01 -1.466455000000000120e-01 -7.429847614062391921e-04 9.999978440446107841e-01 -1.939040942007640243e-03 1.136199999999999970e-03 3.535896041742628282e-01 2.076491869320789153e-03 9.353983536448012837e-01 6.476302999999999921e-01
9.321300866252130168e-01 7.595421869598850597e-04 -3.621228033467916441e-01 -1.661805000000000088e-01 -1.659535209902677231e-03 9.999962591757507457e-01 -2.174299287537800190e-03 1.074899999999999944e-03 3.621197972369916696e-01 2.627685325704412489e-03 9.321278601773842487e-01 6.986459000000000419e-01
9.317377806369796511e-01 8.535758990936608221e-04 -3.631308022488040632e-01 -1.874686000000000130e-01 -1.841221560661708556e-03 9.999954877151792099e-01 -2.373700159110220947e-03 1.036000000000000029e-03 3.631271375659496647e-01 2.880270380587884003e-03 9.317351479930842117e-01 7.535450000000000204e-01
9.320245008183047908e-01 1.912099719796594294e-03 -3.623902230318189477e-01 -2.117458000000000118e-01 -2.659765800842339191e-03 9.999952393407687268e-01 -1.564270335826621486e-03 1.074700000000000048e-03 3.623855067745875291e-01 2.421811400673348942e-03 9.320251495047036094e-01 8.141475000000000239e-01
9.321088521159847096e-01 3.314220943266062581e-03 -3.621630899837262607e-01 -2.368456999999999923e-01 -3.864344257684769381e-03 9.999922176539759455e-01 -7.946539758444117699e-04 6.576999999999999947e-04 3.621576378463934320e-01 2.140226862377723333e-03 9.321144054130362511e-01 8.791632000000000335e-01
9.325125970171104228e-01 5.446637418011955611e-03 -3.610963729328236504e-01 -2.638752999999999793e-01 -5.525029218840215792e-03 9.999844045671516524e-01 8.152757877258266957e-04 -2.513999999999999850e-04 3.610951819901992432e-01 1.234813069173693219e-03 9.325281469104024223e-01 9.474531000000000480e-01
9.331293854699400647e-01 7.148280017668072646e-03 -3.594696817052602245e-01 -2.910162000000000027e-01 -7.364441645445121178e-03 9.999725871383071674e-01 7.680958088130377011e-04 1.417000000000000020e-04 3.594653181765146699e-01 1.930560724165373502e-03 9.331564488142101155e-01 1.015687900000000088e+00
9.332275313016845653e-01 7.382518094489884906e-03 -3.592100684100431041e-01 -3.172417000000000153e-01 -7.480580678382136618e-03 9.999713962480411000e-01 1.116959469871635791e-03 1.671999999999999984e-04 3.592080396278423127e-01 1.644722568596149268e-03 9.332560630150734671e-01 1.084363699999999930e+00
9.337793369803037979e-01 9.324769959898723121e-03 -3.577278273964987210e-01 -3.451991999999999838e-01 -8.595765922844063323e-03 9.999564744785260917e-01 3.627941107063784032e-03 -1.682200000000000015e-03 3.577460868225170176e-01 -3.127517731697435077e-04 9.338188472875799118e-01 1.156234100000000042e+00
9.336142423085749265e-01 8.927768206386053201e-03 -3.581685937005624210e-01 -3.741107000000000182e-01 -8.555047367982706458e-03 9.999599587051114513e-01 2.625290651250039749e-03 -8.063999999999999771e-04 3.581776901526909640e-01 6.131405426254737164e-04 9.336532366652824377e-01 1.233969400000000105e+00
9.338392294772285274e-01 9.579646880782055618e-03 -3.575647128213514936e-01 -4.013262000000000218e-01 -9.104228921902473431e-03 9.999540165534105407e-01 3.012937841900296693e-03 -6.945999999999999701e-04 3.575771336440763948e-01 4.417514471769428200e-04 9.338835036290904501e-01 1.304036999999999891e+00
9.338015455802933795e-01 1.032389484475005302e-02 -3.576424061364782969e-01 -4.262156999999999751e-01 -9.585391660901094665e-03 9.999466950991043879e-01 3.837606947798158016e-03 -6.784000000000000100e-04 3.576629610940476600e-01 -1.554207618183905699e-04 9.338507279570029684e-01 1.369377400000000078e+00
9.332880512114490879e-01 7.860585835469008006e-03 -3.590426501911144208e-01 -4.503489999999999993e-01 -6.998800635701211623e-03 9.999686630615287619e-01 3.699957378200567464e-03 -7.173999999999999821e-04 3.590604827262357523e-01 -9.402580826648103494e-04 9.333138194943544352e-01 1.433969300000000002e+00
9.331129255561975144e-01 7.909721488086746133e-03 -3.594964596013918157e-01 -4.755287999999999737e-01 -6.446787681498855442e-03 9.999653423788535944e-01 5.268108743359801310e-03 -1.001699999999999900e-03 3.595256695822203752e-01 -2.598143014363944302e-03 9.331315783769902339e-01 1.499200199999999983e+00
9.334435430389743660e-01 9.280004761832614038e-03 -3.586042853487207416e-01 -4.880369999999999986e-01 -7.934182019616041123e-03 9.999548764325115746e-01 5.224352067023085681e-03 -1.006500000000000016e-03 3.586365858561086362e-01 -2.031406030553936475e-03 9.334750519831866988e-01 1.529912099999999997e+00
9.297447246725659697e-01 7.751128204919787226e-03 -3.681231681857111138e-01 -5.221048999999999829e-01 -5.853000185334394229e-03 9.999631984856683919e-01 6.272484606774313132e-03 -9.056000000000000031e-04 3.681582395280118547e-01 -3.677184502121441222e-03 9.297558760135762324e-01 1.617204400000000097e+00
9.258718112900832242e-01 7.437423702284321272e-03 -3.777645745528466215e-01 -5.436406000000000294e-01 -5.831589417092391744e-03 9.999684449873441627e-01 5.394589369302464459e-03 -3.402999999999999775e-04 3.777927760337550511e-01 -2.791730335407510873e-03 9.258859673947129609e-01 1.670080999999999927e+00
9.254304132267683336e-01 6.036343439864921834e-03 -3.788695195351677869e-01 -5.640374999999999694e-01 -4.255034391263673790e-03 9.999756082495296905e-01 5.538735262882359470e-03 -5.942000000000000233e-04 3.788937119526557540e-01 -3.513611227659212046e-03 9.254335252079852747e-01 1.721820700000000093e+00
9.250538012878284366e-01 6.742651458153696084e-03 -3.797762517249502201e-01 -5.834935999999999456e-01 -5.193198529945066561e-03 9.999734881514690255e-01 5.104280871241589392e-03 -4.739000000000000265e-04 3.798005995413481495e-01 -2.749480950616721951e-03 9.250642923292060615e-01 1.769553200000000048e+00
9.249566096724151087e-01 6.632811870924215300e-03 -3.800148365919366888e-01 -5.940229000000000203e-01 -5.226218600294282521e-03 9.999751422249479882e-01 4.733029826346035578e-03 -1.213999999999999964e-04 3.800367835650299009e-01 -2.391806614270876145e-03 9.249682818338510470e-01 1.795141600000000004e+00
9.250952962170029270e-01 7.352618084339600409e-03 -3.796638406860488590e-01 -6.155703999999999620e-01 -5.727704381915063071e-03 9.999689659292787525e-01 5.409305023959606537e-03 1.968000000000000131e-04 3.796918307255096048e-01 -2.829520389515849995e-03 9.251087003669764552e-01 1.847460499999999950e+00
9.246244028742109933e-01 5.679762456251171918e-03 -3.808378315083064680e-01 -6.363227000000000189e-01 -4.118981013830812221e-03 9.999794469816238873e-01 4.913207682689732167e-03 5.033000000000000364e-04 3.808579099938930734e-01 -2.974207922472767423e-03 9.246287938855881627e-01 1.899132800000000065e+00
9.246683164666462673e-01 5.062343027430023061e-03 -3.807399075560778390e-01 -6.591272000000000242e-01 -3.646838682550242790e-03 9.999834973341829025e-01 4.439102039774171261e-03 5.356999999999999566e-04 3.807560965898793559e-01 -2.716199986875529951e-03 9.246715185228048250e-01 1.954139400000000082e+00
9.241152213787062752e-01 3.755192751689284680e-03 -3.820954804019311424e-01 -6.815506000000000064e-01 -1.962335583903045653e-03 9.999851624293089047e-01 5.081747758887344632e-03 6.373000000000000409e-04 3.821088939755799552e-01 -3.946320897553683843e-03 9.241088787021433104e-01 2.010412000000000088e+00
9.239257786553363161e-01 2.635518261179096034e-03 -3.825626871241176175e-01 -7.042831000000000508e-01 -8.769028423993162520e-04 9.999882331393754598e-01 4.771228793000357842e-03 8.767000000000000053e-04 3.825707602229103110e-01 -4.072790969980556557e-03 9.239172180429258141e-01 2.066269899999999993e+00
9.235197740766076802e-01 2.073375483559460400e-03 -3.835452098561467627e-01 -7.156377999999999906e-01 -1.167022468642972283e-04 9.999868615981450937e-01 5.124745035397585899e-03 7.209000000000000130e-04 3.835507962057659870e-01 -4.688042789526345247e-03 9.235078824702724898e-01 2.094898500000000219e+00
9.234791665081927281e-01 1.578036513731324083e-03 -3.836453294725416518e-01 -7.281874000000000402e-01 2.305815113838436846e-04 9.999890770264177053e-01 4.668260920281335109e-03 1.074800000000000104e-03 3.836485056109307235e-01 -4.399503223609306339e-03 9.234687155036087614e-01 2.125114899999999807e+00
9.235093761441462989e-01 2.012525026592357474e-03 -3.835705696698680223e-01 -7.539206999999999992e-01 -5.404049332003443363e-04 9.999920698232058758e-01 3.945662581700714461e-03 1.443599999999999961e-03 3.835754686321296569e-01 -3.436572961221665348e-03 9.235031401299750309e-01 2.187250099999999975e+00
9.231665105039429386e-01 7.932259919931335199e-04 -3.843994857911479657e-01 -7.672582999999999487e-01 1.032100323466244012e-03 9.999891515529629737e-01 4.542196088617927313e-03 1.680300000000000023e-03 3.843989186416835735e-01 -4.589942146779373011e-03 9.231556768921445055e-01 2.219876999999999878e+00
9.232727765568341516e-01 2.148455579382592753e-03 -3.841389907411868476e-01 -7.936836000000000446e-01 -4.932564059112270159e-05 9.999850148293965013e-01 5.474274712930680097e-03 2.178400000000000041e-03 3.841449955889252310e-01 -5.035300912048038154e-03 9.232590471307116076e-01 2.281958799999999954e+00
9.234708934898533395e-01 2.032222753934896479e-03 -3.836631060549479666e-01 -8.060842000000000285e-01 4.573711476397014988e-06 9.999859133707414971e-01 5.307828102445715651e-03 2.656400000000000167e-03 3.836684882240565808e-01 -4.903379524607330911e-03 9.234578756029452329e-01 2.311835499999999932e+00
9.232939059147079464e-01 2.440104854579266090e-03 -3.840864605646247543e-01 -8.305356999999999879e-01 -7.049828589041554202e-04 9.999889017836883776e-01 4.658251670046030350e-03 3.406399999999999966e-03 3.840935645125170272e-01 -4.030161008135284099e-03 9.232853792313173713e-01 2.370892800000000022e+00
9.236427379798592963e-01 1.915279977596187578e-03 -3.832498196733774010e-01 -8.566504999999999814e-01 -8.990059464664237106e-04 9.999955891137770614e-01 2.830819898582884360e-03 4.561599999999999856e-03 3.832535510146997670e-01 -2.270122374986411999e-03 9.236403857449204668e-01 2.432074500000000139e+00
9.234173327244726837e-01 1.419262137390936429e-03 -3.837947567633066548e-01 -8.699379000000000417e-01 -6.401385812792150312e-04 9.999974671073986743e-01 2.157776954113576045e-03 4.576400000000000433e-03 3.837968471035387852e-01 -1.746846808485030909e-03 9.234159023319938875e-01 2.463986199999999904e+00
9.235148725163369043e-01 2.272707970196336576e-03 -3.835558825511821701e-01 -8.833086999999999467e-01 -1.493148684563937786e-03 9.999961703767348276e-01 2.330180008095050510e-03 4.744700000000000133e-03 3.835597094953271946e-01 -1.579249931627959690e-03 9.235147292932115448e-01 2.496531699999999798e+00
9.233714588963830572e-01 2.746059299679852461e-03 -3.838979135836607659e-01 -8.970711000000000102e-01 -1.371903770262693743e-03 9.999916350879948235e-01 3.853262784144231411e-03 4.770599999999999841e-03 3.839052835994971602e-01 -3.031321883464991717e-03 9.233675023044879415e-01 2.528112600000000043e+00
9.235533044781244483e-01 1.839207968507880486e-03 -3.834656583079968373e-01 -9.097769999999999468e-01 -6.533414374793588284e-04 9.999945935963143739e-01 3.222719830827728421e-03 4.844499999999999848e-03 3.834695123898416158e-01 -2.725819544745215935e-03 9.235495130069132363e-01 2.558949699999999883e+00
9.229849431263158488e-01 6.109307941055265416e-04 -3.848355772608298420e-01 -9.338260000000000449e-01 1.169454696153867952e-03 9.999896699819650348e-01 4.392300658450149463e-03 5.198200000000000043e-03 3.848342852941054604e-01 -4.504075146508052831e-03 9.229746942193213233e-01 2.618321900000000202e+00
9.231355767082775055e-01 -1.935984142412000564e-04 -3.844745369138636293e-01 -9.454721999999999849e-01 1.917814925053727085e-03 9.999897510219983854e-01 4.101199443429372031e-03 5.443500000000000422e-03 3.844698024570838979e-01 -4.523314118602367144e-03 9.231264867979876998e-01 2.646027800000000152e+00
9.226860099837822515e-01 -1.215822169311822892e-04 -3.855522172131448655e-01 -9.677670999999999912e-01 1.490325957124411004e-03 9.999936041741717130e-01 3.251236578802763327e-03 5.935199999999999851e-03 3.855493559957648420e-01 -3.574468983548463510e-03 9.226802898419020904e-01 2.701068400000000036e+00
9.228409824488416069e-01 1.463987515688935492e-04 -3.851811258100043545e-01 -9.906563000000000452e-01 1.168491845273743595e-03 9.999942623014506093e-01 3.179621201525290909e-03 6.563000000000000257e-03 3.851793812493919389e-01 -3.384365757893115743e-03 9.228355163997278288e-01 2.754190200000000033e+00
9.229362070663148510e-01 -3.418560416153411385e-05 -3.849529276643951503e-01 -1.011158199999999896e+00 1.388778779582756657e-03 9.999937841224725288e-01 3.240834756559974553e-03 6.901000000000000016e-03 3.849504240542487299e-01 -3.525698195026714683e-03 9.229305176841275937e-01 2.803915299999999888e+00
9.227630854852957309e-01 -1.775730776285855145e-04 -3.853676900486843748e-01 -1.029865699999999995e+00 1.712828469930393650e-03 9.999919061525489594e-01 3.640583473055577536e-03 6.607899999999999885e-03 3.853639244717768642e-01 -4.019464789470236950e-03 9.227559209338712654e-01 2.849381900000000023e+00
9.228019148932616877e-01 6.824967653775132048e-05 -3.852747347170731307e-01 -1.047421600000000064e+00 1.376640714684505742e-03 9.999930165216507350e-01 3.474445030846667719e-03 6.453799999999999988e-03 3.852722812890541637e-01 -3.736609413807477111e-03 9.227953765707848088e-01 2.890708899999999915e+00
9.227589192070237978e-01 2.941485063711588607e-04 -3.853775947049093986e-01 -1.063903000000000043e+00 1.058544804734573488e-03 9.999940017228600153e-01 3.297878287161856107e-03 6.997699999999999927e-03 3.853762531692651594e-01 -3.451086054673773666e-03 9.227530728739198329e-01 2.929892300000000116e+00
9.171668464392295217e-01 -3.134903204236782950e-04 -3.985032967448797203e-01 -1.079625499999999905e+00 1.840465613423510885e-03 9.999923577496643290e-01 3.449221447398159463e-03 6.845000000000000390e-03 3.984991699853895897e-01 -3.896943172075581583e-03 9.171604141887443884e-01 2.967329299999999837e+00
9.166793404420332525e-01 -3.560868238248658885e-04 -3.996233977245736702e-01 -1.096163999999999916e+00 1.757655071061874595e-03 9.999935231135876901e-01 3.140760978764529747e-03 7.000400000000000372e-03 3.996196910256175627e-01 -3.581470794025517004e-03 9.166740290918802270e-01 3.005068500000000142e+00
9.135993831080065908e-01 2.103221616292957051e-04 -4.066154484881978615e-01 -1.112433599999999911e+00 1.172440277013987991e-03 9.999943465982562563e-01 3.151532218387356234e-03 7.133999999999999717e-03 4.066138125647809076e-01 -3.355970219627365560e-03 9.135939715734875399e-01 3.040706199999999804e+00
9.105427048418921476e-01 1.126538793497053499e-04 -4.134150093650618696e-01 -1.126304500000000042e+00 1.881706239137850498e-03 9.999884748750664798e-01 4.416933174503253484e-03 6.723999999999999942e-03 4.134107422900865081e-01 -4.799731882293547039e-03 9.105319987419540073e-01 3.072829500000000102e+00
8.986642656557808362e-01 -6.495963534478145333e-04 -4.386366556250557713e-01 -1.141177099999999944e+00 2.695877315354045997e-03 9.999881959679364218e-01 4.042297650164304590e-03 6.917099999999999811e-03 4.386288520820953996e-01 -4.815179058929345071e-03 8.986554090260481242e-01 3.104504299999999883e+00
8.891383468374556287e-01 -4.288367626567687234e-04 -4.576383029010875902e-01 -1.157680499999999890e+00 2.128783223930084088e-03 9.999926175630096115e-01 3.198921922452212241e-03 7.076100000000000098e-03 4.576335525998307951e-01 -3.818496891634924964e-03 8.891326957301404210e-01 3.136121999999999854e+00
8.731117601010178753e-01 -1.423993850003354078e-04 -4.875200858382326974e-01 -1.175478800000000046e+00 1.738919931366949070e-03 9.999945056939639754e-01 2.822186981220176256e-03 7.299800000000000386e-03 4.875170053759918520e-01 -3.311843036713155164e-03 8.731072105789330351e-01 3.167972999999999928e+00
8.678249079543890465e-01 -2.509213826666077977e-04 -4.968700697087879981e-01 -1.193655600000000039e+00 2.193271264436477165e-03 9.999920645067701397e-01 3.325730693872162250e-03 7.139000000000000380e-03 4.968652923027696566e-01 -3.975922779341529469e-03 8.678185716743654909e-01 3.200202700000000178e+00
8.646345180367216443e-01 2.423440581965129528e-04 -5.024013251264008995e-01 -1.211669200000000002e+00 1.392910699193436030e-03 9.999948839153365299e-01 2.879573394925108096e-03 7.692700000000000232e-03 5.023994526461889043e-01 -3.189578735529960928e-03 8.646297569296927943e-01 3.232027099999999820e+00
8.506050697833741348e-01 -3.937027846821271153e-04 -5.258049640854854934e-01 -1.229721199999999959e+00 2.399341896984310760e-03 9.999922146237179010e-01 3.132706563593619983e-03 7.491799999999999848e-03 5.257996371406913338e-01 -3.926281965109021561e-03 8.505993921304245697e-01 3.261106299999999791e+00
8.391963686406012091e-01 2.460171593485130761e-04 -5.438284603953580376e-01 -1.248763099999999904e+00 1.378735634413312105e-03 9.999957214837578157e-01 2.579942291830675943e-03 7.568100000000000348e-03 5.438267683265312069e-01 -2.914873879961822276e-03 8.391924389326832490e-01 3.290171400000000190e+00
8.207792479378072104e-01 1.409790162833524400e-04 -5.712454868789463847e-01 -1.268237499999999907e+00 1.797369614326880215e-03 9.999943822608281518e-01 2.829294833371680251e-03 7.942599999999999313e-03 5.712426766420003466e-01 -3.348965765966714289e-03 8.207743836226745193e-01 3.318450499999999970e+00
8.154048536970222028e-01 3.567037250252278868e-04 -5.788910064336726391e-01 -1.287566900000000070e+00 1.565531156650832928e-03 9.999947945861495935e-01 2.821331742642733606e-03 8.130599999999999980e-03 5.788889994459519572e-01 -3.206799503717235218e-03 8.154000507465077874e-01 3.345654500000000198e+00
7.855516857253703744e-01 -8.653677447880354142e-04 -6.187954429314224125e-01 -1.307279700000000044e+00 3.130661900431950216e-03 9.999917818932890778e-01 2.575869163913013099e-03 8.195700000000000207e-03 6.187881285303509227e-01 -3.960717681266184842e-03 7.855479391516186904e-01 3.370712300000000106e+00
6.723380161853791392e-01 -2.015594590073891117e-03 -7.402415344807108388e-01 -1.340250600000000070e+00 6.386450889972033682e-03 9.999748699036635768e-01 3.077792420064273931e-03 7.338199999999999584e-03 7.402167285578858946e-01 -6.796833056615009944e-03 6.723339927621252432e-01 3.402899699999999861e+00
5.424526296604786912e-01 -2.349815589240389444e-03 -8.400831047825735309e-01 -1.366007299999999924e+00 7.622916712594074440e-03 9.999686868815965690e-01 2.125181660098879061e-03 7.920299999999999910e-03 8.400518053758497805e-01 -7.556693919441855728e-03 5.424535562255845544e-01 3.419061199999999801e+00
4.748474244982707759e-01 -1.323866659717009252e-04 -8.800681257272812141e-01 -1.392144000000000048e+00 4.080894287057799247e-03 9.999895688703885899e-01 2.051451250251668489e-03 7.902400000000000396e-03 8.800586740378034678e-01 -4.565591329167889047e-03 4.748430115592290335e-01 3.431845899999999894e+00
4.639970473405559126e-01 -2.693371286418611878e-05 -8.858367453057143237e-01 -1.417399199999999970e+00 3.295406521251961589e-03 9.999931324021343881e-01 1.695713545090119043e-03 8.134900000000000464e-03 8.858306160633113713e-01 -3.705998265302266111e-03 4.639939495529569191e-01 3.444531399999999799e+00
4.600764081233039149e-01 -2.283162532084976812e-04 -8.878792972921757398e-01 -1.441195500000000074e+00 2.826412687482342690e-03 9.999952767429124423e-01 1.207428335797870820e-03 8.184699999999999614e-03 8.878748279344782501e-01 -3.065022602619694742e-03 4.600748803801032460e-01 3.456892999999999994e+00
4.545928299003612061e-01 -3.285200636162746886e-05 -8.906993645018093098e-01 -1.464301300000000028e+00 2.477838004293644869e-03 9.999961764679466958e-01 1.227749286951873488e-03 8.342000000000000456e-03 8.906959185502119070e-01 -2.765134758526383452e-03 4.545911731520547727e-01 3.468640600000000074e+00
4.455246398239119943e-01 -4.384215148486316459e-04 -8.952695700716900573e-01 -1.486710299999999929e+00 3.260425340449647595e-03 9.999940431528964169e-01 1.132821840640324497e-03 8.437000000000000055e-03 8.952637404342772554e-01 -3.423659635331140899e-03 4.455234153423685006e-01 3.479735100000000081e+00
4.370746332135796997e-01 -4.006426572492453615e-04 -8.994251522426286449e-01 -1.508548000000000000e+00 3.056473715324683690e-03 9.999947883274145077e-01 1.039849237582021572e-03 8.399099999999999622e-03 8.994200481252583312e-01 -3.203561060845079578e-03 4.370735798774471048e-01 3.490337600000000151e+00
4.288661288674301963e-01 -8.567036657985446606e-04 -9.033676491711966072e-01 -1.529985699999999893e+00 2.988466103637567230e-03 9.999954238824567687e-01 4.704088574420202309e-04 8.508200000000000485e-03 9.033631122536565083e-01 -2.901426024346983983e-03 4.288667265554803043e-01 3.500366899999999948e+00
4.201498669037532219e-01 -8.046126815851632145e-04 -9.074543745771413983e-01 -1.549991300000000072e+00 2.876121324379899390e-03 9.999957649535996529e-01 4.449730244700171415e-04 8.630600000000000424e-03 9.074501734348204840e-01 -2.796904234629979738e-03 4.201504017132631219e-01 3.509864599999999779e+00
3.918610345817900575e-01 -7.864430318798194819e-04 -9.200240817956052419e-01 -1.590244400000000002e+00 2.965228832499472444e-03 9.999955204011712340e-01 4.081611955325831643e-04 8.437699999999999367e-03 9.200196394612779605e-01 -2.888024402291720222e-03 3.918616111851117578e-01 3.527105600000000063e+00
3.829631193401668576e-01 -1.181714820641460327e-03 -9.237628769199007772e-01 -1.612399499999999986e+00 3.624328614450010415e-03 9.999934071676491731e-01 2.233009867181807474e-04 8.316099999999999881e-03 9.237565228280358864e-01 -3.433536270212791432e-03 3.829648774513630949e-01 3.535960000000000214e+00
3.626244394971092078e-01 -4.444990652389569242e-04 -9.319352543497794183e-01 -1.633618000000000015e+00 4.122025609073769366e-03 9.999908693931902626e-01 1.126958353049013154e-03 7.846999999999999809e-03 9.319262442834654880e-01 -4.250123625539451583e-03 3.626229607524626974e-01 3.544449800000000206e+00
3.048219668180945363e-01 -1.005704101848049585e-03 -9.524088182626240240e-01 -1.657371200000000044e+00 5.459266153195937651e-03 9.999848591330657843e-01 6.913159128300030640e-04 7.952300000000000688e-03 9.523937027081903484e-01 -5.410181501787972302e-03 3.048228419556197055e-01 3.551732799999999912e+00
2.346311062280668214e-01 -2.204870645746790508e-04 -9.720844589723918183e-01 -1.682849000000000039e+00 4.365443235876798229e-03 9.999901295500188692e-01 8.268663076777943693e-04 7.779799999999999910e-03 9.720746817480372393e-01 -4.437588082595143521e-03 2.346297528372334185e-01 3.556884800000000180e+00
2.070580071979749859e-01 -1.603584257484813765e-04 -9.783286543592490947e-01 -1.710509499999999905e+00 4.789851696418339147e-03 9.999881674782613583e-01 8.498377462682351301e-04 7.649099999999999823e-03 9.783169419855357596e-01 -4.862014874921237462e-03 2.070563252726812520e-01 3.562570099999999851e+00
1.897759286738243956e-01 2.202835002433839798e-04 -9.818274025362946356e-01 -1.739900400000000014e+00 4.360864460789998058e-03 9.999899218542851465e-01 1.067263329944116452e-03 7.589300000000000213e-03 9.818177426371669236e-01 -4.484157115929945231e-03 1.897730554578745954e-01 3.568070200000000192e+00
1.781578106260787164e-01 6.184872834220549523e-04 -9.840017337314006518e-01 -1.769650200000000062e+00 5.363855690540101501e-03 9.999843349112725877e-01 1.599682528135071540e-03 7.615900000000000100e-03 9.839873086402350921e-01 -5.563039235885833961e-03 1.781517022916330184e-01 3.573262499999999786e+00
1.733081489018342414e-01 1.541644992929473018e-04 -9.848676366687690864e-01 -1.799130300000000071e+00 4.741785416238214999e-03 9.999882666775989914e-01 9.909481305632190495e-04 7.870399999999999618e-03 9.848562336682881169e-01 -4.841770382646611026e-03 1.733053844064740279e-01 3.578488600000000019e+00
1.628810592308120309e-01 3.373233472705725912e-04 -9.866456541012119663e-01 -1.827248200000000100e+00 5.606939906647101166e-03 9.999834776866229902e-01 1.267508836377465205e-03 7.656999999999999744e-03 9.866297799928461787e-01 -5.738516073553592833e-03 1.628764767071709807e-01 3.582983700000000216e+00
1.394117866955657814e-01 8.714921669491313555e-04 -9.902341108201396791e-01 -1.853731599999999924e+00 6.056556651709186015e-03 9.999801576489416588e-01 1.732752123750010403e-03 7.538800000000000015e-03 9.902159723271860559e-01 -6.238975060109574339e-03 1.394037421962718293e-01 3.587108399999999975e+00
1.234070535413876873e-01 1.137596053805202748e-03 -9.923554831870738946e-01 -1.878696900000000003e+00 6.246240322819879461e-03 9.999786428501502566e-01 1.923103065664883479e-03 7.419799999999999833e-03 9.923364770167738547e-01 -6.435815316644619491e-03 1.233973122201103001e-01 3.590104100000000020e+00
1.141324140667467485e-01 5.845640897249454460e-04 -9.934653745068933173e-01 -1.903326599999999980e+00 5.186654156398222242e-03 9.999858479734694550e-01 1.184259871504288880e-03 7.823599999999999999e-03 9.934520072343497876e-01 -5.287923751941054490e-03 1.141277669300292397e-01 3.592714299999999916e+00
1.046692728199095784e-01 5.030350568849010703e-04 -9.945069583884685871e-01 -1.927040000000000086e+00 5.582878657102814321e-03 9.999838178524893539e-01 1.093388796132893376e-03 7.927699999999999331e-03 9.944914151430627181e-01 -5.666655882527883714e-03 1.046647706626141483e-01 3.595133500000000204e+00
9.597963321122426894e-02 5.603896390104484010e-04 -9.953831402892513447e-01 -1.949467999999999979e+00 6.025871975888238627e-03 9.999811898635366791e-01 1.144021868501314543e-03 7.767200000000000146e-03 9.953650580945511139e-01 -6.107854169665006237e-03 9.597445098500456684e-02 3.597064000000000039e+00
8.695825714953718533e-02 2.638525205121079915e-04 -9.962119211770968930e-01 -1.970892899999999948e+00 5.720068886256778062e-03 9.999833483047110283e-01 7.641500085092734797e-04 7.950099999999999875e-03 9.961955341826479460e-01 -5.764849967383972248e-03 8.695529989254313641e-02 3.598875000000000046e+00
4.703795090703116744e-02 -5.138244182498153886e-05 -9.988931016551835240e-01 -1.993296500000000027e+00 6.632989540909137519e-03 9.999779674452154987e-01 2.609097271988017504e-04 7.961499999999999827e-03 9.988710800820185254e-01 -6.637920154704261833e-03 4.703725536000002982e-02 3.599510899999999847e+00
-9.173400034221436405e-03 -9.642574431816793371e-04 -9.999574585648109970e-01 -2.019524300000000050e+00 5.903666891841083744e-03 9.999820545874132938e-01 -1.018440163157862451e-03 8.115199999999999497e-03 9.999404959541555726e-01 -5.912758300406190104e-03 -9.167542759030422594e-03 3.598481899999999900e+00
-3.782386440078874812e-02 -2.851383983817337361e-05 -9.992844212078723087e-01 -2.048495099999999791e+00 6.307676418484656558e-03 9.999800706898133162e-01 -2.672852327578393965e-04 7.942799999999999860e-03 9.992645137800056920e-01 -6.313272539412148610e-03 -3.782293074118747711e-02 3.597683200000000081e+00
-8.272427366172946384e-02 -2.962040988518047785e-04 -9.965724292846313004e-01 -2.077502299999999913e+00 5.937790422749789250e-03 9.999820590275023680e-01 -7.901063298580111860e-04 8.051400000000000223e-03 9.965547838388190138e-01 -5.982799198435813370e-03 -8.272103070994940577e-02 3.594849299999999914e+00
-9.240531256211284572e-02 -2.240959130160396183e-04 -9.957214510049084977e-01 -2.107355099999999926e+00 6.257415617125165752e-03 9.999800975543728931e-01 -8.057573712819975954e-04 8.027799999999999866e-03 9.957018142798038651e-01 -6.305099219567183652e-03 -9.240207120913812577e-02 3.592155700000000174e+00
-1.252668408472052131e-01 -1.204029352920761749e-03 -9.921223558097450601e-01 -2.157420199999999788e+00 5.946060676456084264e-03 9.999803927041547302e-01 -1.964324228936339001e-03 8.167100000000000054e-03 9.921052680772303178e-01 -6.145284416671774330e-03 -1.252572254716084466e-01 3.585948699999999878e+00
-1.531841892904895752e-01 -4.633132332572936080e-04 -9.881975457833637178e-01 -2.192010400000000025e+00 6.279190358958839681e-03 9.999792457016359881e-01 -1.442197775267917668e-03 8.010899999999999618e-03 9.881777046259702102e-01 -6.426002399230647776e-03 -1.531781008281329903e-01 3.580824100000000065e+00
-1.964561927689262300e-01 -3.581740512532101753e-04 -9.805125374181032916e-01 -2.243853600000000004e+00 7.159551983375363020e-03 9.999727504401858535e-01 -1.799775676912760206e-03 8.041299999999999490e-03 9.804864635160118747e-01 -7.373607559320588881e-03 -1.964482750584114479e-01 3.571437799999999996e+00
-2.187335626922841669e-01 -1.247036346355446905e-03 -9.757838251643091709e-01 -2.280504000000000087e+00 6.101518708181577835e-03 9.999778856681822425e-01 -2.645684041154673996e-03 8.019599999999999992e-03 9.757655456211773437e-01 -6.532463160460896812e-03 -2.187211167301019721e-01 3.563046500000000005e+00
-2.644573072061308650e-01 -8.338917639977381363e-04 -9.643970330158674331e-01 -2.337034200000000173e+00 6.172664661072121105e-03 9.999776788934182647e-01 -2.557327885437195650e-03 7.824899999999999217e-03 9.643776391415678217e-01 -6.629203531165717492e-03 -2.644462568921676082e-01 3.548156999999999783e+00
-2.861808548609804381e-01 -9.877643155582235650e-04 -9.581751106309825960e-01 -2.394231800000000021e+00 5.606528011393630342e-03 9.999806236982251573e-01 -2.705378303694798946e-03 7.711400000000000199e-03 9.581592170170343259e-01 -6.146263073246519860e-03 -2.861697718060706164e-01 3.532062799999999836e+00
-3.158525394175941692e-01 -1.065033771145163736e-03 -9.488076933955180703e-01 -2.429919200000000057e+00 6.122533872747417186e-03 9.999762622290711001e-01 -3.160626101442135655e-03 7.802100000000000181e-03 9.487885369893727106e-01 -6.807399021827434393e-03 -3.158385210770267015e-01 3.520726199999999917e+00
-3.310609540641373250e-01 -4.135630766333719954e-04 -9.436092801894886417e-01 -2.479422800000000038e+00 5.131480189305493052e-03 9.999843281070446288e-01 -2.238627117068630809e-03 6.972500000000000399e-03 9.435954178593757291e-01 -5.583234356907766649e-03 -3.310536435215687412e-01 3.503479200000000127e+00
-3.315418220956412587e-01 -2.294627936962412643e-03 -9.434377323830829276e-01 -2.534274100000000196e+00 5.057732680187459855e-03 9.999783493699594406e-01 -4.209528651405784055e-03 7.305200000000000408e-03 9.434269656638178958e-01 -6.167290650046749687e-03 -3.315230383916024648e-01 3.485142699999999927e+00
-3.315333133383753239e-01 -2.284150349065286641e-03 -9.434407479031537980e-01 -2.598761800000000122e+00 5.158213576534716703e-03 9.999777341771427519e-01 -4.233672477462036010e-03 7.161500000000000331e-03 9.434294117630518395e-01 -6.270072338532588913e-03 -3.315141493410078688e-01 3.462349199999999794e+00
-3.308655579247855028e-01 -6.674438577821354551e-04 -9.436776658890562164e-01 -2.663441399999999959e+00 5.010753837903319380e-03 9.999844101487573855e-01 -2.464103369917731469e-03 6.117599999999999948e-03 9.436645987452831896e-01 -5.543823422369409219e-03 -3.308570553830841865e-01 3.438762200000000213e+00
-3.309124341068699904e-01 -2.441218397303446426e-03 -9.436583075489786143e-01 -2.736538200000000032e+00 5.234340247564048774e-03 9.999765215912449490e-01 -4.422436935339993901e-03 6.315300000000000254e-03 9.436469480879163818e-01 -6.402868030109277846e-03 -3.308918866417698279e-01 3.413250000000000117e+00
-3.304955533459597028e-01 -1.119871685315884050e-03 -9.438068844344992270e-01 -2.815830200000000172e+00 4.325925990489139922e-03 9.999869944410960665e-01 -2.701353917593757141e-03 5.991899999999999657e-03 9.437976348682340921e-01 -4.975624189156205128e-03 -3.304864105845436439e-01 3.385345000000000049e+00
-3.306969892257510812e-01 -3.566962786337577428e-03 -9.437302464653252176e-01 -2.897621599999999908e+00 3.153247963815271164e-03 9.999830990882742077e-01 -4.884523015549768060e-03 6.454500000000000168e-03 9.437317194755623362e-01 -4.591112533103867965e-03 -3.306801526269851355e-01 3.357007700000000039e+00
-3.409528665157260940e-01 -3.494295694396199088e-03 -9.400738974741874587e-01 -2.952884399999999854e+00 3.525083348722261173e-03 9.999813093231394445e-01 -4.995477130804151268e-03 6.743700000000000042e-03 9.400737825309742890e-01 -5.017061089916128973e-03 -3.409341761923054825e-01 3.337645499999999821e+00
-3.518004588258487053e-01 -2.157895168173597829e-03 -9.360725295928548073e-01 -3.005128399999999811e+00 2.962594428130653577e-03 9.999897678413729452e-01 -3.418661552616115550e-03 6.300199999999999724e-03 9.360703286634916021e-01 -3.975889963278594723e-03 -3.517904661795472343e-01 3.319044400000000117e+00
-3.519574979913481783e-01 -2.462694850797334575e-03 -9.360127428308560038e-01 -3.053830099999999881e+00 3.771268133475813664e-03 9.999846911580072550e-01 -4.049072275278320886e-03 6.215599999999999944e-03 9.360083851891156659e-01 -4.955056376758392063e-03 -3.519428224470099176e-01 3.300924100000000028e+00
