1.000000000000000000e+00 0.000000000000000000e+00 0.000000000000000000e+00 -0.000000000000000000e+00 0.000000000000000000e+00 1.000000000000000000e+00 0.000000000000000000e+00 0.000000000000000000e+00 0.000000000000000000e+00 0.000000000000000000e+00 1.000000000000000000e+00 -0.000000000000000000e+00
9.995488464070688694e-01 5.066108451881244819e-03 -2.960469880697106856e-02 -1.139339999999999971e-02 -5.150328646900841946e-03 9.999829024999914440e-01 -2.769263895222172974e-03 1.441699999999999969e-03 2.959016324940788936e-02 2.920488460214483873e-03 9.995578487441469928e-01 4.569220000000000226e-02
9.995378859119155024e-01 5.370786448341623165e-03 -2.991937966711227456e-02 -1.190860000000000009e-02 -5.386770461152910056e-03 9.999853883421486733e-01 -4.536586833318107448e-04 6.334000000000000003e-04 2.991650599146484027e-02 6.146178718698806819e-04 9.995522122001102572e-01 5.335009999999999752e-02
9.981889074213401436e-01 5.801946968156299587e-03 -5.987689464534700495e-02 -1.351959999999999967e-02 -6.051456183929867193e-03 9.999737433322432034e-01 -3.986542882634315499e-03 1.232800000000000042e-03 5.985219276722666265e-02 4.341665288781168877e-03 9.981978085346986385e-01 7.807540000000000313e-02
9.967183913144510576e-01 5.750027985238790294e-03 -8.074271232564447787e-02 -1.550119999999999970e-02 -5.840449676230389554e-03 9.999825539193473167e-01 -8.837446006367685129e-04 7.806000000000000005e-04 8.073622212558764777e-02 1.352418244739785709e-03 9.967345852340928625e-01 9.415569999999999495e-02
9.861859467323434991e-01 6.650181637387432565e-03 -1.655084697283526474e-01 -1.977570000000000022e-02 -7.138735205546744775e-03 9.999717407761306021e-01 -2.357139966179188154e-03 1.100300000000000019e-03 1.654881171785344551e-01 3.506099448793025680e-03 9.862055517686760808e-01 1.191180000000000017e-01
9.845826762403355747e-01 7.968081455469440064e-03 -1.747382709235090759e-01 -2.324690000000000090e-02 -8.664206644227246887e-03 9.999572764189290641e-01 -3.221313406629522109e-03 1.485999999999999908e-03 1.747051377912074432e-01 4.685617862844415268e-03 9.846096484468342958e-01 1.376185000000000047e-01
9.711588779266671079e-01 8.903315323789516220e-03 -2.382670031717823156e-01 -3.040299999999999947e-02 -1.016522183398816011e-02 9.999400581329664917e-01 -4.067973218375406201e-03 2.134699999999999792e-03 2.382165025544677739e-01 6.372685249153920047e-03 9.711911690256622709e-01 1.660739999999999994e-01
9.633884177257090453e-01 8.326558052401608623e-03 -2.679802698389466276e-01 -3.553200000000000108e-02 -9.583973408507921038e-03 9.999483452023680830e-01 -3.384432116447789497e-03 2.503500000000000083e-03 2.679382467018467384e-01 5.828838481705951417e-03 9.634184556029090629e-01 1.864167999999999936e-01
9.370803535571166076e-01 5.919932310404793160e-03 -3.490635549276227545e-01 -4.455599999999999838e-02 -7.602566364550165934e-03 9.999651464570764592e-01 -3.450631210393627010e-03 3.846599999999999932e-03 3.490309613228343988e-01 5.887297556413935429e-03 9.370926996650545959e-01 2.283570000000000044e-01
9.264643578662575818e-01 7.897254820292963148e-03 -3.762996505044433615e-01 -6.038170000000000343e-02 -9.945329504505289256e-03 9.999444174690255149e-01 -3.500341923017501536e-03 3.797899999999999887e-03 3.762510917253393261e-01 6.985366048717620013e-03 9.264914034337586868e-01 2.551569000000000198e-01
9.020968564508680121e-01 7.246290573562363252e-03 -4.314727718574899451e-01 -7.264260000000000161e-02 -9.593306446575366325e-03 9.999486572350984037e-01 -3.263642925587780224e-03 3.934899999999999856e-03 4.314269695474359234e-01 7.083372547533051122e-03 9.021200561901219217e-01 2.813664000000000165e-01
8.899705236155037724e-01 8.387226183377479230e-03 -4.559409189056130574e-01 -8.588610000000000688e-02 -1.159559912955328460e-02 9.999237796608732021e-01 -4.239923294120399519e-03 4.194200000000000358e-03 4.558706057384843691e-01 9.060314876547553159e-03 8.899999446730123553e-01 3.070186999999999777e-01
8.750411771722271803e-01 8.235620728614681529e-03 -4.839784218374382774e-01 -9.964729999999999421e-02 -1.160925572338290801e-02 9.999247113996290182e-01 -3.974508009515471604e-03 4.212399999999999825e-03 4.839092512388992184e-01 9.096487431036972063e-03 8.750709059738100981e-01 3.318721000000000032e-01
8.436084336699704034e-01 8.499858658039994783e-03 -5.368915747557344575e-01 -1.157264999999999960e-01 -1.323635406256858278e-02 9.999000538345360622e-01 -4.968025042445508091e-03 4.550900000000000084e-03 5.367956869908973028e-01 1.129755480116755549e-02 8.436366253805516191e-01 3.567982000000000098e-01
8.223418753877302922e-01 8.089316505915327901e-03 -5.689362028753819356e-01 -1.325830000000000064e-01 -1.357992451593185469e-02 9.998931440917264712e-01 -5.411658572335271804e-03 5.103100000000000171e-03 5.688316320616604305e-01 1.217634414876085300e-02 8.223638556072601080e-01 3.828656999999999755e-01
7.819870656513983054e-01 8.400982016235665137e-03 -6.232380385174500770e-01 -1.530487000000000097e-01 -1.531872106410309999e-02 9.998661690763172016e-01 -5.742884432907485216e-03 5.280299999999999924e-03 6.231063841262387548e-01 1.403807101465198021e-02 7.820111039002654030e-01 4.082542000000000115e-01
7.729423025216999310e-01 8.817401609964116427e-03 -6.344150458503499124e-01 -1.745521999999999907e-01 -1.628550435232555688e-02 9.998497076051486854e-01 -5.945128248335369674e-03 5.566399999999999994e-03 6.342672775103910254e-01 1.492701010743183176e-02 7.729697310042673575e-01 4.342027999999999999e-01
7.464850275995978945e-01 1.013293086867686488e-02 -6.653250538508512779e-01 -1.967010999999999898e-01 -1.839079065598617224e-02 9.998162549614322270e-01 -5.406952371156479274e-03 5.764700000000000206e-03 6.651480153985842581e-01 1.627206277356618713e-02 7.465342172897487805e-01 4.588721000000000050e-01
7.382272610478074482e-01 1.059002491985366196e-02 -6.744689484461454665e-01 -2.192321999999999882e-01 -1.968134893858877396e-02 9.997892245728096094e-01 -5.843879880480609169e-03 6.119199999999999987e-03 6.742649001318472557e-01 1.758857016067122067e-02 7.382800868572125808e-01 4.837868000000000168e-01
6.906498781864434111e-01 8.411467890223321003e-03 -7.231403687867126173e-01 -2.424985000000000057e-01 -1.808990628320595109e-02 9.998204151804669371e-01 -5.647360358918961966e-03 6.070100000000000148e-03 7.229630011637633302e-01 1.698189024491695079e-02 6.906780106185471668e-01 5.067142000000000035e-01
6.601485279899073078e-01 1.047046491598427331e-02 -7.510621081889310435e-01 -2.686583000000000165e-01 -2.128108772236692037e-02 9.997621647435932513e-01 -4.767520588014531081e-03 5.784499999999999711e-03 7.508335609827996304e-01 1.913069030765384912e-02 6.602143442778574123e-01 5.289156000000000413e-01
6.055071777675329336e-01 1.037387935466031232e-02 -7.957722289066967436e-01 -2.947987000000000246e-01 -2.109134732295983583e-02 9.997730059598153307e-01 -3.015231695460861804e-03 6.104400000000000277e-03 7.955603137035555106e-01 1.860965290407076006e-02 6.055885303394463737e-01 5.494772999999999463e-01
4.954234071652694471e-01 9.677197336148503359e-03 -8.685977201699718320e-01 -3.224716999999999723e-01 -2.076630567060407800e-02 9.997841079338921633e-01 -7.057418979003315246e-04 6.705100000000000296e-03 8.684033672099334966e-01 1.838720681747652713e-02 4.955174088202155547e-01 5.664379999999999971e-01
4.433107253264605974e-01 1.132064773038716360e-02 -8.962965155268048933e-01 -3.488358999999999766e-01 -2.387577573678514170e-02 9.997145985063379259e-01 8.178424531514703888e-04 6.506900000000000357e-03 8.960499696688205562e-01 2.103721626727060243e-02 4.434544930297018572e-01 5.795236000000000276e-01
4.127763555197235257e-01 1.137086130770550811e-02 -9.107614308022576877e-01 -3.747778999999999971e-01 -2.440093868658804038e-02 9.997012410646680669e-01 1.422253485016771596e-03 6.585500000000000208e-03 9.105055049339724205e-01 2.163636122094464084e-02 4.129304945848012443e-01 5.914279999999999538e-01
3.980549976450022398e-01 1.184477645802677406e-02 -9.172850811609751798e-01 -4.008393000000000095e-01 -2.724119169229579848e-02 9.996282991183436106e-01 1.086773642921048943e-03 6.709800000000000139e-03 9.169569980784382235e-01 2.455534305251564145e-02 3.982297060774753206e-01 6.023714000000000013e-01
3.685438129403404983e-01 1.187127768675715934e-02 -9.295345774684656837e-01 -4.271558999999999773e-01 -2.724204783437782218e-02 9.996269343142309971e-01 1.965457534884687205e-03 6.888299999999999979e-03 9.292111325060546934e-01 2.459806820902539493e-02 3.687297198046277646e-01 6.132138999999999784e-01
3.452185457902688381e-01 1.140718040130362342e-02 -9.384529992907180151e-01 -4.539172000000000207e-01 -2.753760011146194620e-02 9.996187259717016493e-01 2.020709482606913507e-03 6.969699999999999680e-03 9.381182421329166132e-01 2.514515702881970488e-02 3.454010492969624702e-01 6.231651999999999747e-01
2.866176872248223928e-01 1.122713531128601352e-02 -9.579792548915639916e-01 -4.808998999999999913e-01 -2.636225058439835636e-02 9.996451256358011017e-01 3.828124437469444807e-03 7.172099999999999830e-03 9.576822714836166206e-01 2.415728099943031601e-02 2.868119465097214160e-01 6.316509999999999625e-01
2.642987296906408323e-01 1.131964468153639526e-02 -9.643744330539860687e-01 -4.948062999999999767e-01 -2.824732847426329047e-02 9.995929953381583744e-01 3.991504096897888904e-03 7.402699999999999905e-03 9.640271105720941147e-01 2.618605192029227827e-02 2.645109085970692719e-01 6.354176999999999742e-01
2.505658301044321745e-01 1.068978325318336794e-02 -9.680405432202088267e-01 -5.086313999999999558e-01 -2.639224712292647865e-02 9.996428095901027655e-01 4.207437059294273987e-03 7.612599999999999749e-03 9.677397450119942235e-01 2.449452528230552234e-02 2.507584577941794901e-01 6.392474999999999685e-01
2.127063173837704102e-01 1.044715642648387163e-02 -9.770603253984041503e-01 -5.364014999999999755e-01 -2.654544057293207679e-02 9.996355513416678162e-01 4.909590474658501874e-03 7.699899999999999974e-03 9.767555283333818616e-01 2.489219589430596499e-02 2.129061212218564814e-01 6.456501000000000046e-01
2.102271961613846329e-01 1.171529715401869488e-02 -9.775823636945972783e-01 -5.648657999999999735e-01 -2.860686393537564126e-02 9.995737559189113997e-01 5.826990127272717312e-03 7.726900000000000088e-03 9.772339399191505294e-01 2.674057386731763103e-02 2.104727259749844537e-01 6.513716999999999979e-01
1.954468712637023320e-01 1.061233091994499139e-02 -9.806568711561017837e-01 -5.925610000000000044e-01 -2.911095631358862068e-02 9.995636054707149887e-01 5.015061404714809754e-03 8.107899999999999482e-03 9.802821393536341743e-01 2.756768127409892771e-02 1.956705144201128510e-01 6.568502000000000507e-01
1.618688655030059154e-01 1.075027863659770710e-02 -9.867537189643650342e-01 -6.217743000000000020e-01 -2.862530713924392456e-02 9.995710200082399410e-01 6.194170716951698241e-03 8.524399999999999686e-03 9.863970104232643310e-01 2.724348488946122526e-02 1.621071570262212491e-01 6.619220000000000104e-01
1.447240710011165055e-01 1.167595569972354995e-02 -9.894031611690766725e-01 -6.511772999999999589e-01 -3.047325909697891355e-02 9.995086481535826461e-01 7.337761661855620593e-03 8.369500000000000203e-03 9.890026914790840395e-01 2.908838814193559844e-02 1.450087649848516014e-01 6.662183000000000410e-01
1.292497240219415422e-01 1.200926364108383104e-02 -9.915393519306489045e-01 -6.798956999999999917e-01 -3.068365609824830198e-02 9.994962766099168006e-01 8.105941731669700709e-03 8.693700000000000386e-03 9.911372367582084175e-01 2.937636175076376727e-02 1.295531060283461322e-01 6.700019999999999865e-01
1.279449409894433676e-01 1.153140067474726568e-02 -9.917142324650214391e-01 -7.067963000000000440e-01 -3.175018959661790596e-02 9.994675056041840699e-01 7.525337329907046124e-03 9.033299999999999316e-03 9.912729278739467187e-01 3.052428606582821558e-02 1.282429351831312347e-01 6.734968999999999539e-01
1.134660740519080613e-01 1.107283251041831992e-02 -9.934801670991942890e-01 -7.349331000000000058e-01 -3.168735541081436902e-02 9.994695357084686371e-01 7.520551692972901603e-03 9.217200000000000046e-03 9.930364351554857860e-01 3.062743167316134968e-02 1.137567531304852775e-01 6.766244000000000147e-01
1.026176170620673178e-01 1.047994769709919248e-02 -9.946656701448830518e-01 -7.658542999999999878e-01 -3.116234532672494673e-02 9.994875623805423714e-01 7.315796630535713330e-03 9.396699999999999151e-03 9.942326352027683889e-01 3.024538548055685089e-02 1.028916116838086703e-01 6.799243999999999843e-01
9.471383174304254249e-02 1.022264025969591046e-02 -9.954520519355369856e-01 -8.002774999999999750e-01 -3.263687943709693562e-02 9.994416403653971770e-01 7.158324128758861843e-03 9.775300000000000655e-03 9.949694086639842006e-01 3.181045629733746105e-02 9.499458244024316933e-02 6.830665000000000209e-01
9.457745542438288078e-02 9.967491016526813102e-03 -9.954676057252108690e-01 -8.372538999999999954e-01 -3.446830740312277486e-02 9.993831181853983781e-01 6.731929202986645933e-03 1.015120000000000085e-02 9.949206203060686482e-01 3.367539470987163108e-02 9.486267485645583086e-02 6.867130999999999652e-01
9.636237177283527022e-02 1.140426932000400927e-02 -9.952809834150306845e-01 -8.766005999999999521e-01 -3.565573631652110831e-02 9.993321229906775294e-01 7.998526531306820314e-03 1.021859999999999956e-02 9.947074754791180862e-01 3.471671931824947543e-02 9.670464117992105813e-02 6.899617999999999585e-01
9.824954157364211571e-02 1.147239491834119336e-02 -9.950956796888459355e-01 -9.191299000000000552e-01 -3.749212953797920189e-02 9.992663346385159961e-01 7.818739080731530733e-03 1.063200000000000083e-02 9.944553121197936552e-01 3.654006859521188866e-02 9.860758380459710981e-02 6.941391999999999562e-01
9.919677080465584551e-02 1.326739147030981184e-02 -9.949793852062979171e-01 -9.646249000000000073e-01 -3.977498253393051131e-02 9.991648429623772865e-01 9.357742911270977570e-03 1.038110000000000074e-02 9.942725740089356501e-01 3.864702978938316241e-02 9.964163618741128658e-02 6.988550000000000040e-01
1.003856583780227546e-01 1.445940468562839989e-02 -9.948435280023426586e-01 -1.009566900000000045e+00 -4.157992648545308367e-02 9.990818269870784807e-01 1.032534249434949140e-02 1.094739999999999949e-02 9.940793878284948093e-01 4.032900445459235150e-02 1.008947079594675333e-01 7.034584000000000392e-01
1.031273341040909314e-01 1.483264622977364250e-02 -9.945575627214372494e-01 -1.055401599999999940e+00 -4.239730857037987688e-02 9.990456186938054817e-01 1.050333255206926768e-02 1.137909999999999963e-02 9.937641677916201344e-01 4.108338319240208841e-02 1.036577755833832937e-01 7.077677999999999470e-01
1.061169620243132827e-01 1.658668968899390528e-02 -9.942153046980777287e-01 -1.102613800000000088e+00 -4.427039509550425439e-02 9.989482254557052743e-01 1.194047641366678680e-02 1.099510000000000071e-02 9.933676673260602996e-01 4.274721726683976264e-02 1.067396502107964551e-01 7.122365999999999975e-01
1.074980659165321317e-01 1.694937083074782302e-02 -9.940608053095377761e-01 -1.152134400000000003e+00 -4.513569029862431192e-02 9.989069638157462849e-01 1.215101237238560075e-02 1.159669999999999972e-02 9.931802128946546349e-01 4.356141031749306836e-02 1.081455881933212071e-01 7.174102999999999453e-01
1.096020243467997063e-01 1.896865463793866863e-02 -9.937945393290856799e-01 -1.198654700000000073e+00 -4.675462388197120650e-02 9.988095780957481074e-01 1.390797792092646548e-02 1.186590000000000041e-02 9.928753201710365239e-01 4.494014736758412953e-02 1.103584240094107605e-01 7.222927000000000097e-01
1.118305855316483327e-01 1.787730374002292205e-02 -9.935664658947762629e-01 -1.242795000000000094e+00 -4.700862598053930780e-02 9.988139914042110101e-01 1.268068052631927609e-02 1.287469999999999934e-02 9.926147839031365105e-01 4.528810645385573930e-02 1.125383409809909141e-01 7.268221000000000265e-01
1.125999445937164722e-01 1.858588611506357957e-02 -9.934665657760252122e-01 -1.285346199999999994e+00 -4.656496117974438798e-02 9.988252690156731450e-01 1.340844383577214846e-02 1.302430000000000081e-02 9.925487176294273128e-01 4.475094203573869167e-02 1.133331210154078228e-01 7.314876000000000156e-01
1.141348811301704930e-01 1.951170288744442927e-02 -9.932736392152132776e-01 -1.330086700000000066e+00 -4.526712739916100015e-02 9.988708363312884808e-01 1.442010762304980591e-02 1.349760000000000022e-02 9.924334315642684423e-01 4.331680709914229738e-02 1.148892429094461320e-01 7.365720999999999519e-01
1.151890477612462355e-01 2.088952741395775844e-02 -9.931239151889752481e-01 -1.372023800000000016e+00 -4.572635034485277028e-02 9.988305286775076564e-01 1.570591818234279638e-02 1.368469999999999930e-02 9.922905744589118893e-01 4.360278232214281902e-02 1.160095393222932980e-01 7.412239000000000466e-01
9.755742322465865701e-02 2.078130100931527280e-02 -9.950129078067907473e-01 -1.429890499999999953e+00 -4.421459410309734606e-02 9.988853411304305929e-01 1.652709723580276721e-02 1.485780000000000087e-02 9.942472624262351788e-01 4.238175082631157053e-02 9.836751676663013644e-02 7.477443999999999757e-01
9.661036447944175432e-02 2.043223877569760177e-02 -9.951125368990996201e-01 -1.466425099999999926e+00 -4.419636678355168963e-02 9.988911974538393634e-01 1.621902624600320489e-02 1.562569999999999931e-02 9.943405446014372817e-01 4.241343263457522661e-02 9.740627338046126127e-02 7.510103999999999669e-01
9.639251238025360602e-02 2.020592142014580872e-02 -9.951382840070950309e-01 -1.500493599999999983e+00 -4.493205155246407512e-02 9.988630380760813443e-01 1.592927834861521813e-02 1.625390000000000168e-02 9.943287154157369745e-01 4.317814151841002646e-02 9.719081126684148142e-02 7.547684999999999533e-01
9.645513074505571161e-02 1.928255339877734537e-02 -9.951505367970100435e-01 -1.535796500000000009e+00 -4.500752431219404853e-02 9.988741424383006384e-01 1.499234215981114920e-02 1.692480000000000026e-02 9.943192296783972539e-01 4.334317365598519545e-02 9.721439599763836981e-02 7.580892000000000186e-01
9.686824149091442793e-02 1.971745340592620521e-02 -9.951018871561053691e-01 -1.571458599999999928e+00 -4.534246011471289306e-02 9.988531328143579469e-01 1.537791850961065486e-02 1.729189999999999894e-02 9.942638508470490466e-01 4.363073570463469469e-02 9.765118432803954196e-02 7.615604999999999736e-01
9.694297305390786601e-02 1.938761722684795297e-02 -9.951010904796226963e-01 -1.606882200000000038e+00 -4.504889586397368972e-02 9.988710727156046021e-01 1.507239441542827275e-02 1.803130000000000011e-02 9.942699115214670424e-01 4.336704267347046143e-02 9.770692223609978022e-02 7.653102999999999989e-01
9.380993451411864803e-02 1.853646915142174306e-02 -9.954175483172150729e-01 -1.663953900000000097e+00 -4.196622180332545970e-02 9.990116415003830186e-01 1.464842565821574544e-02 1.898499999999999840e-02 9.947052490129982827e-01 4.039974576787052490e-02 9.449512224385214765e-02 7.721873999999999683e-01
9.457170470468033441e-02 1.788028183758308409e-02 -9.953574675415152173e-01 -1.722399199999999908e+00 -4.279205962899484267e-02 9.989875843085921359e-01 1.387969848346903845e-02 2.040169999999999831e-02 9.945979249435213942e-01 4.128076935683320375e-02 9.524109291345117523e-02 7.778648999999999702e-01
9.289985456093187433e-02 1.843643016834129594e-02 -9.955047539139156854e-01 -1.762889600000000057e+00 -4.107777572972440977e-02 9.990482698412287421e-01 1.466870370366385630e-02 2.070999999999999924e-02 9.948277405479082347e-01 3.953040057848253991e-02 9.356876651131262879e-02 7.824790999999999830e-01
9.281214856244786315e-02 1.772263963963914557e-02 -9.955258977663141717e-01 -1.806639600000000012e+00 -4.062479236080486500e-02 9.990764086289646295e-01 1.399842729350836597e-02 2.143940000000000082e-02 9.948545277199394299e-01 3.914380877295463995e-02 9.344640661835401652e-02 7.868009000000000253e-01
9.272333039304335445e-02 1.850917003640475608e-02 -9.955198614921680900e-01 -1.851433000000000106e+00 -4.022742078226498874e-02 9.990805114140159926e-01 1.482856466132137334e-02 2.224999999999999895e-02 9.948789567671179057e-01 3.867224246500130386e-02 9.338264852047750697e-02 7.913295999999999664e-01
9.226348251529720157e-02 1.896603177144273733e-02 -9.955539861971293147e-01 -1.872784000000000004e+00 -3.876118128663566531e-02 9.991291796595238583e-01 1.544192922375806076e-02 2.278200000000000017e-02 9.949799096561767753e-01 3.716412237268105351e-02 9.291828339382068869e-02 7.935708000000000206e-01
9.139120545039609855e-02 1.872235054320418174e-02 -9.956390516429438620e-01 -1.934982100000000038e+00 -3.818767587887413051e-02 9.991537054575317933e-01 1.528313716008692161e-02 2.351349999999999968e-02 9.950825839985810717e-01 3.662439706836628783e-02 9.202882462622841153e-02 8.001580999999999833e-01
9.016369828172821066e-02 1.642750414937027906e-02 -9.957914664323970211e-01 -1.979455699999999929e+00 -3.776596311414165408e-02 9.992012097408707882e-01 1.306424442673690713e-02 2.516880000000000159e-02 9.952106508384155337e-01 3.642910319789188778e-02 9.071207691357618952e-02 8.049500000000000544e-01
8.834984780413877858e-02 1.645650308973300655e-02 -9.959535570994477727e-01 -2.024305800000000044e+00 -3.601199932432178064e-02 9.992626301939721012e-01 1.331659875832035857e-02 2.559550000000000020e-02 9.954383156668475952e-01 3.468975935175480640e-02 8.887733287214905076e-02 8.096345000000000347e-01
8.681076396667179729e-02 1.800997845499299060e-02 -9.960620120934104982e-01 -2.046263699999999908e+00 -3.525759079121787432e-02 9.992657555752740839e-01 1.499506672794621853e-02 2.571450000000000125e-02 9.956007199430512156e-01 3.381701362668234484e-02 8.738201209774787426e-02 8.118743999999999961e-01
8.729480413657636495e-02 1.779423998122547229e-02 -9.960235851596324075e-01 -2.068502899999999922e+00 -3.476624099883748181e-02 9.992857979062326201e-01 1.480549187683332865e-02 2.601300000000000140e-02 9.955756755051661244e-01 3.333555348865206713e-02 8.785109684026548571e-02 8.139513000000000442e-01
8.670056154748685684e-02 1.884917358202437346e-02 -9.960560834022477161e-01 -2.089484500000000189e+00 -3.320981652110474580e-02 9.993199989767416191e-01 1.602022882981392685e-02 2.626329999999999984e-02 9.956807323203483717e-01 3.168987693885473578e-02 8.726758267315093409e-02 8.160739000000000187e-01
8.570303086101635492e-02 1.865266723919701414e-02 -9.961461080113196420e-01 -2.110418099999999964e+00 -3.210296942865073500e-02 9.993572786464338664e-01 1.595082976703949065e-02 2.661610000000000018e-02 9.958033891562625417e-01 3.061221359617339807e-02 8.624675369915935086e-02 8.183626999999999985e-01
8.591420656357920405e-02 1.855453960573730243e-02 -9.961297496664630602e-01 -2.130065899999999957e+00 -3.164167789124951169e-02 9.993730243465457352e-01 1.588591919483876846e-02 2.690439999999999846e-02 9.957999564826148786e-01 3.015439053367951344e-02 8.644743721340319986e-02 8.201926000000000494e-01
8.527411355558228712e-02 1.865782379363800300e-02 -9.961828201533067251e-01 -2.149350600000000000e+00 -3.163675840348506574e-02 9.993712095269190465e-01 1.600940618580882699e-02 2.715400000000000105e-02 9.958551305662031172e-01 3.015080728584646277e-02 8.581076706907220242e-02 8.220614000000000532e-01
8.449004909829684051e-02 1.753523602829255845e-02 -9.962700171644229830e-01 -2.168744799999999806e+00 -3.161672002301400830e-02 9.993888681433779064e-01 1.490883114413686997e-02 2.779679999999999998e-02 9.959225946921548278e-01 3.023914232464457522e-02 8.499282118576934053e-02 8.239900000000000002e-01
8.302221709997008314e-02 1.783168912042779747e-02 -9.963881484295755708e-01 -2.206709599999999938e+00 -3.091511258827296660e-02 9.994047568300077344e-01 1.530973021340990142e-02 2.840579999999999841e-02 9.960680535392447688e-01 2.953240404480147324e-02 8.352406736908080109e-02 8.276168999999999887e-01
8.263886286694240024e-02 1.813069313358179821e-02 -9.964146206828536911e-01 -2.241702599999999990e+00 -2.910571651341660113e-02 9.994518997854748843e-01 1.577204113125061508e-02 2.886729999999999852e-02 9.961544436533422697e-01 2.769797793524146623e-02 8.312127530301471889e-02 8.309047000000000516e-01
8.143640603777961562e-02 1.824653861178180542e-02 -9.965115029944906500e-01 -2.274159399999999831e+00 -2.747172043716926415e-02 9.994936247052597089e-01 1.605611253583798248e-02 2.909559999999999924e-02 9.962998626657899592e-01 2.606833332283121918e-02 8.189643246135858146e-02 8.340014000000000038e-01
8.046086285647610636e-02 1.803743366068785714e-02 -9.965945517286994848e-01 -2.304010200000000008e+00 -2.616649570987259615e-02 9.995298987092094967e-01 1.597798762743951606e-02 2.938690000000000052e-02 9.964142532353982284e-01 2.479178439107754262e-02 8.089501453148861820e-02 8.365943999999999603e-01
7.899339096922475267e-02 1.863541907547680218e-02 -9.967009407736430182e-01 -2.331308100000000216e+00 -2.620428102592774547e-02 9.995185845646374911e-01 1.661128429164486497e-02 2.957529999999999881e-02 9.965306718004708353e-01 2.480564987628825629e-02 7.944369009001028825e-02 8.396128000000000480e-01
6.376247434552356763e-02 1.864185673115757030e-02 -9.977909741238147889e-01 -2.357987200000000172e+00 -2.452562659398729861e-02 9.995528136120754858e-01 1.710749661276910610e-02 2.982090000000000088e-02 9.976636910830766203e-01 2.338063253632370608e-02 6.419116385214285181e-02 8.419472000000000067e-01
6.178966371888871406e-02 1.817725718299272389e-02 -9.979236567888398746e-01 -2.384934200000000004e+00 -2.390650966743504760e-02 9.995742512612442177e-01 1.672707419257217151e-02 3.035969999999999988e-02 9.978028443801048031e-01 2.282331125902459582e-02 6.219791162206489421e-02 8.438733999999999957e-01
5.336208873059919422e-02 1.819160439930299009e-02 -9.984095116812977677e-01 -2.410912000000000166e+00 -2.333934698546389838e-02 9.995836353547215003e-01 1.696557730616315290e-02 3.060869999999999910e-02 9.983024403298833560e-01 2.239690738514005242e-02 5.376445081075120758e-02 8.454420999999999742e-01
4.476901794344748109e-02 1.910504017836137797e-02 -9.988146637250386872e-01 -2.434179799999999894e+00 -2.267861359783787667e-02 9.995788894848447459e-01 1.810315391097758186e-02 3.076610000000000109e-02 9.987399138502771612e-01 2.184127139220098934e-02 4.518344106321459108e-02 8.475831000000000337e-01
1.677894508008198615e-02 1.862458619724259579e-02 -9.996857465178651259e-01 -2.457351399999999852e+00 -2.101783977613721349e-02 9.996121453743170848e-01 1.827044693759909827e-02 3.132220000000000143e-02 9.996382932907005303e-01 2.070467602104607979e-02 1.716388585720907134e-02 8.484819999999999585e-01
-6.250373370612393245e-03 1.797408870611877721e-02 -9.998189160882645643e-01 -2.480415600000000165e+00 -2.034361082239439025e-02 9.996292338030968727e-01 1.809785691567712684e-02 3.167729999999999851e-02 9.997735095167478159e-01 2.045304528469875371e-02 -5.882398077924122504e-03 8.490670000000000162e-01
-4.052574295814132671e-02 1.791760155003105370e-02 -9.990178295267729824e-01 -2.504347300000000054e+00 -1.948166668570890103e-02 9.996349660640656554e-01 1.871895523904141059e-02 3.209159999999999791e-02 9.989885528977983098e-01 2.022113193638330406e-02 -4.016188494547756616e-02 8.481551000000000506e-01
-5.174299676322471897e-02 1.825370811663049042e-02 -9.984935975888648008e-01 -2.528649099999999983e+00 -1.850022415797916014e-02 9.996438448746295391e-01 1.923343729997608817e-02 3.242849999999999899e-02 9.984890605269872710e-01 1.946755105965938468e-02 -5.138687053785351289e-02 8.472380000000000466e-01
-5.957340169203290126e-02 1.864382246491826448e-02 -9.980498072214312177e-01 -2.552240400000000076e+00 -1.839580894447491108e-02 9.996352748499068852e-01 1.977148171052400122e-02 3.290440000000000031e-02 9.980544093505712144e-01 1.953778799270319833e-02 -5.920870557809987389e-02 8.467510000000000314e-01
-8.737033210217239054e-02 1.915828308038316705e-02 -9.959916592310239514e-01 -2.574051100000000147e+00 -1.589203283358579452e-02 9.996610112672432713e-01 2.062294461440321997e-02 3.307809999999999917e-02 9.960491294914987082e-01 1.763016567036214399e-02 -8.703625048026397693e-02 8.450550000000000006e-01
-1.093641831713840357e-01 1.898180161635017876e-02 -9.938204901523479684e-01 -2.596153300000000108e+00 -1.600288581096998008e-02 9.996544441646046941e-01 2.085425394676647740e-02 3.348260000000000125e-02 9.938729209939149989e-01 1.818470426904697165e-02 -1.090226281359529814e-01 8.428550999999999682e-01
-1.429065217589710890e-01 1.988631567348629961e-02 -9.895363866415861631e-01 -2.617636899999999933e+00 -1.411658297965879758e-02 9.996554695648504074e-01 2.212835859382079537e-02 3.391589999999999883e-02 9.896355127640331650e-01 1.713115927229585597e-02 -1.425765592874793652e-01 8.400758999999999865e-01
-1.525169175148409495e-01 2.010040431088530588e-02 -9.880964343718228182e-01 -2.638206999999999969e+00 -1.405084236270723493e-02 9.996480054449491393e-01 2.250420047087531988e-02 3.451080000000000120e-02 9.882009733352166148e-01 1.731585852546551479e-02 -1.521808047779236173e-01 8.371294000000000235e-01
-2.016061592988104834e-01 2.121216593996024663e-02 -9.792369481126200759e-01 -2.657255900000000004e+00 -1.028383905774140662e-02 9.996645131446655341e-01 2.377191228053555927e-02 3.488929999999999809e-02 9.794126807362751874e-01 1.486287910785105693e-02 -2.013203805818185588e-01 8.334515000000000118e-01
-3.619090312737176518e-01 2.321473547200291615e-02 -9.319243151348095555e-01 -2.683924000000000198e+00 -2.851127476102343489e-03 9.996576368365911458e-01 2.600923271450086144e-02 3.522909999999999930e-02 9.322090560355191791e-01 1.207001123640641382e-02 -3.617189387827498548e-01 8.245972000000000302e-01
-5.101525480915024557e-01 2.478075798611988068e-02 -8.597268704125636818e-01 -2.700238000000000138e+00 4.704918297809520741e-03 9.996502968675449186e-01 2.602206210968131123e-02 3.590979999999999867e-02 8.600710676563644297e-01 9.230276608126664409e-03 -5.100907375890874063e-01 8.153386999999999718e-01
-5.764589065691501091e-01 2.363262401552986003e-02 -8.167843216659097516e-01 -2.714841400000000071e+00 2.990346956974207840e-03 9.996360016775569513e-01 2.681272039880242680e-02 3.617709999999999676e-02 8.171206684830439881e-01 1.301396297244009938e-02 -5.763197462395117654e-01 8.043936000000000419e-01
-5.902394513796724862e-01 2.228940608756104641e-02 -8.069204250799997258e-01 -2.736187699999999889e+00 3.244460766187992617e-03 9.996761396305139380e-01 2.524062851376328992e-02 3.717369999999999702e-02 8.072216941518359778e-01 1.227999306583396448e-02 -5.901206133164161871e-01 7.887515999999999972e-01
-5.960914281895440814e-01 2.230506761215569900e-02 -8.026066864895694541e-01 -2.756388700000000025e+00 3.193166252011117590e-03 9.996720109397422283e-01 2.541012068013425232e-02 3.783829999999999832e-02 8.029102147365144715e-01 1.258389854175294767e-02 -5.959671405113324827e-01 7.742666999999999744e-01
-6.043970429771787778e-01 2.248436090985118235e-02 -7.963659133557379199e-01 -2.769100900000000198e+00 3.942489027939649268e-03 9.996738389740225106e-01 2.523236911597392246e-02 3.825119999999999909e-02 7.966735035261984788e-01 1.211070540537318406e-02 -6.042885565637308165e-01 7.647021999999999986e-01
-6.121673834302020500e-01 2.278339405587150729e-02 -7.903999061358211176e-01 -2.781002299999999927e+00 4.591530984025654280e-03 9.996703836728305648e-01 2.525949030836789622e-02 3.858029999999999793e-02 7.907148743431116067e-01 1.183389043006052854e-02 -6.120702137253917208e-01 7.555762999999999785e-01
-6.194976263907420178e-01 2.278575986145206511e-02 -7.846677641166180939e-01 -2.792511699999999930e+00 5.222623294818207196e-03 9.996761538910294842e-01 2.490605443580274497e-02 3.889379999999999921e-02 7.849811558898448505e-01 1.133121746217004809e-02 -6.194160059351615510e-01 7.464009000000000338e-01
-6.268760822280989853e-01 2.281594143993661422e-02 -7.787848292991836896e-01 -2.803336900000000131e+00 5.683351662478025243e-03 9.996784401847601531e-01 2.471266362910911132e-02 3.927739999999999704e-02 7.790982460795492504e-01 1.106566970292658172e-02 -6.268041750896330422e-01 7.377837999999999896e-01
-6.507824701755607899e-01 2.259707158801263494e-02 -7.589278943798555277e-01 -2.824204200000000053e+00 6.276991528685531979e-03 9.996829836753398091e-01 2.438301719064058307e-02 3.996380000000000071e-02 7.592382866330856794e-01 1.110425619375274633e-02 -6.507180031356435412e-01 7.202144000000000323e-01
-6.582471781672110112e-01 2.277985299415603848e-02 -7.524571288335757391e-01 -2.835349299999999850e+00 6.653656575664241082e-03 9.996790671484497848e-01 2.444364046901075296e-02 4.027750000000000080e-02 7.527724631580758885e-01 1.108336603969121634e-02 -6.581874943419642188e-01 7.104622999999999911e-01
-6.744023537025192194e-01 2.309847799250762390e-02 -7.380026596394705374e-01 -2.846088899999999811e+00 8.393079464888771046e-03 9.996857994286028060e-01 2.361903126488197613e-02 4.078799999999999787e-02 7.383163424559954224e-01 9.734615309556451934e-03 -6.743843234589432800e-01 7.006006000000000178e-01
-7.184791617943787623e-01 2.427402526183381967e-02 -6.951247843120212933e-01 -2.856567899999999938e+00 1.062625380153471924e-02 9.996572762574573723e-01 2.392514902078840544e-02 4.097810000000000341e-02 6.954673082161314523e-01 9.803148632425047471e-03 -7.184908638803267911e-01 6.896687999999999708e-01
-7.677535579069916238e-01 2.400966044783371667e-02 -6.402952526189265026e-01 -2.866630300000000187e+00 1.194561583685371624e-02 9.996603652493009085e-01 2.316152870414118353e-02 4.125009999999999788e-02 6.406338865400686977e-01 1.013362495922241063e-02 -7.677796122988366223e-01 6.771530999999999523e-01
-7.854661742652659928e-01 2.452267018519046354e-02 -6.184185700090802928e-01 -2.877483100000000071e+00 1.307981893110148237e-02 9.996492766815288089e-01 2.302698345041865463e-02 4.169090000000000296e-02 6.187663593165169118e-01 9.998113676320453946e-03 -7.855114450478102306e-01 6.631186000000000025e-01
-7.962773870097087370e-01 2.476073156159694019e-02 -6.044247092149076517e-01 -2.888590300000000166e+00 1.369501863074116046e-02 9.996437444219201662e-01 2.290918380969363122e-02 4.198360000000000286e-02 6.047766276913276728e-01 9.964457368929494074e-03 -7.963328074289345304e-01 6.483541000000000443e-01
-8.035833676304928730e-01 2.632260900445697674e-02 -5.946098649726849761e-01 -2.899835799999999963e+00 1.539655305134422433e-02 9.996065927782774585e-01 2.344367352485764514e-02 4.247540000000000343e-02 5.949930398095202300e-01 9.684003789830360892e-03 -8.036725095763977977e-01 6.332271999999999901e-01
-8.065391183266231723e-01 2.618103656531443196e-02 -5.906007144706817424e-01 -2.910834100000000202e+00 1.562332752289287592e-02 9.996139150403984264e-01 2.297678164407528090e-02 4.295390000000000319e-02 5.909742483780715538e-01 9.304524811765808867e-03 -8.066367606128556078e-01 6.183273999999999715e-01
-8.129307585893349453e-01 2.686452644136322343e-02 -5.817403879381680687e-01 -2.920963500000000046e+00 1.655492843245790630e-02 9.995977659340385957e-01 2.302695560153585758e-02 4.327840000000000159e-02 5.821250003942152196e-01 9.088649996572807643e-03 -8.130485104575710942e-01 6.041944000000000203e-01
-8.263963251850072744e-01 2.784081144530485552e-02 -5.624002159839405213e-01 -2.930403699999999834e+00 1.774817008804367019e-02 9.995685610742143234e-01 2.340286671650207082e-02 4.350269999999999831e-02 5.628091294384285348e-01 9.358468362476352748e-03 -8.265339090991167259e-01 5.906246000000000551e-01
-8.353281953281938010e-01 2.821479452849860042e-02 -5.490270771641939662e-01 -2.938980799999999949e+00 1.847374801766507590e-02 9.995587350973680341e-01 2.326060456500034235e-02 4.379480000000000178e-02 5.494411039628569471e-01 9.287650955118001775e-03 -8.354808273179062938e-01 5.775582000000000216e-01
-8.406282830796015793e-01 2.713049941387348299e-02 -5.409325518844233516e-01 -2.947061099999999989e+00 1.763165150925918509e-02 9.995860575572843576e-01 2.273408019123078147e-02 4.425640000000000129e-02 5.413254238918551176e-01 9.573376553707903941e-03 -8.407586668656253925e-01 5.647729000000000221e-01
-8.457641227521707217e-01 2.750565160752750996e-02 -5.328475277177292524e-01 -2.954918900000000015e+00 1.848830798126165423e-02 9.995814083614383838e-01 2.225287680623156544e-02 4.470369999999999899e-02 5.332365620746958301e-01 8.969235631235330380e-03 -8.459186259203366198e-01 5.524436000000000346e-01
-8.504095941756623089e-01 2.773947656536598222e-02 -5.253894208811827893e-01 -2.962129399999999801e+00 1.861387469931471972e-02 9.995702415527156770e-01 2.264632135521944811e-02 4.486629999999999785e-02 5.257918274399701053e-01 9.479116104635948448e-03 -8.505604626099260157e-01 5.404286000000000367e-01
-8.550489999111657857e-01 2.760920430745765486e-02 -5.178116835186562517e-01 -2.969141700000000217e+00 1.905239118320070646e-02 9.995800118789622823e-01 2.183589343846423919e-02 4.531620000000000092e-02 5.181970804058223523e-01 8.805208093096462962e-03 -8.552159108490204886e-01 5.287216000000000138e-01
-8.750012908786545252e-01 2.782155276507716074e-02 -4.833204963193976078e-01 -2.975686599999999959e+00 2.052780140481281351e-02 9.995816297727010413e-01 2.037583839834338634e-02 4.566379999999999745e-02 4.836851768766264326e-01 7.907377737965157888e-03 -8.752063316996376852e-01 5.163231999999999822e-01
-9.006394115958853419e-01 2.723007318536068908e-02 -4.337132386664474537e-01 -2.982258999999999993e+00 2.111238088986335318e-02 9.995981293454351269e-01 1.891684916332673355e-02 4.591259999999999786e-02 4.340540492304849063e-01 7.880540808004446451e-03 -9.008523627227685848e-01 5.014326999999999535e-01
-9.124449678290660337e-01 2.766962703740937987e-02 -4.082628717175065813e-01 -2.989778300000000222e+00 2.179113249913351355e-02 9.995811546328183805e-01 1.904368260938026081e-02 4.625119999999999926e-02 4.086188043003157744e-01 8.479802033789986260e-03 -9.126657469904564390e-01 4.849209999999999909e-01
-9.297972524219454415e-01 2.721799107935559195e-02 -3.670643681293594973e-01 -2.996174599999999799e+00 2.209700651797117874e-02 9.995911203028245984e-01 1.814702495421303963e-02 4.651160000000000017e-02 3.674082085249954499e-01 8.762030206990328168e-03 -9.300185133292271367e-01 4.678433000000000175e-01
-9.401438037621521193e-01 2.824953352941097021e-02 -3.396050531175915932e-01 -3.006408200000000086e+00 2.384900674756414499e-02 9.995688805343837524e-01 1.712535968654704116e-02 4.696020000000000055e-02 3.399424261912392664e-01 8.001057593197035550e-03 -9.404122127836301859e-01 4.404894999999999783e-01
-9.469157947702148137e-01 2.702749063268374691e-02 -3.203435536495040648e-01 -3.016769599999999940e+00 2.300757646404306966e-02 9.996019485105481772e-01 1.632776650882210301e-02 4.778400000000000009e-02 3.206573389772073845e-01 8.090691195169530392e-03 -9.471607105850836650e-01 4.099276000000000031e-01
-9.568854548778032987e-01 2.640419715373488324e-02 -2.892629333598876196e-01 -3.023099199999999875e+00 2.298739415590477647e-02 9.996201416025408681e-01 1.520369075051160833e-02 4.833780000000000021e-02 2.895544956536181269e-01 7.898789475787792655e-03 -9.571289375897045204e-01 3.885839999999999850e-01
-9.687931852904579921e-01 2.674048190543759987e-02 -2.464238437372348323e-01 -3.032084900000000083e+00 2.398269980508780860e-02 9.996117152542725037e-01 1.418621995001465193e-02 4.877480000000000010e-02 2.467075074756080733e-01 7.833604143439766229e-03 -9.690583266250264449e-01 3.551460000000000172e-01
-9.762436735454579351e-01 2.721538020567535257e-02 -2.149595611800726169e-01 -3.037362100000000176e+00 2.491189575641838613e-02 9.995995925217070477e-01 1.341834864127182392e-02 4.945179999999999715e-02 2.152386752242500256e-01 7.744527790505503252e-03 -9.765307649925891731e-01 3.312966999999999995e-01
-9.824962163465325027e-01 2.670219209591430040e-02 -1.843588289234359134e-01 -3.044618100000000105e+00 2.488713569028571174e-02 9.996163992581554858e-01 1.215256398021180226e-02 5.003959999999999658e-02 1.846126088377528229e-01 7.351684938347532311e-03 -9.827838711470016086e-01 2.946863000000000121e-01
