1.000000000000000000e+00 -0.000000000000000000e+00 0.000000000000000000e+00 -3.999999999999999819e-07 0.000000000000000000e+00 1.000000000000000000e+00 -0.000000000000000000e+00 -0.000000000000000000e+00 0.000000000000000000e+00 0.000000000000000000e+00 1.000000000000000000e+00 -2.999999999999999864e-07
9.999644794662975178e-01 -3.744810516627665887e-04 -8.420188218714928438e-03 7.091000000000000515e-04 3.683122672058612582e-04 9.999996626796718857e-01 -7.341570787449548229e-04 2.534999999999999819e-04 8.420460306329211400e-03 7.310297424805614185e-04 9.999642800839164680e-01 2.339799999999999866e-02
9.996237857161719420e-01 -1.067622316691403195e-03 -2.740706502085850371e-02 -3.463000000000000149e-04 1.069776711429085278e-03 9.999994257442526013e-01 6.394491877381242506e-05 -1.731000000000000062e-04 2.740698101317157187e-02 -9.324030166992861566e-05 9.996243537939587531e-01 4.373939999999999773e-02
9.992051902414672560e-01 -3.457197663725390798e-04 -3.986061053667257215e-02 -1.992600000000000187e-03 3.305457784356699959e-04 9.999998703822104984e-01 -3.872661238236085814e-04 -1.017999999999999943e-04 3.986073925558220044e-02 3.737825643904789798e-04 9.992051750029085078e-01 8.617660000000000597e-02
9.989176668196787512e-01 -2.751756391891063279e-04 -4.651257027833319291e-02 -3.157099999999999924e-03 2.622788545107445648e-04 9.999999254533644688e-01 -2.833779598247064980e-04 -1.034999999999999950e-04 4.651264478968879235e-02 2.708719868032647554e-04 9.989176645264788990e-01 1.062738000000000016e-01
9.980134520448232793e-01 -8.294499090906506380e-04 -6.299572644571621582e-02 -4.778400000000000356e-03 8.041381845852601943e-04 9.999995854507839343e-01 -4.271534156691678087e-04 -8.000000000000000654e-05 6.299605463324900456e-02 3.756475858240355525e-04 9.980137053114731538e-01 1.253923000000000121e-01
9.954266228289202489e-01 -8.721637800682520902e-04 -9.552527358637233346e-02 -1.046000000000000055e-02 7.999210967387914437e-04 9.999993644008819960e-01 -7.945590419774468212e-04 9.040000000000000184e-05 9.552590585621023589e-02 7.145125421803081829e-04 9.954266877988441342e-01 1.967710000000000015e-01
9.946241271677435103e-01 2.136353715206646390e-05 -1.035511718881234333e-01 -1.258890000000000009e-02 -1.116573175156868709e-04 9.999996186358751649e-01 -8.661759334607690292e-04 -4.916000000000000231e-04 1.035511138928396635e-01 8.730817278707564497e-04 9.946237502391790386e-01 2.137516000000000138e-01
9.768191341305384467e-01 -4.884109197004033939e-04 -2.140657390878757949e-01 -3.348509999999999681e-02 3.413390791915797999e-05 9.999977398403618878e-01 -2.125829025114866870e-03 4.365999999999999872e-04 2.140662935432416925e-01 2.069243567395599379e-03 9.768169430347312110e-01 3.237203000000000164e-01
9.711011320423144078e-01 -1.182920848205721003e-03 -2.386654395684515984e-01 -4.321959999999999691e-02 7.616751403888829880e-04 9.999979852853679851e-01 -1.857222707565569456e-03 2.961999999999999898e-04 2.386671556731588817e-01 1.621765541582342179e-03 9.711000765520576561e-01 3.628694000000000086e-01
9.586943442628556022e-01 -1.033290679803982714e-03 -2.844364368163549983e-01 -5.628690000000000082e-02 3.426755266665303416e-04 9.999968716246762090e-01 -2.477763980728842769e-03 5.793000000000000406e-04 2.844381072428529000e-01 2.277948908953764812e-03 9.586916991905538588e-01 4.035290999999999739e-01
9.493648958397897797e-01 -1.823836427726299595e-03 -3.141702853036709153e-01 -7.047870000000000523e-02 1.174273182591638190e-03 9.999967639823701404e-01 -2.256791368399384962e-03 4.314000000000000235e-04 3.141733846613963821e-01 1.773596761593354250e-03 9.493639653604561968e-01 4.477075999999999834e-01
9.424538379091829121e-01 -1.480639465245843110e-03 -3.343330242692538201e-01 -8.705910000000000037e-02 6.835356936123425636e-04 9.999966368875319311e-01 -2.501797869726175676e-03 2.238999999999999942e-04 3.343356041303514603e-01 2.129300448355055976e-03 9.424516804008540305e-01 4.939142999999999728e-01
9.213108355903986135e-01 -2.658868812158448128e-03 -3.888177910543204607e-01 -1.059627000000000069e-01 2.021447746762807841e-03 9.999958587801920373e-01 -2.048455875350138101e-03 -2.979999999999999793e-04 3.888216274498225156e-01 1.101289746560849036e-03 9.213123950040863486e-01 5.397594999999999477e-01
8.798788058611088925e-01 -2.001566028985316079e-03 -4.751939401232518900e-01 -1.550287999999999944e-01 1.247825022124815584e-03 9.999974134326771180e-01 -1.901594244183461803e-03 -2.616000000000000161e-04 4.751965171685744727e-01 1.080213583956627201e-03 8.798790275995159726e-01 6.406034000000000450e-01
8.661562349319595899e-01 -1.019872163110651297e-03 -4.997722846950028441e-01 -1.826589999999999880e-01 -3.072993471719487682e-05 9.999978072595762102e-01 -2.093927341306499757e-03 -5.770999999999999871e-04 4.997733243623184163e-01 1.829026191849267031e-03 8.661543043355649507e-01 6.891019000000000450e-01
8.499648917856335029e-01 -1.188138659119175296e-03 -5.268379931804112459e-01 -2.122843000000000091e-01 4.703199535086463015e-04 9.999987697316179425e-01 -1.496440574154214113e-03 -1.248799999999999997e-03 5.268391230071829412e-01 1.024139530215418311e-03 8.499644049060202100e-01 7.362132999999999594e-01
8.152200461954238753e-01 -2.073543898612040855e-03 -5.791476294493759225e-01 -2.462495000000000100e-01 4.045795462452577568e-04 9.999953856092339555e-01 -3.010826403188895765e-03 -1.800000000000000113e-04 5.791512001166204682e-01 2.220174754362408583e-03 8.152171233650200577e-01 7.845048999999999495e-01
7.916901214287235256e-01 -1.271385300735931694e-03 -6.109215458727822456e-01 -2.782924999999999982e-01 4.890874961649951860e-04 9.999988330779370216e-01 -1.447285799418111764e-03 -1.055299999999999901e-03 6.109226730328430888e-01 8.470077810592247739e-04 7.916898194067072403e-01 8.306510000000000282e-01
7.479506658189477575e-01 -1.666507549119790018e-03 -6.637522310723944496e-01 -3.205202999999999802e-01 8.389341187633547834e-04 9.999984228883301851e-01 -1.565378675210325667e-03 -2.156400000000000157e-03 6.637537929763843714e-01 6.139816293304154599e-04 7.479508843072664170e-01 8.786317999999999628e-01
7.376820699925241698e-01 -1.360309863402393935e-03 -6.751468826622989416e-01 -3.642288000000000192e-01 5.680522030296997031e-04 9.999988668091793764e-01 -1.394165360292113146e-03 -2.150000000000000001e-03 6.751480140889397630e-01 6.449321148272063077e-04 7.376820067849887419e-01 9.276596999999999760e-01
7.089660019340362496e-01 -4.670604407762917582e-04 -7.052425043601759924e-01 -4.098517999999999883e-01 -4.304549009065693796e-04 9.999993078454850748e-01 -1.094996405963287933e-03 -1.952100000000000016e-03 7.052425276528964115e-01 1.079890316397391593e-03 7.089653101715612804e-01 9.739400000000000279e-01
6.996285989206075806e-01 2.588978372087946526e-04 -7.145066525542623781e-01 -4.549123999999999945e-01 -8.775632650391042028e-04 9.999994914639622756e-01 -4.969452009498571705e-04 -2.231299999999999863e-03 7.145061605438426389e-01 9.747018655885477962e-04 6.996284703334832988e-01 1.019459799999999916e+00
6.489956519009137947e-01 -1.711894802048519225e-03 -7.607901900194919964e-01 -5.022543999999999897e-01 1.265316500515779484e-03 9.999985141393614718e-01 -1.170766083715372042e-03 -2.336700000000000148e-03 7.607910638196675457e-01 -2.028182831378609304e-04 6.489968536725601034e-01 1.061992499999999895e+00
6.162462532869174003e-01 6.648100640004461640e-04 -7.875532447634351341e-01 -5.547763000000000000e-01 -9.838764116083512003e-04 9.999995132347131443e-01 7.428016890532063848e-05 -2.831300000000000136e-03 7.875529107920579142e-01 7.290801846269389600e-04 6.162466074105732439e-01 1.102836099999999986e+00
5.588948799496161746e-01 -3.720484315210276097e-04 -8.292384305771584030e-01 -6.080149000000000248e-01 2.717354198732456006e-04 9.999999278302993400e-01 -2.655169631357319048e-04 -1.920599999999999955e-03 8.292384695164388697e-01 -7.693738187158387300e-05 5.588949407130766600e-01 1.140741500000000075e+00
4.438480578842776136e-01 -4.491286965086514543e-04 -8.961019472112360384e-01 -6.640490000000000004e-01 1.191396774156739963e-03 9.999992863342788141e-01 8.890815229908801028e-05 -1.265499999999999915e-03 8.961012677627911982e-01 -1.107074679951069616e-03 4.438482762156135131e-01 1.171571099999999976e+00
3.896724235621272792e-01 1.051929341978799070e-03 -9.209529280912663873e-01 -7.173964000000000452e-01 -1.394427175929196291e-03 9.999988753184954060e-01 5.522088331073782188e-04 -1.900500000000000063e-03 9.209524731972159595e-01 1.069021236372662623e-03 3.896734521436212573e-01 1.194747199999999898e+00
3.581429060202162562e-01 8.786518948627781034e-04 -9.336663680556573919e-01 -7.695009000000000432e-01 -1.558911159176076680e-03 9.999987260395318822e-01 3.430966495959710720e-04 -1.699100000000000046e-03 9.336654800641353003e-01 1.332625288977261433e-03 3.581438195005559599e-01 1.215274100000000024e+00
3.427183989387482810e-01 1.388070568732394658e-03 -9.394371571792109465e-01 -8.218520000000000270e-01 -3.436020839028196446e-03 9.999940717650821487e-01 2.240434899169216430e-04 -1.682799999999999921e-03 9.394318989632272077e-01 3.151141822868197724e-03 3.427211366629688838e-01 1.234123000000000081e+00
3.123245787505785631e-01 1.619818606068010747e-03 -9.499740700124171822e-01 -8.746601000000000514e-01 -2.768644901417296068e-03 9.999958513931872517e-01 7.948596255080336891e-04 -1.571700000000000094e-03 9.499714164719291754e-01 2.381886667715877540e-03 3.123277677412282793e-01 1.252586999999999895e+00
2.884150365420991013e-01 1.090659575297641239e-03 -9.575048705662602133e-01 -9.290178000000000047e-01 -2.856008074283362605e-03 9.999958827395134531e-01 2.787864791760647637e-04 -1.362799999999999949e-03 9.575012323304338269e-01 2.654235428923876466e-03 2.884169639948187536e-01 1.269147000000000025e+00
1.910809283504227019e-01 9.379792184088996078e-04 -9.815738377807990966e-01 -1.038084900000000088e+00 -7.980655835018577631e-04 9.999993613625123290e-01 8.002286497122005401e-04 -9.123000000000000033e-04 9.815739615087927250e-01 6.304518643190787364e-04 1.910815548879108983e-01 1.294450600000000007e+00
1.531010640207047524e-01 1.330902480001063762e-03 -9.882096401545155118e-01 -1.093943200000000004e+00 -1.150520269670996833e-03 9.999986554168660557e-01 1.168532228492996780e-03 -1.031999999999999931e-03 9.882098666269414355e-01 9.580516941572884190e-04 1.531023893938764369e-01 1.303037999999999919e+00
1.499769269794034854e-01 1.736739175935223803e-03 -9.886879715617309383e-01 -1.151483999999999952e+00 -1.996728043619014348e-03 9.999969498899516918e-01 1.453715210496314561e-03 -1.113800000000000076e-03 9.886874806787708803e-01 1.756117259232651802e-03 1.499799373290885418e-01 1.311547400000000030e+00
1.349386029448869928e-01 1.749571525016294657e-03 -9.908524170807480047e-01 -1.207105899999999954e+00 -2.540352899325570239e-03 9.999957654356405046e-01 1.419759815761182384e-03 -1.113999999999999973e-03 9.908507052237631729e-01 2.325534404478724580e-03 1.349424760677844226e-01 1.319455400000000056e+00
1.000699495115190685e-01 1.438495024270289909e-03 -9.949793645783950868e-01 -1.265653700000000104e+00 -1.022871172190287919e-03 9.999985752077533707e-01 1.342876400981467223e-03 -4.043000000000000153e-04 9.949798786605319467e-01 8.833541353050255790e-04 1.000712783277225570e-01 1.326090800000000014e+00
8.307412191680281499e-02 1.561785429301434675e-03 -9.965421471739293047e-01 -1.325895999999999963e+00 -3.031357043625573355e-03 9.999945414739056515e-01 1.314494909577342951e-03 -6.164000000000000208e-04 9.965387604816113853e-01 2.911674546728198251e-03 8.307840278380229648e-02 1.330950300000000031e+00
6.697284814997975233e-02 2.692380653754431960e-03 -9.977511657207398521e-01 -1.384489199999999975e+00 -1.996797047016420079e-03 9.999947183076002277e-01 2.564402163502931594e-03 -8.346000000000000120e-04 9.977528002527644713e-01 1.820561264676602087e-03 6.697787055773551934e-02 1.335221800000000014e+00
6.526057492115988623e-02 2.497904426286565085e-03 -9.978651300824358250e-01 -1.440433999999999992e+00 -2.792964341000545286e-03 9.999934071270452085e-01 2.320571617830495103e-03 -5.902999999999999827e-04 9.978643478505228037e-01 2.635559887522770112e-03 6.526712122447031472e-02 1.339027900000000049e+00
5.062836413643641981e-02 2.324226876076323448e-03 -9.987148575616050517e-01 -1.497544999999999904e+00 -2.937136417312540774e-03 9.999933140788246355e-01 2.178308360943107327e-03 -4.704999999999999981e-04 9.987132431156274803e-01 2.823077589756025491e-03 5.063485221058439123e-02 1.341585500000000097e+00
3.867194787744976381e-02 1.040699361080618928e-03 -9.992514185089774736e-01 -1.561625800000000064e+00 -7.963807694997479536e-04 9.999991721742381712e-01 1.010657463425063823e-03 -7.610000000000000661e-05 9.992516430934871297e-01 7.567005208483646708e-04 3.867274465677306150e-02 1.344906900000000016e+00
3.053651578392378371e-02 2.028042178955448416e-03 -9.995315944224567595e-01 -1.631857399999999902e+00 -3.123620981082304501e-03 9.999932521660377382e-01 1.933549678125431794e-03 -9.826999999999999798e-04 9.995287710695199834e-01 3.063113989327556196e-03 3.054264456368616099e-02 1.346912700000000074e+00
2.919704482461647765e-02 1.959715541469900929e-03 -9.995717543470832300e-01 -1.711006500000000097e+00 -3.182572661147859382e-03 9.999931916644274610e-01 1.867580265553931470e-03 -7.039000000000000335e-04 9.995686088532220737e-01 3.126681913513684481e-03 2.920308297844353973e-02 1.349510900000000069e+00
3.004110602869585617e-02 1.745369091128499582e-03 -9.995471402766897828e-01 -1.798245300000000046e+00 -3.686659510243386721e-03 9.999918670625135286e-01 1.635344148410434930e-03 -1.068999999999999963e-04 9.995418653014132015e-01 3.635862423681833228e-03 3.004729628781721562e-02 1.350740700000000016e+00
3.074259340694399795e-02 1.783950612186438120e-03 -9.995257427754569157e-01 -1.891708500000000015e+00 -4.099901579762053015e-03 9.999902197490099232e-01 1.658678197544962828e-03 4.439000000000000020e-04 9.995189261628074640e-01 4.046965102397846736e-03 3.074960675859750303e-02 1.353655000000000053e+00
3.000244278349411403e-02 3.589429349089560094e-03 -9.995433804612838813e-01 -1.990430099999999980e+00 -4.462731094603240335e-03 9.999840662640471223e-01 3.457057881921494959e-03 -8.970000000000000109e-04 9.995398628660090434e-01 4.356973143087832477e-03 3.001798339046091169e-02 1.356901499999999983e+00
3.182845967636932505e-02 4.406767809581746062e-03 -9.994836314578153802e-01 -2.088727200000000117e+00 -6.938468511017802445e-03 9.999671588470819827e-01 4.187944844001394683e-03 -1.767000000000000124e-04 9.994692625635624994e-01 6.801589870553616420e-03 3.185799061274008359e-02 1.359003200000000078e+00
3.328813017281748859e-02 4.253303504025134074e-03 -9.994367462720690209e-01 -2.188134699999999988e+00 -7.503902333965830479e-03 9.999638225949936121e-01 4.005614930386687186e-03 1.910000000000000077e-04 9.994176263401399751e-01 7.366336301777300435e-03 3.331884226874126664e-02 1.361548200000000097e+00
3.375422163441533369e-02 4.810036111424702970e-03 -9.994185890178655107e-01 -2.293450800000000012e+00 -7.699248291380928616e-03 9.999599968656793791e-01 4.552608498236618284e-03 -7.279999999999999416e-05 9.994005073530842775e-01 7.541102107605940699e-03 3.378990502206580260e-02 1.365081900000000070e+00
3.436599304553663442e-02 5.963978349837622400e-03 -9.993915196179309346e-01 -2.400704100000000007e+00 -7.321963859173333949e-03 9.999568596086259031e-01 5.715572316040049526e-03 -5.383000000000000198e-04 9.993824930261884232e-01 7.121087269342512606e-03 3.440817851708111164e-02 1.368694499999999925e+00
3.408306195409090134e-02 6.972233130924225877e-03 -9.993946832223000731e-01 -2.501705199999999962e+00 -7.476477209077710476e-03 9.999494630868118739e-01 6.721127951382455806e-03 -3.381999999999999807e-04 9.993910381709331103e-01 7.242874951616625617e-03 3.413346724344745731e-02 1.372303199999999945e+00
3.431489193363723711e-02 6.161702289767565649e-03 -9.993920760224564992e-01 -2.597471200000000202e+00 -7.577255463142217040e-03 9.999538570519294067e-01 5.904995056369537199e-03 1.024699999999999916e-03 9.993823459473504256e-01 7.370019800634213664e-03 3.435999733569805592e-02 1.375502199999999897e+00
3.375477799519999850e-02 5.156152637136804037e-03 -9.994168444910650484e-01 -2.693508399999999803e+00 -7.067004025183140289e-03 9.999629234345037698e-01 4.920285604400342211e-03 2.256800000000000212e-03 9.994051592905667247e-01 6.896799714604676113e-03 3.378996503540399043e-02 1.379140999999999950e+00
3.407058436909203569e-02 5.827886861969066440e-03 -9.994024369669470831e-01 -2.788675500000000085e+00 -7.036808414552715371e-03 9.999596098409101463e-01 5.591244418887889207e-03 2.178900000000000108e-03 9.993946560834140458e-01 6.842106513271569053e-03 3.411021797607849404e-02 1.381910799999999995e+00
3.511512123087988380e-02 6.170399763309923971e-03 -9.993642251089949191e-01 -2.879437900000000106e+00 -7.005823322088081465e-03 9.999578883434256937e-01 5.927898391230489866e-03 2.290400000000000161e-03 9.993587177287845957e-01 6.793210324876680292e-03 3.515687120552246636e-02 1.384484400000000059e+00
2.371294381705511822e-02 6.728400454102543594e-03 -9.996961663039718449e-01 -2.963758200000000009e+00 -5.926899204704985831e-03 9.999607237863908926e-01 6.589594100889542214e-03 3.466200000000000010e-03 9.997012394517406086e-01 5.768839738322041957e-03 2.375189101370878131e-02 1.387817499999999926e+00
1.364359411739496895e-02 6.379550350546161867e-03 -9.998865704053058190e-01 -3.042877900000000135e+00 -5.667745934121184125e-03 9.999640756208237891e-01 6.302707657649812487e-03 3.644999999999999803e-03 9.998908585418641026e-01 5.581111458875477258e-03 1.367926165030741714e-02 1.388847100000000001e+00
1.299888131600662224e-02 6.047400443179426835e-03 -9.998972237347255598e-01 -3.116270999999999791e+00 -6.358740671165954289e-03 9.999619911152642926e-01 5.965127146419276633e-03 4.263300000000000249e-03 9.998952922689500200e-01 6.280547163736731678e-03 1.303684109417790893e-02 1.390390599999999921e+00
1.213700046669920034e-02 4.716686762229290418e-03 -9.999152194489583367e-01 -3.187591999999999981e+00 -5.844247543207232130e-03 9.999721292573471310e-01 4.646017561435961639e-03 5.359599999999999954e-03 9.999092648787314408e-01 5.787363347368652301e-03 1.216422768450486913e-02 1.391155499999999989e+00
1.198586476555737329e-02 5.010773033290139358e-03 -9.999156120390513269e-01 -3.262432599999999905e+00 -6.850537492239324247e-03 9.999643874018119272e-01 4.928900910587693737e-03 6.413799999999999883e-03 9.999047000499043936e-01 6.790882249591815786e-03 1.201976440630114773e-02 1.391923100000000080e+00
1.162697447626519220e-02 6.665158904495777775e-03 -9.999101905277826274e-01 -3.335871899999999890e+00 -5.867990695497992543e-03 9.999610206326724482e-01 6.597264619628593479e-03 5.571300000000000384e-03 9.999151864781964383e-01 5.790757467005061901e-03 1.166563235459172621e-02 1.394013500000000016e+00
1.147294783792212995e-02 4.412452396270315040e-03 -9.999244480118281153e-01 -3.413198200000000071e+00 -4.813742660408684530e-03 9.999789199863998723e-01 4.357460778090908177e-03 7.276300000000000302e-03 9.999225966791169817e-01 4.763386052367313273e-03 1.149394639836265331e-02 1.395116000000000023e+00
1.080224560617879838e-02 4.661868283050432486e-03 -9.999307868417568468e-01 -3.535116200000000042e+00 -4.420506027200110481e-03 9.999795832829894149e-01 4.614341084315203359e-03 8.542100000000000387e-03 9.999318829881997939e-01 4.370354824313481962e-03 1.082263287663043361e-02 1.396527499999999922e+00
1.048780559843090140e-02 4.223692819706355989e-03 -9.999360811335364918e-01 -3.614888200000000218e+00 -4.105805843132987604e-03 9.999828313760910081e-01 4.180826644905170399e-03 9.016100000000000850e-03 9.999365721345070401e-01 4.061695707585068378e-03 1.050496719989968408e-02 1.397139499999999979e+00
9.666175424258103416e-03 5.438757786516980677e-03 -9.999384905914998622e-01 -3.698247900000000143e+00 -3.138586571563219130e-03 9.999804477202404174e-01 5.408646000634529348e-03 8.121200000000000294e-03 9.999483558299400165e-01 3.086112597909830384e-03 9.683056440646709007e-03 1.398128299999999991e+00
9.975318415698300814e-03 4.226543435903013478e-03 -9.999413129544602041e-01 -3.789429399999999948e+00 -2.957872163541697824e-03 9.999868170464357719e-01 4.197228323842683469e-03 9.397000000000000838e-03 9.999458705423857063e-01 2.915829885769616932e-03 9.987688486715939895e-03 1.399257200000000090e+00
9.892544080114026167e-03 5.061760123856928403e-03 -9.999382561718853646e-01 -3.882172100000000015e+00 -3.442930663628973251e-03 9.999814329659616474e-01 5.027917241487622237e-03 1.004500000000000011e-02 9.999451403952458461e-01 3.392979190967288384e-03 9.909787694053706630e-03 1.400149700000000053e+00
9.868494233916494038e-03 5.117086461661288048e-03 -9.999382122149841345e-01 -3.972254500000000021e+00 -1.968596376059448746e-03 9.999850679208716064e-01 5.097897958758392661e-03 1.173800000000000017e-02 9.999493674431035872e-01 1.918166164238681044e-03 9.878420354644146251e-03 1.400157899999999955e+00
8.617911090538230359e-03 4.802532947131460048e-03 -9.999513324585987961e-01 -4.056504200000000004e+00 -2.167981438036531774e-03 9.999862064282889484e-01 4.784016058069492233e-03 1.237940000000000047e-02 9.999605149529254833e-01 2.126647702665989369e-03 8.628204021048579975e-03 1.401343900000000087e+00
8.738158443596521704e-03 3.592796069000274775e-03 -9.999553672056674669e-01 -4.146478199999999781e+00 -1.607492848807192147e-03 9.999923037569070638e-01 3.578881626246083972e-03 1.338430000000000002e-02 9.999605294979175829e-01 1.576148267208465296e-03 8.743866586593096457e-03 1.401704199999999956e+00
9.039253501381442138e-03 3.233875933788456052e-03 -9.999539159094198437e-01 -4.192796200000000084e+00 -1.773421262249846690e-03 9.999932497938426312e-01 3.217971997418012792e-03 1.302120000000000014e-02 9.999575725365376089e-01 1.744251471098750769e-03 9.044927508897293578e-03 1.401484299999999905e+00
8.433928073220506305e-03 5.468356278104481889e-03 -9.999494816923861773e-01 -4.285689800000000105e+00 -1.853717115703000734e-03 9.999834146318519190e-01 5.452906938210601642e-03 1.283160000000000030e-02 9.999627155999921690e-01 1.807634044144686624e-03 8.443924979046002477e-03 1.402174400000000043e+00
7.641599223349146257e-03 6.256149160193185885e-03 -9.999512320903432006e-01 -4.330594500000000124e+00 -1.067292889105122492e-03 9.999799104122127913e-01 6.248172362528246759e-03 1.278819999999999957e-02 9.999702329805617573e-01 1.019494810389080623e-03 7.648122850282601526e-03 1.403476699999999910e+00
7.598468863136068410e-03 6.835199786724514663e-03 -9.999477702934348455e-01 -4.414380600000000321e+00 -3.160198119426813404e-04 9.999766048783557126e-01 6.832995495042529233e-03 1.316930000000000010e-02 9.999710812830612250e-01 2.640830028096041379e-04 7.600451154583853786e-03 1.404846100000000098e+00
7.125004362248866206e-03 7.533677923179590841e-03 -9.999462375596939179e-01 -4.454697099999999743e+00 6.137915915007175795e-04 9.999713986822962308e-01 7.538240992062135437e-03 1.322590000000000050e-02 9.999744284594083155e-01 -6.674685925190456011e-04 7.120176469573191724e-03 1.405384100000000025e+00
7.161750489650905473e-03 7.196724076734049499e-03 -9.999484569178989091e-01 -4.494842499999999852e+00 4.015986444855200455e-04 9.999740005749123695e-01 7.199784214403199059e-03 1.354849999999999978e-02 9.999742736933048270e-01 -4.531410029764977414e-04 7.158674093621586465e-03 1.405769299999999999e+00
7.117633269909938096e-03 6.781006113153856089e-03 -9.999516774588302903e-01 -4.534784799999999727e+00 -3.631154471147807553e-04 9.999769591472309482e-01 6.778592909238104897e-03 1.407699999999999924e-02 9.999746033994100225e-01 3.148503620396692765e-04 7.119931561636372308e-03 1.406088100000000063e+00
6.409177549022602831e-03 6.841187389795504344e-03 -9.999560593337299963e-01 -4.611912700000000420e+00 -5.086913093097734581e-04 9.999764907618977627e-01 6.838066734981575884e-03 1.465430000000000031e-02 9.999793316245573216e-01 4.648425732781571833e-04 6.412506926712135957e-03 1.406566299999999936e+00
7.049308027122020565e-03 6.580715857939156352e-03 -9.999534996364261019e-01 -4.649376900000000035e+00 7.634160475159055409e-06 9.999783453955963797e-01 6.580933186475105938e-03 1.505480000000000013e-02 9.999751532903498052e-01 -5.402483062129457420e-05 7.049105138904443457e-03 1.406387000000000054e+00
6.894930950923155825e-03 6.596383416721568645e-03 -9.999544727901371610e-01 -4.719814799999999977e+00 -1.050475292083373480e-04 9.999782418522036309e-01 6.595815885269833666e-03 1.567669999999999828e-02 9.999762241634538862e-01 5.956505159349350514e-05 6.895473863776091505e-03 1.407091300000000045e+00
6.473924390400408874e-03 7.223725947829886911e-03 -9.999529519364489527e-01 -4.783895499999999856e+00 4.110589244192787081e-04 9.999738037473486774e-01 7.226537872289633645e-03 1.544899999999999919e-02 9.999789594454215891e-01 -4.578236446824476141e-04 6.470785420823021994e-03 1.407470599999999905e+00
6.747589744368364707e-03 7.630543751512015860e-03 -9.999481210716372193e-01 -4.843704699999999974e+00 3.183302282693113543e-04 9.999708185928867232e-01 7.632865028149896439e-03 1.541159999999999926e-02 9.999771840889706276e-01 -3.698171554222941075e-04 6.744963807470805151e-03 1.407228600000000052e+00
-1.150756088641952243e-03 7.536023029959470002e-03 -9.999709416364638281e-01 -4.898949100000000278e+00 5.247701123050293494e-04 9.999714706004296794e-01 7.535423116409718097e-03 1.568450000000000052e-02 9.999992001880567694e-01 -5.160834293126293632e-04 -1.154677937913461960e-03 1.407020399999999949e+00
-8.201295355321554237e-03 7.178719955832130531e-03 -9.999406006030008287e-01 -4.954098199999999785e+00 5.111103576046706516e-04 9.999741303958556982e-01 7.174768655118450578e-03 1.606679999999999914e-02 9.999662381904185215e-01 -4.522376011108987688e-04 -8.204752309181051473e-03 1.406563900000000089e+00
-8.124569796759378848e-03 7.986484155562932619e-03 -9.999351016123247948e-01 -5.008144899999999566e+00 4.462363557151760932e-04 9.999680348113935136e-01 7.983121479385364011e-03 1.632439999999999933e-02 9.999668955714144936e-01 -3.813479680398927998e-04 -8.127873952938013957e-03 1.405498600000000042e+00
-2.133500262368446740e-02 8.319412960956467165e-03 -9.997377681327401788e-01 -5.058448799999999856e+00 5.259629350263940288e-04 9.999653323467039279e-01 8.310082294230660555e-03 1.588730000000000003e-02 9.997722445767527333e-01 -3.485293832333879321e-04 -2.133863869206908959e-02 1.404042800000000035e+00
-2.939263662006908959e-02 8.080125844778766539e-03 -9.995352842590664588e-01 -5.107934000000000196e+00 3.472404154734563819e-04 9.999673492242711070e-01 8.073407550621879147e-03 1.628869999999999971e-02 9.995678828056723253e-01 -1.097803129653440388e-04 -2.939448267393818259e-02 1.402579800000000043e+00
-6.161628279995952362e-02 7.977231227960138171e-03 -9.980680324886931354e-01 -5.154951600000000411e+00 7.946442954783290366e-04 9.999681352759378639e-01 7.943360322125662953e-03 1.642549999999999913e-02 9.980995953482593164e-01 -3.036687325263468656e-04 -6.162065847539943686e-02 1.399678900000000059e+00
-9.289495619172738472e-02 8.111653334434346455e-03 -9.956428718141455692e-01 -5.203052999999999706e+00 1.587759236142822963e-03 9.999667490340863329e-01 7.998740326368674117e-03 1.685160000000000130e-02 9.956746487355924158e-01 -8.377985334156530690e-04 -9.290474669720760748e-02 1.395884600000000031e+00
-1.071089560210203989e-01 7.512410883481093586e-03 -9.942189070938071138e-01 -5.253290200000000354e+00 4.892437156216863578e-04 9.999717311206651749e-01 7.503172670724898158e-03 1.722979999999999998e-02 9.942471685555224203e-01 3.172416393588920087e-04 -1.071096035706808891e-01 1.389881799999999945e+00
-1.209790384227108634e-01 8.139524565012599619e-03 -9.926216904753653036e-01 -5.302967999999999904e+00 5.164005083109876777e-04 9.999667622228245456e-01 8.136816337858152753e-03 1.732950000000000115e-02 9.926549277532608073e-01 4.717938708542904550e-04 -1.209792206030116946e-01 1.384378099999999945e+00
-1.293236969649589341e-01 8.084429310255981244e-03 -9.915694748256641544e-01 -5.351209200000000443e+00 3.830314728062401627e-04 9.999670972813441416e-01 8.102940306677243812e-03 1.790850000000000081e-02 9.916023571423208116e-01 6.680998804136934616e-04 -1.293225384546077272e-01 1.378250500000000045e+00
-1.602902246410231879e-01 7.555426796415612781e-03 -9.870410120205007631e-01 -5.397757499999999986e+00 -8.347405208617266273e-05 9.999705973272680071e-01 7.667953640286587561e-03 1.840390000000000081e-02 9.870699250390587709e-01 1.311490324387076453e-03 -1.602848809979159350e-01 1.370359899999999964e+00
-1.898373895779638942e-01 7.548500299063112470e-03 -9.817865275412261949e-01 -5.444925300000000412e+00 8.201610973260463344e-04 9.999713148467609392e-01 7.529729039916072814e-03 1.883929999999999980e-02 9.818152030061452207e-01 6.242009893989170638e-04 -1.898381350496417541e-01 1.361041799999999968e+00
-2.039126990582967314e-01 7.501714750585103224e-03 -9.789603339454368003e-01 -5.489424200000000198e+00 2.952996604565372857e-04 9.999710667894173843e-01 7.601209255443181628e-03 1.934750000000000011e-02 9.789890315835366730e-01 1.260896441169820359e-03 -2.039090144630530954e-01 1.351941800000000082e+00
-2.299933403277335808e-01 8.037967706350972533e-03 -9.731590078091263418e-01 -5.532448800000000055e+00 1.192839240625266032e-03 9.999674679067273031e-01 7.977484738581504947e-03 1.942800000000000082e-02 9.731914716742218197e-01 6.739461105572000336e-04 -2.299954461662290228e-01 1.341881300000000055e+00
-3.535793631627827671e-01 8.828627607496915969e-03 -9.353628650315173321e-01 -5.592934099999999908e+00 4.714499656563251283e-03 9.999595772648437464e-01 7.656195484926854068e-03 1.950999999999999956e-02 9.353926488049757459e-01 -1.702695182142895981e-03 -3.536066930796523122e-01 1.321104800000000079e+00
-4.843135752508779812e-01 1.051361112204223132e-02 -8.748313122018934740e-01 -5.629817499999999697e+00 6.164345891200710345e-03 9.999439795531982478e-01 8.604568266141341543e-03 1.921399999999999844e-02 8.748727688455310014e-01 -1.225453584400306405e-03 -4.843512533235221351e-01 1.299853900000000007e+00
-6.074389191772051610e-01 9.974244032293310552e-03 -7.943037667824658365e-01 -5.661045999999999800e+00 5.855812323637879686e-03 9.999502232627219822e-01 8.078394572124374812e-03 1.986179999999999890e-02 7.943448048113991300e-01 2.558374813414797735e-04 -6.074670901508361087e-01 1.274765499999999996e+00
-6.260862243637621560e-01 7.869406400484290492e-03 -7.797141220375791715e-01 -5.691371400000000413e+00 3.615544146155195634e-03 9.999676212042545309e-01 7.189185185522186869e-03 2.039080000000000059e-02 7.797454504531950992e-01 1.681958979447971837e-03 -6.260944046320293666e-01 1.249397000000000091e+00
-6.344772810837460142e-01 7.254353427503309505e-03 -7.729074680354210969e-01 -5.734632999999999647e+00 3.045565149077242816e-03 9.999716572412735704e-01 6.885437318249024684e-03 2.095280000000000059e-02 7.729355111013462842e-01 2.014713500644991183e-03 -6.344813918532288266e-01 1.212957400000000074e+00
-6.391399293055040065e-01 7.435602639355031948e-03 -7.690545251025735496e-01 -5.761631500000000017e+00 2.947069447367168128e-03 9.999696001151301417e-01 7.218976884508569898e-03 2.106660000000000130e-02 7.690848233771276909e-01 2.347479281333613062e-03 -6.391424127625986440e-01 1.190233099999999933e+00
-6.468729232017765840e-01 7.716329690210011610e-03 -7.625587711675086977e-01 -5.787793599999999650e+00 3.645429018319786604e-03 9.999686705614496685e-01 7.026289407601716067e-03 2.124240000000000156e-02 7.625890977949142391e-01 1.765262495768685300e-03 -6.468807863684468140e-01 1.167823700000000020e+00
-6.539791191541869386e-01 7.452386959818500800e-03 -7.564758909832585143e-01 -5.812703100000000234e+00 3.306016682417202337e-03 9.999700830796249829e-01 6.993082254873930412e-03 2.141010000000000135e-02 7.565053747092675973e-01 2.072407857778158901e-03 -6.539841918285652644e-01 1.146239599999999914e+00
-6.607335759586827617e-01 7.507291746774081079e-03 -7.505829615515392517e-01 -5.836576499999999612e+00 3.326636014091026525e-03 9.999694510226292410e-01 7.073225171819381464e-03 2.140740000000000004e-02 7.506131327745874104e-01 2.176601049876739254e-03 -6.607383652507158311e-01 1.125029199999999951e+00
-6.674518152489117284e-01 7.403118549554886171e-03 -7.446161884868435221e-01 -5.859280599999999950e+00 3.174026676988247943e-03 9.999697801042608525e-01 7.096790323103843549e-03 2.165970000000000048e-02 7.446462246433450671e-01 2.373333937222017916e-03 -6.674551426204131666e-01 1.104600100000000085e+00
-6.855341730349042706e-01 7.394051244718993776e-03 -7.280029021971961001e-01 -5.892662999999999762e+00 4.061749537318554149e-03 9.999717065440938413e-01 6.331532357088048325e-03 2.203839999999999966e-02 7.280291201538890977e-01 1.383516347294068069e-03 -6.855448096882295062e-01 1.073962099999999920e+00
-6.953087028585209772e-01 7.210454024250925742e-03 -7.186750427571317879e-01 -5.914806800000000031e+00 4.055714258810684883e-03 9.999731161312379601e-01 6.108862138929744938e-03 2.201550000000000035e-02 7.186997696611929776e-01 1.332804391399293117e-03 -6.953192538118029287e-01 1.051955900000000055e+00
-7.020015626386565399e-01 7.814214224541995990e-03 -7.121325326854108795e-01 -5.937448999999999977e+00 4.183742456816400522e-03 9.999677973358295224e-01 6.848400571270060917e-03 2.212599999999999983e-02 7.121631149897753588e-01 1.828208790730903067e-03 -7.020116489779055780e-01 1.029426299999999905e+00
-7.301344366412562126e-01 8.352975279274589895e-03 -6.832524659556958868e-01 -5.959711099999999817e+00 5.286200026553550604e-03 9.999644057823812160e-01 6.575960581436680538e-03 2.250769999999999854e-02 6.832830749549082539e-01 1.189526070824599435e-03 -7.301526035753704846e-01 1.004988900000000074e+00
-7.831762438716671770e-01 8.698610993150035151e-03 -6.217389365335393991e-01 -5.980153099999999888e+00 6.276621233251727418e-03 9.999617945543152198e-01 6.083868638284830460e-03 2.260579999999999881e-02 6.217681039269874477e-01 8.623215777547868152e-04 -7.832009201606796589e-01 9.773648000000000335e-01
-8.060185023151605899e-01 6.880014287194024039e-03 -5.918503521406686119e-01 -6.001215499999999814e+00 4.368853350927645249e-03 9.999743561949151482e-01 5.674510812660911452e-03 2.308750000000000038e-02 5.918742155610627886e-01 1.988053312394666167e-03 -8.060278907072655485e-01 9.471656999999999993e-01
-8.219669170024035409e-01 6.870392728341249630e-03 -5.694937972070652776e-01 -6.023501900000000298e+00 4.274935487461011333e-03 9.999734949918576143e-01 5.893576193408816069e-03 2.311159999999999951e-02 5.695191939523562841e-01 2.409775410245598628e-03 -8.219745012482627677e-01 9.144525000000000015e-01
-8.289959793823498124e-01 6.617240020539039147e-03 -5.592154131481085200e-01 -6.047068600000000238e+00 4.160548278430957134e-03 9.999752980612397479e-01 5.665077700919564710e-03 2.373099999999999862e-02 5.592390866221012002e-01 2.369683912505504350e-03 -8.290030329210100746e-01 8.790637000000000034e-01
-8.354129626846762413e-01 7.171064196375225540e-03 -5.495759798396422369e-01 -6.069526699999999941e+00 4.850666443451330349e-03 9.999721353002345436e-01 5.674474261439741915e-03 2.393560000000000132e-02 5.496013580891752071e-01 2.074719590892277858e-03 -8.354244685937520787e-01 8.447255999999999654e-01
-8.392405164296149467e-01 7.016904499637416533e-03 -5.437151079694179101e-01 -6.090757800000000444e+00 4.140077303441967553e-03 9.999702083704432587e-01 6.514762581542975564e-03 2.392149999999999832e-02 5.437446232772092936e-01 3.216430135307773389e-03 -8.392445646140997972e-01 8.113905000000000145e-01
-8.451146377137566112e-01 7.094643401742418282e-03 -5.345380390177556507e-01 -6.110706300000000368e+00 4.500843615476196949e-03 9.999709215517884608e-01 6.156172318567086459e-03 2.456710000000000144e-02 5.345661713283909044e-01 2.796799218567049862e-03 -8.451219949719899205e-01 7.795895999999999937e-01
-8.582477417566490852e-01 6.876224806654639143e-03 -5.131895666340271500e-01 -6.128973499999999852e+00 4.457019656221040613e-03 9.999723967995031160e-01 5.944797291838885452e-03 2.501470000000000082e-02 5.132162787221350442e-01 2.814812865066350887e-03 -8.582546988412812494e-01 7.490860000000000296e-01
-8.635949661353283791e-01 6.520693540033285600e-03 -5.041440419378947491e-01 -6.146374200000000343e+00 4.607998096511303592e-03 9.999766799899170167e-01 5.040419614041345524e-03 2.548920000000000005e-02 5.041651523253697365e-01 2.029786220278547576e-03 -8.636048744354309914e-01 7.190415000000000001e-01
-8.683898019398708090e-01 6.798241222350254534e-03 -4.958355935217986232e-01 -6.162318700000000149e+00 4.664095292348091962e-03 9.999737671194370847e-01 5.541776616382788553e-03 2.524809999999999902e-02 4.958602606601334450e-01 2.499797840772014293e-03 -8.683987292187957951e-01 6.905470000000000219e-01
-8.729916285945876764e-01 6.647488621458006591e-03 -4.876898884524857314e-01 -6.177728700000000295e+00 4.811540771477079703e-03 9.999758375271105004e-01 5.017313759195909939e-03 2.571549999999999878e-02 4.877114571949020538e-01 2.033533127684223566e-03 -8.730025196205590809e-01 6.624227000000000309e-01
-8.772343580141304109e-01 7.031591104700359723e-03 -4.800108726331864806e-01 -6.192552599999999963e+00 5.275148347746796973e-03 9.999735463436741911e-01 5.007935978520782448e-03 2.589320000000000163e-02 4.800333883486087028e-01 1.861004941422091845e-03 -8.772482446441042248e-01 6.353497999999999646e-01
-8.872398483821710702e-01 7.507947163366489665e-03 -4.612473112899143080e-01 -6.205933100000000202e+00 6.038416729020602142e-03 9.999709025323857414e-01 4.661717706232773768e-03 2.586190000000000017e-02 4.612688900914408419e-01 1.350858230169655174e-03 -8.872593680631686297e-01 6.088227999999999973e-01
-9.135465496428941679e-01 7.800282805137382508e-03 -4.066593872317758596e-01 -6.218327500000000008e+00 6.926703414111185647e-03 9.999694570863043586e-01 3.620176008805291688e-03 2.611789999999999945e-02 4.066752050658811735e-01 4.903903360253525617e-04 -9.135726775150088130e-01 5.782644000000000117e-01
-9.252912603044223250e-01 6.470068897537564062e-03 -3.792020857177813009e-01 -6.232509099999999691e+00 5.428070215841894822e-03 9.999779833806629048e-01 3.816910750152158020e-03 2.622680000000000150e-02 3.792184326453374443e-01 1.473418611207973549e-03 -9.253060085072454255e-01 5.421055999999999653e-01
-9.421587468893072304e-01 7.771825539698169402e-03 -3.350768484806890268e-01 -6.245567799999999892e+00 6.685254690555284679e-03 9.999679906627438886e-01 4.396023161560905917e-03 2.642680000000000029e-02 3.351002880179194121e-01 1.901677600190585654e-03 -9.421805456453727912e-01 5.049744999999999928e-01
-9.501965204619138294e-01 6.534309655740990451e-03 -3.115828546300240531e-01 -6.264183000000000057e+00 5.908209582171217687e-03 9.999781852134245197e-01 2.953329781653952699e-03 2.727649999999999866e-02 3.115953554878586051e-01 9.653468749387594198e-04 -9.502143981985361476e-01 4.446256000000000097e-01
-9.602414861824091208e-01 6.483551365807090940e-03 -2.790954169739898738e-01 -6.284354699999999738e+00 5.978299031429198072e-03 9.999785880516272041e-01 2.661461809767983085e-03 2.727310000000000151e-02 2.791066967216823125e-01 8.871301826574005695e-04 -9.602596861501320191e-01 3.776087000000000193e-01
-9.675616074325614768e-01 7.755699390676902734e-03 -2.525161082970366899e-01 -6.296519299999999930e+00 7.255060281157057513e-03 9.999694368933398358e-01 2.913653983164077484e-03 2.713290000000000146e-02 2.525309880447072497e-01 9.871201437943338299e-04 -9.675883038105550504e-01 3.306259999999999755e-01
-9.777255086235548953e-01 7.965133402104652635e-03 -2.097364690193306846e-01 -6.312846699999999700e+00 7.683387022449505652e-03 9.999681535360495088e-01 2.158118988134184388e-03 2.793359999999999940e-02 2.097469793600690857e-01 4.985615211461394934e-04 -9.777555707260048301e-01 2.585991999999999735e-01
