9.999999906998000565e-01 -1.260017648138662459e-05 -1.357999829882869922e-04 -1.940000000000000060e-05 1.259982340138826690e-05 9.999999999172400900e-01 -2.600855527901366389e-06 -6.499999999999999600e-06 1.358000157482868375e-04 2.599144447909326083e-06 9.999999907758000406e-01 -6.459999999999999814e-05
9.999998338315185809e-01 5.420645661022745199e-04 -1.962216640621738516e-04 1.410000000000000120e-04 -5.419353349011533667e-04 9.999996366359968913e-01 6.580531643084465377e-04 1.540000000000000163e-05 1.965783000652675965e-04 -6.579467155075230953e-04 9.999997642315179291e-01 2.448490000000000041e-02
9.999752075970282927e-01 5.952010130048316500e-04 -7.016404138458180208e-03 -2.323000000000000087e-04 -5.915916734681551936e-04 9.999996916344975340e-01 5.164786555719512277e-04 2.567000000000000054e-04 7.016709383460184059e-03 -5.123150045589965756e-04 9.999752513551343203e-01 3.673989999999999895e-02
9.998052801356014374e-01 6.037714171073683012e-04 -1.972402780994657323e-02 -5.255999999999999821e-04 -5.897704685828570725e-04 9.999995700068119442e-01 7.156514414092037674e-04 1.442000000000000085e-04 1.972445141863390927e-02 -7.038794407337623394e-04 9.998052063126930955e-01 5.892569999999999752e-02
9.987864888364110794e-01 7.412576430080529931e-04 -4.924429159750784435e-02 -1.526900000000000089e-03 -7.198987691905899770e-04 9.999996389612342274e-01 4.514677877691383257e-04 1.896000000000000007e-04 4.924460847235784255e-02 -4.154690216579712226e-04 9.987866618662346596e-01 8.017979999999999552e-02
9.972142708871202244e-01 2.382134818956556336e-06 -7.459019998226727732e-02 -3.585200000000000192e-03 3.116206984635008239e-05 9.999998989161400509e-01 4.485494789835218631e-04 2.878000000000000024e-04 7.459019351090727390e-02 -4.496243266630510775e-04 9.972141700106201823e-01 1.097305999999999976e-01
9.964965134088504817e-01 5.838238490019436421e-04 -8.363227794170041696e-02 -4.331599999999999687e-03 -5.327967935315372321e-04 9.999996580652014133e-01 6.324532054421984611e-04 2.922000000000000010e-04 8.363261858617901390e-02 -5.856784045943259909e-04 9.964964837314906898e-01 1.188334999999999947e-01
9.963496188000375842e-01 6.687363978647863257e-04 -8.536386769968909438e-02 -5.158300000000000211e-03 -6.376696884456808847e-04 9.999997201703161309e-01 3.911990005745760376e-04 2.562999999999999957e-04 8.536410542135547397e-02 -3.353370241768554010e-04 9.963497664247691343e-01 1.277765999999999902e-01
9.864523629953456663e-01 -1.390110475154143202e-04 -1.640479082976296910e-01 -1.232699999999999942e-02 3.679047572189473686e-05 9.999998032898850253e-01 -6.261522595740004688e-04 5.649999999999999641e-04 1.640479630698283009e-01 6.116339754641961701e-04 9.864521740644703884e-01 1.796036000000000021e-01
9.750596556669276493e-01 3.299148110506031420e-04 -2.219426931595404051e-01 -1.683950000000000030e-02 -5.557109558327113239e-04 9.999993896597891840e-01 -9.549164270161720862e-04 6.231999999999999693e-04 2.219422426579176766e-01 1.054436468672855908e-03 9.750592438860868905e-01 1.975248000000000004e-01
9.726567897927230755e-01 2.687365186821969072e-04 -2.322470603706277559e-01 -2.135240000000000055e-02 -4.487082474532453139e-04 9.999996386252016922e-01 -7.220875118340577218e-04 6.893000000000000039e-04 2.322467823911090190e-01 8.065544926450019577e-04 9.726565588833641085e-01 2.168470000000000120e-01
9.521646924666089529e-01 -3.244782266381022258e-04 -3.055851651076152420e-01 -3.382419999999999871e-02 6.991888839084480639e-05 9.999996414154109781e-01 -8.439670601552635206e-04 3.218000000000000157e-04 3.055853293784194236e-01 7.822294612316272808e-04 9.521643737221808790e-01 2.571620000000000017e-01
9.308049099415574013e-01 -5.470847649964643775e-04 -3.655159645308931893e-01 -5.077070000000000194e-02 4.232805167182665355e-04 9.999998227028802367e-01 -4.188410346246586465e-04 2.978999999999999769e-04 3.655161288675143894e-01 2.351435051782220574e-04 9.308049764828497663e-01 3.023083999999999771e-01
9.076209541953950133e-01 -1.007118559129315319e-03 -4.197894582021427512e-01 -6.155359999999999998e-02 7.762117462219512683e-04 9.999994389236089853e-01 -7.208660017124814134e-04 2.323000000000000087e-04 4.197899486657175050e-01 3.284275799246494311e-04 9.076212266879609691e-01 3.261105999999999727e-01
8.920015588644442106e-01 -2.894514424344197525e-04 -4.520322280559914696e-01 -7.405390000000000583e-02 1.237199528906655693e-04 9.999999138613403504e-01 -3.961952611886947065e-04 3.836000000000000000e-04 4.520323037978310476e-01 2.974813846348714182e-04 8.920015178395444000e-01 3.510289999999999799e-01
8.629627616036024129e-01 2.936496728578742287e-05 -5.052675244097752927e-01 -8.796089999999999465e-02 -3.976097538562004940e-04 9.999997281495188739e-01 -6.209729237830629743e-04 5.000000000000000104e-04 5.052673688177060640e-01 7.367758052009978431e-04 8.629625386825576783e-01 3.750803999999999805e-01
8.559928030723917836e-01 7.562696365524109940e-04 -5.169871847004587906e-01 -1.021011000000000002e-01 -1.146105877240041152e-03 9.999992486920930013e-01 -4.348063564585930951e-04 4.290000000000000193e-04 5.169864674530539883e-01 9.647131627016631954e-04 8.559930267233057943e-01 3.989536000000000193e-01
8.222952976803133973e-01 -2.765553097294753005e-04 -5.690609518584153204e-01 -1.173923000000000050e-01 1.209774808485768074e-05 9.999998901787959804e-01 -4.685040453478026739e-04 5.862000000000000457e-04 5.690610189307376832e-01 3.783643173931900295e-04 8.222952107205501182e-01 4.220005000000000006e-01
8.009574794459031200e-01 2.394601311766391457e-05 -5.987212335855930379e-01 -1.349847999999999881e-01 -9.492820288416885547e-04 9.999987930603021491e-01 -1.229935595365498797e-03 6.932999999999999927e-04 5.987204815131142999e-01 1.553481421673476304e-03 8.009565354700448614e-01 4.453006999999999938e-01
7.377543914769651989e-01 1.174170098286134428e-03 -6.750682033550631234e-01 -1.752195000000000003e-01 -1.328428197656370425e-03 9.999990762965830227e-01 2.875491337818014540e-04 1.669999999999999935e-04 6.750679174238517488e-01 6.846390004651696937e-04 7.377552698113802876e-01 4.921346999999999805e-01
7.129486980995146661e-01 9.848954198618893510e-04 -7.012155045770301909e-01 -1.970649999999999902e-01 -4.099562822880897166e-04 9.999994281547802677e-01 9.877377987198446372e-04 -3.460000000000000076e-05 7.012160764087299603e-01 -4.167386763218273657e-04 7.129486941672744660e-01 5.153037999999999785e-01
6.989097158052414160e-01 2.176378403342958939e-03 -7.152065942999141779e-01 -2.202942999999999985e-01 -1.755786390877558034e-03 9.999975778468082055e-01 1.327220654735833741e-03 -3.613000000000000001e-04 7.152077504943483710e-01 3.281425943254081320e-04 6.989118441944245363e-01 5.381358000000000530e-01
6.737566467306685958e-01 2.293380948932664462e-03 -7.389497421273439892e-01 -2.438073000000000046e-01 -1.226809096047125477e-03 9.999972773839118645e-01 1.984984686485792224e-03 -6.271999999999999581e-04 7.389522825769515579e-01 -4.308463610148915122e-04 6.737576258905915161e-01 5.598764000000000518e-01
6.198143155908970581e-01 2.220219715499767345e-03 -7.847453630401409752e-01 -2.688689000000000218e-01 -1.426010851596264334e-03 9.999975332888364488e-01 1.702912004060254956e-03 -6.208000000000000193e-04 7.847472081387986131e-01 6.356616512696150988e-05 6.198159527454127904e-01 5.804262999999999506e-01
5.855082842003420662e-01 2.041643664316346828e-03 -8.106638519287259204e-01 -2.952659000000000256e-01 -6.686337908930991333e-04 9.999977047259975826e-01 2.035551912910032318e-03 -5.314000000000000147e-04 8.106661471047282852e-01 -6.497952634735711889e-04 5.855083054103420448e-01 6.004264000000000268e-01
4.986080062750469222e-01 1.773669047678417708e-03 -8.668257669085133177e-01 -3.225355999999999779e-01 1.520907445000814354e-03 9.999945772918309439e-01 2.920997685036223323e-03 -4.887999999999999550e-04 8.668262472485281922e-01 -2.774794594479637524e-03 4.986026048828785528e-01 6.173049999999999926e-01
3.899319040159305305e-01 2.273321433846711617e-03 -9.208408886665325754e-01 -3.507277999999999785e-01 9.074775123797043782e-04 9.999955184072150116e-01 2.853007194113660328e-03 -1.421000000000000117e-04 9.208432476350550955e-01 -1.948120926316508107e-03 3.899280935118432101e-01 6.294104000000000365e-01
3.697060323606466414e-01 3.365281016952140561e-03 -9.291426825411829293e-01 -3.771328999999999931e-01 -9.906521271135634507e-04 9.999943002020003080e-01 3.227719299217980675e-03 1.009999999999999986e-05 9.291482487980654570e-01 -2.728501208363414126e-04 3.697072589337406789e-01 6.403514000000000150e-01
3.342207879745890953e-01 2.997191575598277986e-03 -9.424900433045986237e-01 -4.033183000000000185e-01 -6.106343331806532958e-04 9.999954223173161960e-01 2.963523261861814376e-03 8.699999999999999712e-06 9.424946111312022534e-01 -4.149543006377717693e-04 3.342210882059546417e-01 6.498728999999999756e-01
3.232544235129487520e-01 3.451538120409286363e-03 -9.463057986528004006e-01 -4.296692999999999762e-01 -1.214798927855468896e-03 9.999940379448194472e-01 3.232388958616929427e-03 1.370999999999999986e-04 9.463113134391217818e-01 1.046872402394997438e-04 3.232566891770465300e-01 6.589447999999999972e-01
3.012978774877539956e-01 3.564912364827107702e-03 -9.535234031848436320e-01 -4.429092000000000029e-01 -6.814959421669779596e-04 9.999935609131458403e-01 3.523307469889205498e-03 2.216999999999999949e-04 9.535298236471974054e-01 -4.117427323826487653e-04 3.012983668778627111e-01 6.631833000000000311e-01
2.771561740928211170e-01 2.546106902072708868e-03 -9.608215091794485296e-01 -4.703518999999999894e-01 -1.208114852128307302e-03 9.999966219374402110e-01 2.301428298344563791e-03 4.540999999999999789e-04 9.608241231467566923e-01 5.229276733658956653e-04 2.771583138314896999e-01 6.711065000000000502e-01
2.168804347653311426e-01 3.023116183476501091e-03 -9.761934940289975771e-01 -4.972122999999999959e-01 6.324973248470430222e-04 9.999945597544436238e-01 3.237345926922330537e-03 5.284999999999999984e-04 9.761979701695426836e-01 -1.319556765623118230e-03 2.168773427696109035e-01 6.775843999999999756e-01
1.944928989785327522e-01 3.269774960983765251e-03 -9.808984763055914602e-01 -5.110175999999999608e-01 -1.756317499669896249e-03 9.999940019897154420e-01 2.985185661446728127e-03 6.576999999999999947e-04 9.809023537517722602e-01 1.142171746051124075e-03 1.944974751711083805e-01 6.801916999999999547e-01
1.807781084527308735e-01 3.373224717946735236e-03 -9.835181222830897685e-01 -5.249019000000000323e-01 -3.705660737691283003e-04 9.999942810761003331e-01 3.361621019431401333e-03 7.022999999999999946e-04 9.835238371209096275e-01 -2.432490401725192434e-04 1.807783245991255727e-01 6.829446999999999601e-01
1.423427550193756552e-01 3.154272455407865564e-03 -9.898124017503372452e-01 -5.528298999999999852e-01 -2.611491162832814145e-04 9.999950072633935205e-01 3.149166465040819339e-03 8.407999999999999459e-04 9.898173932067636516e-01 -1.897723966452057737e-04 1.423428680749562192e-01 6.871930000000000538e-01
1.383687333123918839e-01 4.459138356020467091e-03 -9.903707435736608389e-01 -5.817204000000000264e-01 -8.998128609021965874e-04 9.999900172246474206e-01 4.376732555751595283e-03 7.163000000000000096e-04 9.903803733810254695e-01 2.855453923423954474e-04 1.383713643984526565e-01 6.913021000000000305e-01
1.229593713845037045e-01 3.009862771006293399e-03 -9.924071411043087210e-01 -6.100219999999999532e-01 -1.708453757275733842e-04 9.999954501984555932e-01 3.011709522161176711e-03 1.168600000000000107e-03 9.924116906811331074e-01 -2.007697387409696031e-04 1.229593261649019054e-01 6.950376999999999805e-01
8.855734722332872511e-02 3.786668720702116887e-03 -9.960638821846550250e-01 -6.393560000000000354e-01 1.531810120591696337e-03 9.999910736536190559e-01 3.937787556067414221e-03 1.344799999999999945e-03 9.960699020703924766e-01 -1.874500755380674975e-03 8.855075627230313273e-02 6.981011999999999773e-01
7.161773606799148872e-02 3.968570867168740718e-03 -9.974242579393020058e-01 -6.695295999999999470e-01 -9.064745611353851144e-04 9.999919305960464078e-01 3.913699868660207651e-03 1.350499999999999921e-03 9.974317411153332813e-01 6.238493922382769025e-04 7.162075556408409316e-02 7.000043999999999711e-01
5.543336319046299893e-02 4.426305674386021155e-03 -9.984525777739627905e-01 -6.987723000000000129e-01 -2.644598404676359003e-04 9.999902036782358783e-01 4.418439606136412463e-03 1.507400000000000103e-03 9.984623539755452803e-01 1.912164201051547857e-05 5.543399072749322087e-02 7.017856999999999568e-01
5.372769876734995176e-02 4.617504388406350191e-03 -9.985449479309321807e-01 -7.263136999999999510e-01 -9.559801826213801951e-05 9.999893276092665095e-01 4.619039790471591959e-03 1.580900000000000100e-03 9.985556195055856898e-01 -1.527114602889942385e-04 5.372756678862433688e-02 7.034127999999999492e-01
3.832688427996374519e-02 4.076067206463982254e-03 -9.992569417409710164e-01 -7.547289999999999832e-01 2.941587861014394612e-04 9.999915912327577150e-01 4.090346487258069742e-03 1.641099999999999937e-03 9.992652117491124253e-01 -4.507104454680565392e-04 3.832536298713318246e-02 7.046088000000000351e-01
2.724002438970041934e-02 3.097749564108076992e-03 -9.996241218672580198e-01 -7.867720999999999743e-01 1.157003934165899781e-03 9.999944308726387288e-01 3.130425786331133501e-03 1.945300000000000067e-03 9.996282521083249550e-01 -1.241841916457357958e-03 2.723628857810256321e-02 7.056666999999999801e-01
1.853609085174923871e-02 2.735986988047137310e-03 -9.998244484463942872e-01 -8.227164999999999617e-01 4.788741324050164311e-05 9.999962523177559071e-01 2.737344925034107535e-03 2.065099999999999835e-03 9.998281907621584530e-01 -9.861868075371552078e-05 1.853589036503111576e-02 7.063534000000000201e-01
1.753906405139996419e-02 2.583278155914289775e-03 -9.998428416037041799e-01 -8.624728999999999868e-01 -1.557181738774074831e-04 9.999966572344071158e-01 2.580943986613215210e-03 2.015900000000000157e-03 9.998461666596771824e-01 1.104263595646424404e-04 1.753940768577721965e-02 7.069760999999999962e-01
1.801413368286098812e-02 3.140334279654915378e-03 -9.998328006663252943e-01 -9.062405999999999517e-01 -1.338115506628862958e-03 9.999942476966631189e-01 3.116732339450436172e-03 2.298699999999999875e-03 9.998368369061756411e-01 1.281746541591219195e-03 1.801823219009535126e-02 7.074352999999999891e-01
1.800289725951520828e-02 3.599579241651746676e-03 -9.998314551560905095e-01 -9.533011999999999597e-01 -1.837713275259139634e-03 9.999919493879545485e-01 3.567067310351845072e-03 2.392700000000000209e-03 9.998362458423781796e-01 1.773185991855973477e-03 1.800936731973146188e-02 7.084916999999999465e-01
1.857912531928700844e-02 4.274079254565743557e-03 -9.998182576593088733e-01 -1.003350100000000023e+00 -2.545797772446877546e-03 9.999878235179909813e-01 4.227496830634007614e-03 2.568099999999999810e-03 9.998241520467847643e-01 2.466791899797548399e-03 1.858978003234734722e-02 7.092931000000000097e-01
1.886616712452357514e-02 5.283752509303366041e-03 -9.998080564275573234e-01 -1.051109999999999989e+00 -4.059178121174343221e-03 9.999781993760392673e-01 5.208055840222977628e-03 2.720300000000000148e-03 9.998137780662006424e-01 3.960142936149086898e-03 1.888720352289197102e-02 7.103026999999999536e-01
1.975309942290790280e-02 5.708062261297421058e-03 -9.997885941979982594e-01 -1.100774499999999989e+00 -4.238455324348071318e-03 9.999751949495467862e-01 5.625387282613689317e-03 2.833099999999999855e-03 9.997959044523296868e-01 4.126440456015150436e-03 1.977680281316318567e-02 7.109990999999999950e-01
2.016433764606404000e-02 6.791996562645609588e-03 -9.997736085084408808e-01 -1.152625299999999964e+00 -4.685767961811931719e-03 9.999665842652726289e-01 6.698800747269949458e-03 2.312900000000000112e-03 9.997856985704006716e-01 4.549630263722295558e-03 2.019548955979633131e-02 7.122117000000000031e-01
2.050473514238885034e-02 7.228963756432125846e-03 -9.997636210223639353e-01 -1.207386700000000035e+00 -4.313283662259185212e-03 9.999651934070207249e-01 7.141957610382639390e-03 2.534600000000000134e-03 9.997804516096469030e-01 4.165820143477780638e-03 2.053520201368430609e-02 7.132243000000000333e-01
2.166612862069455109e-02 8.170467906019525731e-03 -9.997318752169443989e-01 -1.257983400000000085e+00 -5.055947034521639759e-03 9.999547139723665712e-01 8.062716913458049806e-03 2.669599999999999838e-03 9.997524775013941767e-01 4.879903548140637586e-03 2.170645690077521728e-02 7.137067999999999746e-01
2.332044064102204231e-02 8.122786465207218129e-03 -9.996950421945429710e-01 -1.305797000000000097e+00 -5.792161384416709934e-03 9.999513061814537807e-01 7.989751717118281221e-03 3.420100000000000137e-03 9.997112622726649356e-01 5.604070488936505924e-03 2.336635356981464628e-02 7.140777000000000374e-01
2.246539544189531806e-02 7.613335181489848044e-03 -9.997186319835466017e-01 -1.353088400000000080e+00 -4.126749289418684200e-03 9.999631905719181812e-01 7.522462464642193369e-03 3.674399999999999975e-03 9.997391039405939539e-01 3.956593060191717498e-03 2.249598682908782177e-02 7.155443000000000220e-01
2.219793299457995320e-02 8.932566783680897377e-03 -9.997136895238670773e-01 -1.400384700000000038e+00 -3.006409146936968920e-03 9.999561592732275628e-01 8.867978099695217678e-03 3.484199999999999797e-03 9.997490751557657207e-01 2.808697596848224246e-03 2.222381477154866669e-02 7.166038999999999604e-01
2.264404794033871363e-02 9.337784338412098706e-03 -9.996999814326922307e-01 -1.444587000000000065e+00 -3.364339128282742546e-03 9.999514292515888636e-01 9.263927889102820806e-03 3.720600000000000122e-03 9.997379298171625850e-01 3.153556936840849756e-03 2.267436357520435930e-02 7.173342999999999803e-01
4.622638252230719912e-03 8.994027897576313546e-03 -9.999488680316444000e-01 -1.505597599999999980e+00 -2.965184242520769141e-03 9.999552792477238716e-01 8.980377888176353102e-03 4.709399999999999871e-03 9.999849193352854382e-01 2.923519588468538946e-03 4.649100474169221009e-03 7.181587000000000387e-01
2.213175548332210751e-03 9.624374757975392297e-03 -9.999512354432641414e-01 -1.525107599999999897e+00 -2.106110018111205257e-03 9.999515115068018378e-01 9.619715996537717834e-03 4.733799999999999814e-03 9.999953330664018702e-01 2.084717194364298781e-03 2.233338226880543509e-03 7.182336000000000276e-01
2.042580940245004688e-03 9.875634875061744741e-03 -9.999491485565236149e-01 -1.561681499999999945e+00 -2.518925611620944412e-03 9.999481129801764956e-01 9.870479276474032615e-03 4.964500000000000163e-03 9.999947414246063149e-01 2.498636267776378154e-03 2.067350946425072777e-03 7.185348999999999764e-01
9.036135589648320449e-04 8.511894209426155988e-03 -9.999633648986863133e-01 -1.597308299999999903e+00 -2.410715146997609738e-03 9.999608860095663410e-01 8.509694673910373625e-03 5.641499999999999813e-03 9.999966859620164072e-01 2.402937354713967355e-03 9.240979673330596000e-04 7.187084999999999724e-01
1.161900224662324550e-03 8.245163417050168503e-03 -9.999653330331479406e-01 -1.634729600000000005e+00 -3.540346708526111684e-03 9.999597750907894822e-01 8.241003917073892737e-03 6.430499999999999584e-03 9.999930579424298749e-01 3.530648751141428950e-03 1.191044224496118353e-03 7.185200999999999949e-01
1.232025804951538675e-03 8.541277515860860869e-03 -9.999627636521333240e-01 -1.671236299999999897e+00 -3.091239766715804960e-03 9.999587773718958683e-01 8.537434837685906747e-03 6.733300000000000222e-03 9.999944631592316835e-01 3.080606320208395012e-03 1.258378154325501264e-03 7.187759000000000231e-01
9.731117801377797086e-04 7.157000146268135791e-03 -9.999739148609675388e-01 -1.709174900000000052e+00 -2.019737794420319206e-03 9.999723627666711190e-01 7.155023555728849162e-03 7.084000000000000019e-03 9.999974868531945615e-01 2.012722471569900091e-03 9.875401497105862347e-04 7.189238999999999491e-01
-3.579632076917425897e-04 7.148053612839403055e-03 -9.999743882679648088e-01 -1.748518100000000075e+00 -1.035345599883709562e-03 9.999739137292029678e-01 7.148420845848371327e-03 7.554400000000000177e-03 9.999993999607355022e-01 1.037877954545550225e-03 -3.505531639107495323e-04 7.191165000000000473e-01
1.297419771992021917e-03 6.675756042796311338e-03 -9.999768752242187420e-01 -1.807822500000000110e+00 -1.309514527641771325e-03 9.999768708000585926e-01 6.674056983931470413e-03 8.385800000000000545e-03 9.999983009353753394e-01 1.300825191921581303e-03 1.306131763231688225e-03 7.185171999999999670e-01
7.106084741954510776e-04 7.257593661510568228e-03 -9.999734108314286551e-01 -1.827950399999999975e+00 -9.069739620433865147e-04 9.999732566942147738e-01 7.256948022294989684e-03 8.510000000000000203e-03 9.999993362166941235e-01 9.017929975983804240e-04 7.171719186538361157e-04 7.188364000000000420e-01
2.571221479615754825e-04 6.494525496922583067e-03 -9.999788772903009937e-01 -1.870556200000000002e+00 -5.174498772169133787e-04 9.999787773352043496e-01 6.494391797113663670e-03 8.708900000000000322e-03 9.999998330668987689e-01 5.157690953047958625e-04 2.604772825653967061e-04 7.188900000000000290e-01
3.098317348406982689e-04 6.811270032512243243e-03 -9.999767550322559151e-01 -1.893182200000000037e+00 -2.147440759652369247e-04 9.999767804252035486e-01 6.811203669398255625e-03 8.858100000000000696e-03 9.999999289446365180e-01 2.126287571968745078e-04 3.112872205688343996e-04 7.188809999999999922e-01
2.148079160469235695e-05 7.907800471418294577e-03 -9.999687326263155818e-01 -1.938603999999999994e+00 -3.973406155790438349e-04 9.999686539871978086e-01 7.907791314078557385e-03 9.345300000000000828e-03 9.999999208295022868e-01 3.971583261642660546e-04 2.462220857468722102e-05 7.188244999999999774e-01
-6.252336697674271701e-04 8.202009139208640831e-03 -9.999661674921502819e-01 -1.960838099999999917e+00 2.057883099292326032e-04 9.999663428257731246e-01 8.201881907211831108e-03 9.654199999999999934e-03 9.999997833669915792e-01 -2.006532548707784178e-04 -6.269005037676800285e-04 7.187457999999999902e-01
-3.291721277566162385e-04 8.089673115297542697e-03 -9.999672238801620150e-01 -2.003307299999999902e+00 8.462932446740185910e-05 9.999672746999499484e-01 8.089645667898590076e-03 1.035639999999999998e-02 9.999999422417922279e-01 -8.196366476922230943e-05 -3.298459790709307171e-04 7.187544999999999629e-01
-6.679791853241928094e-04 6.114742182374748383e-03 -9.999810816869743046e-01 -2.046040300000000034e+00 -1.407982739586944101e-05 9.999813046242959080e-01 6.114752950814346735e-03 1.086009999999999927e-02 9.999997768027584222e-01 1.816408872383013309e-05 -6.678806026878536528e-04 7.185679999999999845e-01
3.688131836025381827e-04 5.639115257906487932e-03 -9.999840320504840285e-01 -2.090785700000000080e+00 -5.571108165404155613e-04 9.999839460358587173e-01 5.638909299757504517e-03 1.095770000000000077e-02 9.999997768021617883e-01 5.550222165321334368e-04 3.719488747948584972e-04 7.181665000000000409e-01
-1.365896787078959315e-04 7.396860189084008760e-03 -9.999726335268395161e-01 -2.136526299999999878e+00 1.212798361189676433e-04 9.999726356232894187e-01 7.396843638564376891e-03 1.131640000000000076e-02 9.999999833172303898e-01 -1.202661846215432630e-04 -1.374830310080232820e-04 7.180841999999999503e-01
-1.757244360636560094e-04 8.059441270983907710e-03 -9.999675067357550740e-01 -2.158551000000000109e+00 -1.107195552604906767e-03 9.999669076854411642e-01 8.059631010452433450e-03 1.136209999999999998e-02 9.999993716192682180e-01 1.108575850321436625e-03 -1.667952434036834575e-04 7.181214999999999682e-01
-7.495901699061162599e-04 8.686132927106356150e-03 -9.999619938824425569e-01 -2.200175999999999910e+00 1.063076866931027004e-03 9.999617166909620103e-01 8.685333617036331694e-03 1.182530000000000039e-02 9.999991539907183702e-01 -1.056526022804966589e-03 -7.587955000918356063e-04 7.182946999999999527e-01
4.869070562755449798e-05 9.367329578903004286e-03 -9.999561244203545307e-01 -2.238238799999999973e+00 1.578899645551700131e-03 9.999548784774183741e-01 9.367394788343844439e-03 1.170569999999999944e-02 9.999987523517839261e-01 -1.579286475476686293e-03 3.389843527690228342e-05 7.180328999999999740e-01
6.220332257492875621e-04 8.684517888148723941e-03 -9.999620953934789114e-01 -2.294080300000000072e+00 7.294440629829783071e-04 9.999620188739414273e-01 8.684970979231173768e-03 1.265819999999999966e-02 9.999995404929071796e-01 -7.348187542065426348e-04 6.156747302135112676e-04 7.176259000000000388e-01
7.024352649498186553e-04 9.298327157371964746e-03 -9.999565229032575386e-01 -2.346404999999999852e+00 8.794956238359786377e-04 9.999563771160466796e-01 9.298943617338222695e-03 1.292220000000000001e-02 9.999993665358725137e-01 -8.859892918432546449e-04 6.942267846539174059e-04 7.175529999999999964e-01
1.179640144098448046e-03 1.013954601375065614e-02 -9.999478976705562516e-01 -2.392747200000000074e+00 8.705596315441909913e-04 9.999482040795186766e-01 1.014057612135863679e-02 1.272440000000000029e-02 9.999989252869516676e-01 -8.824765040365088048e-04 1.170751964109539855e-03 7.171659999999999702e-01
-7.203456828387228179e-03 1.015252373099463645e-02 -9.999225152338622191e-01 -2.434724300000000063e+00 1.315008394143494207e-03 9.999476906799749099e-01 1.014330600487920245e-02 1.313970000000000068e-02 9.999731901219377495e-01 -1.241839634122336895e-03 -7.216430674386709043e-03 7.169997999999999649e-01
-1.414815115541465974e-02 9.579412327848901496e-03 -9.998540216843339046e-01 -2.476049399999999956e+00 8.301244269200980241e-04 9.999538751140784054e-01 9.568622564083365672e-03 1.370610000000000057e-02 9.998995653125963834e-01 -6.946249283687000800e-04 -1.415545067772550070e-02 7.163850999999999969e-01
-2.931496099459563950e-02 9.784265816593237797e-03 -9.995223365209583433e-01 -2.526947499999999902e+00 9.579224031869542494e-04 9.999519075662123280e-01 9.760375984701625748e-03 1.430879999999999999e-02 9.995697651722740273e-01 -6.713397973550829650e-04 -2.932292373419942422e-02 7.154593000000000202e-01
-7.895212132712937925e-02 9.115967511774542009e-03 -9.968367276912858399e-01 -2.574001599999999890e+00 2.914044463891929827e-03 9.999560262432904967e-01 8.913693094906659231e-03 1.466280000000000014e-02 9.968741499722063582e-01 -2.201071569031075054e-03 -7.897521384041517045e-02 7.127814999999999568e-01
-1.149329911332745979e-01 8.765271344142774868e-03 -9.933345748374121653e-01 -2.611050099999999929e+00 3.132188560216774172e-03 9.999592968918922242e-01 8.461321072723387154e-03 1.508400000000000019e-02 9.933683088079577894e-01 -2.138826251946430220e-03 -1.149557674859427170e-01 7.083899000000000168e-01
-1.281423102851082796e-01 9.371447601265604777e-03 -9.917115126308920781e-01 -2.635659899999999833e+00 2.970588795044372919e-03 9.999544950993733972e-01 9.065502345051315233e-03 1.505070000000000019e-02 9.917513417772653161e-01 -1.784292692947891598e-03 -1.281643178992503129e-01 7.051212999999999509e-01
-1.566506318979346557e-01 1.000194283334645586e-02 -9.876034328947709273e-01 -2.670524400000000131e+00 4.428203570798438377e-03 9.999457829489013516e-01 9.424551758270614463e-03 1.525520000000000001e-02 9.876441517769005696e-01 -2.896947059789538748e-03 -1.566864294015899439e-01 7.003163999999999501e-01
-1.776150753695866502e-01 9.604027628209563586e-03 -9.840531731846466901e-01 -2.693602600000000180e+00 3.684977664610376152e-03 9.999518581709547771e-01 9.094079396296129297e-03 1.540500000000000029e-02 9.840931388547868863e-01 -2.010968366584244861e-03 -1.776419152822925618e-01 6.959545000000000314e-01
-2.100504319689744381e-01 1.001444914899274688e-02 -9.776392621196683397e-01 -2.716384199999999804e+00 4.073297695207110658e-03 9.999478249270041808e-01 9.367799615682655470e-03 1.562830000000000122e-02 9.776820670726928952e-01 -2.014505397263091982e-03 -2.100802644049910572e-01 6.911194999999999977e-01
-2.186952018419245081e-01 9.910335754649600773e-03 -9.757428933569283203e-01 -2.738102200000000153e+00 3.319006487493204437e-03 9.999501950989478916e-01 9.412306705165461237e-03 1.592469999999999997e-02 9.757875756983462878e-01 -1.180070678492774194e-03 -2.187172022176990804e-01 6.860308999999999990e-01
-2.672323775926694345e-01 1.009749649064237143e-02 -9.635792115497250343e-01 -2.759012199999999915e+00 5.752099084347847384e-03 9.999439984097818757e-01 8.883321472405026134e-03 1.617849999999999844e-02 9.636149488889700354e-01 -3.168691982460984918e-03 -2.672754939548844799e-01 6.804105000000000292e-01
-3.608915172861503207e-01 1.100358762560038270e-02 -9.325428857753758072e-01 -2.778178200000000153e+00 8.146077735144766074e-03 9.999294397528349920e-01 8.646209175963455798e-03 1.608870000000000092e-02 9.325722246391604520e-01 -4.476223290595549020e-03 -3.609556887716545148e-01 6.730222000000000149e-01
-4.230839547228127939e-01 1.153038235509169784e-02 -9.060171176853397679e-01 -2.787616499999999942e+00 9.144170871741023193e-03 9.999224421769420390e-01 8.455398865124367364e-03 1.609460000000000057e-02 9.060443429519184910e-01 -4.707431746221442045e-03 -4.231565770387852865e-01 6.682841000000000475e-01
-5.659190264045775853e-01 1.292402785166032672e-02 -8.243595241503455240e-01 -2.804341599999999879e+00 1.258584233210513145e-02 9.998960408915885667e-01 7.035906630859168481e-03 1.647879999999999831e-02 8.243647567224631212e-01 -6.393505565516127698e-03 -5.660228537439961904e-01 6.566199999999999815e-01
-6.289979811581362101e-01 1.101394911070694219e-02 -7.773289089079189473e-01 -2.818951799999999785e+00 9.669083615533865389e-03 9.999331289751203222e-01 6.344005048969667514e-03 1.655739999999999990e-02 7.773468006758790239e-01 -3.525691848743431507e-03 -6.290624142133774965e-01 6.439118000000000341e-01
-6.387009858882646274e-01 1.021623289231561767e-02 -7.693872101944819741e-01 -2.833286800000000216e+00 8.532563697742736805e-03 9.999444107088023559e-01 6.194420793741833506e-03 1.676259999999999903e-02 7.694077241502726983e-01 -2.608462711243321810e-03 -6.387526516110765273e-01 6.317108999999999641e-01
-6.421805156367487166e-01 9.712663308055266911e-03 -7.664919109214288762e-01 -2.847003500000000020e+00 8.194109495200782925e-03 9.999495735282279973e-01 5.805770430834042081e-03 1.690600000000000089e-02 7.665096489321580053e-01 -2.552365996334279418e-03 -6.422277193657407457e-01 6.201792000000000415e-01
-6.490423195541583645e-01 9.792245254736306470e-03 -7.606892791150855482e-01 -2.866628599999999860e+00 7.743280474188500052e-03 9.999503917887190285e-01 6.265426488701708596e-03 1.701870000000000119e-02 7.607128952734109051e-01 -1.823703500673343799e-03 -6.490859458271190929e-01 6.032745000000000468e-01
-6.563536362879699437e-01 8.902502302233846962e-03 -7.544008547081034743e-01 -2.879131999999999802e+00 7.088020615395170150e-03 9.999590111892094901e-01 5.633462989509852199e-03 1.728069999999999953e-02 7.544200846314433884e-01 -1.649664892384283994e-03 -6.563898342528073915e-01 5.923435999999999702e-01
-6.634925246875342797e-01 8.870314335066542891e-03 -7.481303276885373776e-01 -2.891219099999999820e+00 7.367312003773762545e-03 9.999586969409524073e-01 5.322323364042077197e-03 1.733300000000000118e-02 7.481466382986694530e-01 -1.980387777555230391e-03 -6.635304707898874721e-01 5.816094000000000541e-01
-6.703323614604620451e-01 8.558156301457493439e-03 -7.420116462290603510e-01 -2.902584800000000076e+00 7.147313505303407380e-03 9.999615722708434795e-01 5.076405350211946228e-03 1.751079999999999998e-02 7.420265770769246538e-01 -1.900511074047279503e-03 -6.703677699361448861e-01 5.710834000000000188e-01
-6.922803036584699310e-01 9.239434937307961643e-03 -7.215695489754092584e-01 -2.924040999999999890e+00 8.234564856923389659e-03 9.999540716234385229e-01 4.903731775320860180e-03 1.751940000000000094e-02 7.215817161681368219e-01 -2.547054327340152365e-03 -6.923245910742299447e-01 5.510517999999999805e-01
-7.020787728935026228e-01 8.875497447646811533e-03 -7.120439749042267730e-01 -2.934890699999999963e+00 8.168943140345812787e-03 9.999569106950839670e-01 4.409662244867045867e-03 1.758660000000000084e-02 7.120524313702777386e-01 -2.720716486667386705e-03 -7.021210242411743963e-01 5.401384999999999659e-01
-7.084299793326997996e-01 9.356862670970371790e-03 -7.057190754851587755e-01 -2.945963900000000191e+00 8.047631774409121433e-03 9.999542033097195137e-01 5.179469668570225137e-03 1.762599999999999931e-02 7.057352194736310480e-01 -2.010075665421441962e-03 -7.084728361696905896e-01 5.288205999999999740e-01
-7.365102093235348368e-01 9.977116444019069191e-03 -6.763528433515049176e-01 -2.956991899999999784e+00 9.265338016284239281e-03 9.999462122756168636e-01 4.661122943138753041e-03 1.767080000000000040e-02 6.763629684375445095e-01 -2.833673077392783683e-03 -7.365630354716720118e-01 5.167635999999999896e-01
-7.889549564949323024e-01 1.029308043011387640e-02 -6.143648176103014835e-01 -2.966897700000000082e+00 1.032088301875242788e-02 9.999406158827666147e-01 3.499154427383617191e-03 1.779000000000000026e-02 6.143643511759068199e-01 -3.580112184367602660e-03 -7.890143387803256747e-01 5.030761000000000260e-01
-8.114521564796215447e-01 9.078535413391651196e-03 -5.843483361312150626e-01 -2.977073900000000162e+00 8.792038631768086046e-03 9.999558163601810490e-01 3.326467216321509802e-03 1.779530000000000001e-02 5.843527169452275016e-01 -2.438344149532193327e-03 -8.114961224038838017e-01 4.881645000000000012e-01
-8.270817570565309751e-01 8.688131999883887471e-03 -5.620144869188288261e-01 -2.987784599999999902e+00 8.486326964182234686e-03 9.999595813844586178e-01 2.969486837028436493e-03 1.790500000000000078e-02 5.620175703649654686e-01 -2.313430303874581748e-03 -8.271220578858302641e-01 4.720798999999999968e-01
-8.343104604648388101e-01 9.370003951177017371e-03 -5.512152561249576976e-01 -2.999045600000000089e+00 8.955819562091349439e-03 9.999539696846762027e-01 3.442645469562118175e-03 1.785240000000000091e-02 5.512221411145592498e-01 -2.064349246799527474e-03 -8.343559729559484328e-01 4.550565999999999778e-01
-8.407146081929921522e-01 1.009377744890202662e-02 -5.413843950722224685e-01 -3.009987100000000027e+00 9.578320580901749856e-03 9.999470228923779125e-01 3.769241769844318066e-03 1.792360000000000134e-02 5.413937599804358181e-01 -2.016696675779987638e-03 -8.407667510009924072e-01 4.379672000000000009e-01
-8.447634278385323103e-01 1.083226980358142563e-02 -5.350302915886128163e-01 -3.020359299999999969e+00 1.009768481802410939e-02 9.999397648767682778e-01 4.301555475549382300e-03 1.789129999999999887e-02 5.350446595825525398e-01 -1.768770503994643349e-03 -8.448219242556951336e-01 4.216309999999999780e-01
-8.590637560842507847e-01 1.083900536694415093e-02 -5.117538265075054493e-01 -3.034824799999999989e+00 1.047349540478914598e-02 9.999386807243889619e-01 3.597316385069374532e-03 1.827749999999999861e-02 5.117614374651773268e-01 -2.269527224728506119e-03 -8.591246011899271728e-01 3.979998000000000147e-01
-8.674052044145420526e-01 1.124770577229875640e-02 -4.974753264931107144e-01 -3.043250800000000034e+00 1.107729503344089678e-02 9.999332208585426374e-01 3.293532784574430220e-03 1.834409999999999860e-02 4.974791502056235548e-01 -2.653853485171744648e-03 -8.674718739949847102e-01 3.833655000000000257e-01
-8.722616226120644134e-01 1.052735184537807907e-02 -4.889262077055109845e-01 -3.051258600000000154e+00 1.021667288173484268e-02 9.999423518124611610e-01 3.303429580274669982e-03 1.838760000000000047e-02 4.889327983612844486e-01 -2.113744281559276194e-03 -8.723188928205762860e-01 3.690568000000000182e-01
-8.765903930309999481e-01 1.029238964564238232e-02 -4.811271656861000334e-01 -3.058870999999999896e+00 1.016563262782486932e-02 9.999442106389194729e-01 2.869760091798937221e-03 1.855100000000000152e-02 4.811298605979822396e-01 -2.375357886856811762e-03 -8.766461172650433786e-01 3.548836000000000213e-01
-8.808152643245009683e-01 1.084427246247159082e-02 -4.733358975270309799e-01 -3.065861500000000017e+00 1.059836479277948343e-02 9.999387577440160824e-01 3.186757768178364366e-03 1.844950000000000062e-02 4.733414674383382703e-01 -2.209641625592979799e-03 -8.808762527660782826e-01 3.413687999999999723e-01
-8.850727923714697409e-01 1.067794197881776798e-02 -4.653301341616151166e-01 -3.072599900000000162e+00 1.045381764756534750e-02 9.999406686529483945e-01 3.062167612314410734e-03 1.848949999999999899e-02 4.653352231460253230e-01 -2.154235129102051536e-03 -8.851319050687574963e-01 3.284701999999999900e-01
-9.029759666729980649e-01 1.120705678750256833e-02 -4.295448818099510957e-01 -3.078926800000000075e+00 1.132956420242930452e-02 9.999332369578751711e-01 2.272135983819221182e-03 1.858630000000000004e-02 4.295416680439119173e-01 -2.814872129889083377e-03 -9.030426523198915589e-01 3.145891000000000104e-01
-9.256616315883496870e-01 1.026200001155344946e-02 -3.782132138899396145e-01 -3.085079400000000138e+00 1.075967679865248716e-02 9.999417950697631063e-01 7.973881416064813182e-04 1.862669999999999951e-02 3.781993828133288216e-01 -3.331340334266716212e-03 -9.257181693210922990e-01 2.978720999999999730e-01
-9.360151519931779740e-01 1.114762268462693440e-02 -3.517831231706098905e-01 -3.092200500000000130e+00 1.140984603660619850e-02 9.999340240008322001e-01 1.327802291080118231e-03 1.862750000000000170e-02 3.517747157665090940e-01 -2.770948210350886957e-03 -9.360805901167947862e-01 2.795961000000000141e-01
-9.507949327022519048e-01 1.056720866658636057e-02 -3.096406466352847331e-01 -3.097862999999999811e+00 1.088749640476345884e-02 9.999404888176766093e-01 6.937183162993541818e-04 1.869639999999999844e-02 3.096295502205122507e-01 -2.711627567150131420e-03 -9.508534002180254463e-01 2.606630999999999809e-01
-9.537514294195217346e-01 1.062191344480484072e-02 -3.004086980015554520e-01 -3.104088799999999981e+00 1.096013496640553357e-02 9.999397794791281546e-01 5.593359910088398744e-04 1.875229999999999952e-02 3.003965484517704398e-01 -2.759052374228742732e-03 -9.538104116166162827e-01 2.409766999999999881e-01
-9.625571293630641456e-01 1.043976684729005025e-02 -2.708778026721850862e-01 -3.109996999999999900e+00 1.100660466603988960e-02 9.999392610213337917e-01 -5.735170742330701621e-04 1.881479999999999958e-02 2.708553624465694920e-01 -3.533487835432793343e-03 -9.626135710126124678e-01 2.195114999999999983e-01
-9.703001175499964548e-01 1.135678533035731387e-02 -2.416375494608049568e-01 -3.118955600000000050e+00 1.173144407671822438e-02 9.999311779908081066e-01 -1.118114016562133523e-04 1.870540000000000050e-02 2.416196496610688027e-01 -2.943248014505121368e-03 -9.703665710383819754e-01 1.853915999999999897e-01
-9.800225066103945837e-01 1.173334371412379680e-02 -1.985402104923984501e-01 -3.126690400000000203e+00 1.218945926834187794e-02 9.999251276633657204e-01 -1.075244226813682142e-03 1.906619999999999843e-02 1.985127291128331861e-01 -3.473861351305413542e-03 -9.800921531506552320e-01 1.503116999999999925e-01
-9.843238772285620719e-01 1.099375174640697915e-02 -1.760273903126139683e-01 -3.131112299999999848e+00 1.148361556048331338e-02 9.999325044097252535e-01 -1.764425842490042378e-03 1.893809999999999938e-02 1.759961115803130027e-01 -3.758197364827273873e-03 -9.843836877260702112e-01 1.252476999999999896e-01
-9.900399339442662594e-01 1.088538929466508626e-02 -1.403653714259199548e-01 -3.134765900000000105e+00 1.137853161444211253e-02 9.999315869145166680e-01 -2.711182198873801023e-03 1.907939999999999983e-02 1.403262563240822158e-01 -4.281330461426628535e-03 -9.900960620038583571e-01 9.935230000000000450e-02
-9.934253692677345038e-01 1.124035514227084663e-02 -1.139284429435468982e-01 -3.139535700000000151e+00 1.155326459489065642e-02 9.999310816666686641e-01 -2.086622660300033183e-03 1.880710000000000021e-02 1.138971368053905142e-01 -3.389149333041683795e-03 -9.934867668440946487e-01 5.953880000000000283e-02
-9.970198655584863179e-01 1.116801905256748981e-02 -7.633258172090751081e-02 -3.143682500000000157e+00 1.140871239150333463e-02 9.999312248710132689e-01 -2.717868562522958789e-03 1.896720000000000003e-02 7.629697872986512808e-02 -3.580625419767035841e-03 -9.970787081059837575e-01 2.014260000000000009e-02
