9.999999966174000221e-01 -8.600179945412891967e-06 -8.179998094125577569e-05 -5.890000000000000189e-05 8.599820025413502348e-06 9.999999999533399908e-01 -4.400351732536387924e-06 -6.600000000000000337e-06 8.180001878125570797e-05 4.399648252537580787e-06 9.999999966446999622e-01 -6.289999999999999747e-05
9.999871671954002617e-01 2.338015210621162149e-03 -4.494344156107877436e-03 -3.620099999999999794e-03 -2.344768487067333627e-03 9.999961291178276479e-01 -1.497935279965940123e-03 1.407599999999999954e-03 4.490824563562121480e-03 1.508454253802466024e-03 9.999887784672903956e-01 2.865780000000000063e-02
9.997321575645438108e-01 1.384194728026294464e-03 -2.310188599004225907e-02 -5.514500000000000304e-03 -1.405218277440419558e-03 9.999986132163867225e-01 -8.938271064022702741e-04 5.498999999999999765e-04 2.310061672195688059e-02 9.260508940097669176e-04 9.997327162481014495e-01 5.365639999999999993e-02
9.993807254096659376e-01 2.445193185340437027e-03 -3.510251714530016054e-02 -7.937200000000000158e-03 -2.495240585590608687e-03 9.999959319000155666e-01 -1.382012242834264370e-03 4.995000000000000525e-04 3.509899505783246887e-02 1.468745623206089848e-03 9.993827611742281958e-01 1.053569000000000033e-01
9.983165365718991158e-01 2.364521153326787969e-03 -5.795258274489237249e-02 -1.144159999999999969e-02 -2.451449162014597994e-03 9.999959742596068457e-01 -1.428937222531743165e-03 7.925000000000000187e-04 5.794897069054967542e-02 1.568599469383106767e-03 9.983183141120924864e-01 1.531268000000000074e-01
9.977612868368219701e-01 3.481613563542986303e-03 -6.678542398400479085e-02 -1.316370000000000040e-02 -3.566836550226867852e-03 9.999929696347408248e-01 -1.156874287142829923e-03 5.894000000000000150e-04 6.678092666887076867e-02 1.392497068736607471e-03 9.977666905570462541e-01 1.754706000000000043e-01
9.959603606550690991e-01 2.742356838116700220e-03 -8.975210015814240327e-02 -1.864069999999999963e-02 -2.940291874505560673e-03 9.999935282184188035e-01 -2.073211270306087994e-03 1.005800000000000053e-03 8.974583381704974439e-02 2.328733615303000323e-03 9.959619783466794329e-01 2.397489999999999899e-01
9.892101010633339575e-01 2.924734526585875613e-03 -1.464746458682099906e-01 -3.074570000000000081e-02 -3.289230540090113016e-03 9.999920674757167838e-01 -2.246318787628039798e-03 7.024000000000000512e-04 1.464669140684088655e-01 2.703870113468599679e-03 9.892118742563126288e-01 3.244419000000000053e-01
9.767809090844064013e-01 3.729271960081393875e-03 -2.142081888698198211e-01 -5.247539999999999843e-02 -4.359353833341066131e-03 9.999874496301738303e-01 -2.469132701242334350e-03 1.470399999999999962e-03 2.141962924104812427e-01 3.345610973852219516e-03 9.767849073387729897e-01 4.168977999999999851e-01
9.728212780494298606e-01 3.306171815824200406e-03 -2.315336480993596679e-01 -5.840200000000000252e-02 -3.926173496513807315e-03 9.999898348236815337e-01 -2.217072615282768798e-03 9.770000000000000039e-04 2.315239644960088161e-01 3.065856687846636036e-03 9.728243697537704016e-01 4.407788000000000261e-01
9.607861492954361537e-01 4.245875971869046694e-03 -2.772579085603860682e-01 -7.440130000000000354e-02 -5.136753750285921044e-03 9.999837143910712545e-01 -2.486908431225209534e-03 1.162599999999999962e-03 2.772428341417624842e-01 3.813592776881216673e-03 9.607923123272663624e-01 4.911488999999999994e-01
9.517771844633584610e-01 3.096740516053147433e-03 -3.067745121961379939e-01 -9.186850000000000571e-02 -4.067289106536883456e-03 9.999885419994063440e-01 -2.524485932926985587e-03 1.358999999999999965e-03 3.067631794957244584e-01 3.650488745077119269e-03 9.517788743387805006e-01 5.459511999999999698e-01
9.452156859508202835e-01 4.193864555705356136e-03 -3.264195437356788299e-01 -1.124266000000000015e-01 -5.344337807693245838e-03 9.999822662314761246e-01 -2.627789176937733728e-03 1.114100000000000030e-03 3.264027344951595522e-01 4.228323858169908377e-03 9.452213371435458367e-01 6.025447000000000441e-01
9.246694855033444904e-01 3.040322018587353695e-03 -3.807585836471759633e-01 -1.360858000000000068e-01 -4.250753537448880882e-03 9.999882320963341398e-01 -2.338111035018962478e-03 8.459000000000000156e-04 3.807469943063819251e-01 3.780490824152934765e-03 9.246715277414918610e-01 6.603299000000000252e-01
9.109176262898558418e-01 4.788246452072108389e-03 -4.125604813968111739e-01 -1.639122000000000079e-01 -6.085571478144796015e-03 9.999798068412412144e-01 -1.830772934626065168e-03 8.178999999999999855e-04 4.125433843055040239e-01 4.178349634483409861e-03 9.109283712016511547e-01 7.225354000000000498e-01
8.841870473160341470e-01 4.465207281171420899e-03 -4.671116860906921464e-01 -1.953118000000000076e-01 -5.591133741070644821e-03 9.999838448632250021e-01 -1.024322239791583978e-03 8.086000000000000305e-04 4.670995660263907445e-01 3.517376365651534668e-03 8.841977287244408013e-01 7.841223000000000498e-01
8.709952879921039059e-01 5.291797749890463087e-03 -4.912628676911436898e-01 -2.296708000000000083e-01 -6.773568462300648060e-03 9.999762930580885500e-01 -1.237777076181305206e-03 7.837999999999999698e-04 4.912446712849294350e-01 4.405700668230667222e-03 8.710104837117540466e-01 8.444070000000000187e-01
8.548733425156551657e-01 4.559003311206359134e-03 -5.188167149821983903e-01 -2.655702999999999814e-01 -5.639148168852004504e-03 9.999839725335400997e-01 -5.046622334109540989e-04 7.533000000000000416e-04 5.188060989079069651e-01 3.357106618579114472e-03 8.548853499570047143e-01 9.036442000000000085e-01
8.213510494553838415e-01 4.946326376923345855e-03 -5.704016018682910305e-01 -3.084106999999999821e-01 -7.327003061207518556e-03 9.999713915455885616e-01 -1.879126531209172847e-03 1.967399999999999791e-03 5.703759887869409573e-01 5.722756831474750013e-03 8.213637936198352474e-01 9.635645000000000460e-01
7.988397030071534566e-01 5.516808474712505198e-03 -6.015186561726044712e-01 -3.531086999999999976e-01 -7.736933527696467777e-03 9.999694603250567360e-01 -1.103755771268475835e-03 1.726399999999999896e-03 6.014941967791798128e-01 5.535633790989289565e-03 7.988579898827458114e-01 1.024520600000000004e+00
7.563947886317907709e-01 5.722179506361117080e-03 -6.540903457415998545e-01 -4.072561000000000098e-01 -8.829782997087627303e-03 9.999599466643233070e-01 -1.462873647335770008e-03 2.716699999999999844e-03 6.540557764158136944e-01 6.881985816659901348e-03 7.564150181007290863e-01 1.086344100000000035e+00
7.467841675370096022e-01 6.105933968766433413e-03 -6.650384385029368683e-01 -4.639162000000000008e-01 -9.927590844090939531e-03 9.999487855673283576e-01 -1.967023756213185856e-03 3.609999999999999928e-03 6.649923684194336548e-01 8.071171711359476780e-03 7.468065386237041636e-01 1.149480899999999917e+00
7.184936550302855052e-01 7.808464110480960521e-03 -6.954896804190960902e-01 -5.190662000000000331e-01 -1.101573122063677877e-02 9.999393132135616646e-01 -1.534785499551194997e-04 2.237999999999999972e-03 6.954462749536413080e-01 7.771600750549334524e-03 7.185360679011724150e-01 1.206834200000000079e+00
7.098292246256656668e-01 8.250059221458454564e-03 -7.043254988924997351e-01 -5.783085999999999505e-01 -1.230850541747920655e-02 9.999240079184021912e-01 -6.921580650874128993e-04 3.571899999999999815e-03 7.042662653866887945e-01 9.160508241446476893e-03 7.098768291239292427e-01 1.267554599999999976e+00
6.606862683421854676e-01 6.408757555185926047e-03 -7.506347864645472878e-01 -6.398182000000000036e-01 -1.104489062715135334e-02 9.999383022161898449e-01 -1.184125009498736281e-03 4.265999999999999827e-03 7.505808851916706548e-01 9.073014251212411022e-03 6.607162894898879202e-01 1.322573699999999963e+00
6.283730263251955384e-01 7.704571956403258141e-03 -7.778740125225188651e-01 -7.065306000000000086e-01 -1.316855264158477840e-02 9.999130215425713342e-01 -7.338739203341217501e-04 4.215299999999999950e-03 7.778007000564096662e-01 1.070462145868505272e-02 6.284198294700648058e-01 1.376467300000000060e+00
5.722888827782429688e-01 7.239000615328743463e-03 -8.200201409224788796e-01 -7.746663999999999772e-01 -1.293459979516973536e-02 9.999163245806556022e-01 -1.999131105003626799e-04 6.363999999999999865e-03 8.199500782221863515e-01 1.072104039747192455e-02 5.723346298418665601e-01 1.425858000000000070e+00
4.591794763811982150e-01 7.207349831216281616e-03 -8.883142814222334538e-01 -8.453089999999999771e-01 -1.267501523811729452e-02 9.999184503146195668e-01 1.560996195763743148e-03 7.645299999999999839e-03 8.882530903177326964e-01 1.054261963746018493e-02 4.592333837083032444e-01 1.464931699999999948e+00
4.061846276070954498e-01 9.163531462911947423e-03 -9.137450837004889026e-01 -9.124408999999999992e-01 -1.619806818479846075e-02 9.998648070289475331e-01 2.826703388445338250e-03 7.150600000000000012e-03 9.136474543732752140e-01 1.365274170611351090e-02 4.062781458079431918e-01 1.495049199999999967e+00
3.750638099045897622e-01 9.003856733400426512e-03 -9.269552681029317176e-01 -9.780666000000000082e-01 -1.675806652251287873e-02 9.998552767906031535e-01 2.931327414913675530e-03 7.740600000000000258e-03 9.268475094136471304e-01 1.443454321794739557e-02 3.751604166963892206e-01 1.521889400000000059e+00
3.606524634568614163e-01 9.757355100526639638e-03 -9.326492345056308642e-01 -1.044099499999999958e+00 -2.011613479697305085e-02 9.997940555323980849e-01 2.680977976454387152e-03 8.238799999999999249e-03 9.324833198097041143e-01 1.779439640792713703e-02 3.607744693477495934e-01 1.545832600000000001e+00
3.308013770582077240e-01 9.437141872279123517e-03 -9.436532145283434980e-01 -1.110241999999999951e+00 -1.984744592323119811e-02 9.997983951940133673e-01 3.041029069205287982e-03 9.081300000000000483e-03 9.434916681278736617e-01 1.772312954186744047e-02 3.309219890737457037e-01 1.570259800000000094e+00
3.069463078205081907e-01 9.428672954451176869e-03 -9.516801270603876262e-01 -1.177005899999999938e+00 -2.035790787738874993e-02 9.997871799087189038e-01 3.339232999762102236e-03 9.095100000000000059e-03 9.515090749447496776e-01 1.834925111520761820e-02 3.070729315346721888e-01 1.591759700000000111e+00
2.477755171075742835e-01 8.840674994327312949e-03 -9.687771341168818218e-01 -1.243652800000000003e+00 -1.853983156558744461e-02 9.998185191113567738e-01 4.382178395851964517e-03 1.015300000000000057e-02 9.686400609966498987e-01 1.687516837302964479e-02 2.478944552118664824e-01 1.609527500000000000e+00
2.117584995480326637e-01 9.239622462768458389e-03 -9.772783468623006398e-01 -1.312671799999999944e+00 -1.926436881780096630e-02 9.998004918282848985e-01 5.278317342799937993e-03 1.071090000000000063e-02 9.771321415055475024e-01 1.770892195095651045e-02 2.118942474918027452e-01 1.624811500000000075e+00
1.879837430235940798e-01 9.195391128438892142e-03 -9.821290939285092225e-01 -1.346339500000000022e+00 -1.773137461457001060e-02 9.998249800572862611e-01 5.967211050807699237e-03 1.054259999999999919e-02 9.820120725903105363e-01 1.629276021557202886e-02 1.881138890444847833e-01 1.631240800000000046e+00
1.708917053484497184e-01 9.740680565939735872e-03 -9.852416679095594709e-01 -1.417443800000000032e+00 -1.982778203501960740e-02 9.997826350798575401e-01 6.445281401788466834e-03 1.133849999999999962e-02 9.850902923603856998e-01 1.843371191292764513e-02 1.710476955776978336e-01 1.643286599999999931e+00
1.703993802361204735e-01 1.028860802468423846e-02 -9.853213667428818434e-01 -1.452672799999999986e+00 -2.015582059119583325e-02 9.997726679266150107e-01 6.953802067490824808e-03 1.118429999999999945e-02 9.851689165373832546e-01 1.867503713015630784e-02 1.705680183291865548e-01 1.649474399999999896e+00
1.620281050807584888e-01 1.027952953264926403e-02 -9.867326002704714938e-01 -1.487875700000000023e+00 -2.035948767993253986e-02 9.997677109160607589e-01 7.072161697144155323e-03 1.195990000000000074e-02 9.865760915536871956e-01 1.894348125998147545e-02 1.621997536755322988e-01 1.655298500000000006e+00
1.456315126156377537e-01 9.604206845229754791e-03 -9.892922832733286320e-01 -1.558573800000000009e+00 -2.033890132283765195e-02 9.997706135184999399e-01 6.711887798678331518e-03 1.267899999999999930e-02 9.891298153560339479e-01 1.914365575631300775e-02 1.457934457306725440e-01 1.666470799999999919e+00
1.071478574563184127e-01 9.815697608780085334e-03 -9.941946432781526566e-01 -1.630816299999999996e+00 -2.134683848838154346e-02 9.997434719700241113e-01 7.569857321800049429e-03 1.312830000000000073e-02 9.940139079153124113e-01 2.041181848279193661e-02 1.073299051390343983e-01 1.673442400000000108e+00
1.039792748149134527e-01 1.018101999347253289e-02 -9.945273536916203749e-01 -1.668078399999999961e+00 -2.092656083439538642e-02 9.997486343032745415e-01 8.046568236311474331e-03 1.318270000000000032e-02 9.943592859025398578e-01 1.997536083853756333e-02 1.041661917263041470e-01 1.677786100000000058e+00
8.867962876337348588e-02 1.036485105007022185e-02 -9.960062717197618598e-01 -1.739316899999999944e+00 -2.065100193596318412e-02 9.997500559768682793e-01 8.565144090404850502e-03 1.390760000000000086e-02 9.958461023478634155e-01 1.980897364727437007e-02 8.887150837929147507e-02 1.683995499999999979e+00
8.702220599166923809e-02 1.115518593847118420e-02 -9.961439140460687236e-01 -1.805219099999999965e+00 -2.123926064962544311e-02 9.997307936980520671e-01 9.339911076668393208e-03 1.388329999999999946e-02 9.959799342714695802e-01 2.034458056930482650e-02 8.723570696714910699e-02 1.689753099999999897e+00
7.196913635563809142e-02 1.051146442265413899e-02 -9.973514689054782112e-01 -1.875334400000000068e+00 -2.150086089619730051e-02 9.997284544305954368e-01 8.985008766562972010e-03 1.471820000000000073e-02 9.971750881329447536e-01 2.079727187647735856e-02 7.217559898989367451e-02 1.695382100000000003e+00
6.045232330783594649e-02 1.003591952352665684e-02 -9.981206324518104855e-01 -1.952245400000000020e+00 -1.984591728851232278e-02 9.997638766626975038e-01 8.850451251318707663e-03 1.523880000000000026e-02 9.979737752935505801e-01 1.927358917513128170e-02 6.063722113228686705e-02 1.700683200000000062e+00
5.283242176018630720e-02 9.510476325797580233e-03 -9.985581034927361044e-01 -2.038337900000000147e+00 -2.168884776807573911e-02 9.997296975850523681e-01 8.374105862298268990e-03 1.656089999999999993e-02 9.983678325614496751e-01 2.121515040145098563e-02 5.302441230222909585e-02 1.704917599999999922e+00
5.314123543211494299e-02 1.041273474336657304e-02 -9.985327155641485763e-01 -2.132783400000000107e+00 -2.366370576773873732e-02 9.996779611973330981e-01 9.165310997514018732e-03 1.636109999999999995e-02 9.983065852362622561e-01 2.314192843104372066e-02 5.337052578348866483e-02 1.708694099999999993e+00
5.419925610570962976e-02 1.016958664828145412e-02 -9.984783523667355443e-01 -2.236984699999999826e+00 -2.453135078667495125e-02 9.996598872066371211e-01 8.850013479919238354e-03 1.824989999999999946e-02 9.982287580841222585e-01 2.401435856767249882e-02 5.443029594274184646e-02 1.713069600000000081e+00
5.527315455128613969e-02 1.037402681477356432e-02 -9.984173766284299978e-01 -2.347897099999999959e+00 -2.604293878462763528e-02 9.996208062859401888e-01 8.944773876794329462e-03 1.949969999999999828e-02 9.981315763592543133e-01 2.550731675212435101e-02 5.552236546381128512e-02 1.719171599999999911e+00
5.640900344652331755e-02 1.253595366054690435e-02 -9.983290410460827768e-01 -2.463232999999999784e+00 -2.734584230674155791e-02 9.995654382121820225e-01 1.100634545266714059e-02 1.929229999999999834e-02 9.980331804297417619e-01 2.667929154811356229e-02 5.672729646110252766e-02 1.724688299999999952e+00
5.995889456457927785e-02 1.362254712441276529e-02 -9.981078885433363190e-01 -2.577487699999999826e+00 -3.068463388219869886e-02 9.994594878028748575e-01 1.179768978785039266e-02 2.050669999999999923e-02 9.977291136406261085e-01 2.991919869679131663e-02 6.034448892179655743e-02 1.729683999999999999e+00
6.253723782086109684e-02 1.367131420234314783e-02 -9.979489912083271408e-01 -2.694441100000000144e+00 -3.223109263611136088e-02 9.994122928085757973e-01 1.167157446910831869e-02 2.212300000000000030e-02 9.975220551713227524e-01 3.143507835343095635e-02 6.294112563097509216e-02 1.735349500000000100e+00
6.487324315107899364e-02 1.467688367835183819e-02 -9.977855738627179338e-01 -2.815329999999999888e+00 -3.340007560841394552e-02 9.993635330909290682e-01 1.252851457148163039e-02 2.210279999999999884e-02 9.973343959136340420e-01 3.251334823588190870e-02 6.532216250308209293e-02 1.741624499999999909e+00
6.712724054156953002e-02 1.544447780002458290e-02 -9.976248802444526165e-01 -2.940645899999999813e+00 -3.444972364445857138e-02 9.993198802559397631e-01 1.315269805304846926e-02 2.346229999999999843e-02 9.971495124193233694e-01 3.348499709927986456e-02 6.761364397195679388e-02 1.748653699999999978e+00
7.170739081227242573e-02 1.627441046820719828e-02 -9.972929327267932020e-01 -3.115966999999999931e+00 -3.541584252824592910e-02 9.992779249899026439e-01 1.376033160534250767e-02 2.672849999999999879e-02 9.967967537070485662e-01 3.433325198385391713e-02 7.223198465570968008e-02 1.758243199999999895e+00
7.437993083544841566e-02 1.511909723348363495e-02 -9.971153588165004855e-01 -3.225534899999999983e+00 -3.564638994802911409e-02 9.992863756673600051e-01 1.249296959353616600e-02 2.887160000000000074e-02 9.965926754560194833e-01 3.461433668924536466e-02 7.486579274259108630e-02 1.763939600000000052e+00
7.540674701190167029e-02 1.618418883918038009e-02 -9.970215115716913878e-01 -3.392713500000000160e+00 -3.383897876780760094e-02 9.993339091313003797e-01 1.366241473187375204e-02 3.099829999999999947e-02 9.965785197469563261e-01 3.270795150986383071e-02 7.590417568878193855e-02 1.777024500000000007e+00
7.691079531277318637e-02 1.799304138083789029e-02 -9.968756091038761813e-01 -3.497970099999999860e+00 -3.467663987065040115e-02 9.992805250828067365e-01 1.536108191213489925e-02 3.150479999999999947e-02 9.964347746900636960e-01 3.338686346600342608e-02 7.747939814082527299e-02 1.784258200000000016e+00
5.892521997535027367e-02 1.818362550165324859e-02 -9.980967759763942349e-01 -3.642734100000000197e+00 -3.451770934871121327e-02 9.992733103649099613e-01 1.616721787050082876e-02 3.428609999999999991e-02 9.976654480296361927e-01 3.349935754563022200e-02 5.951005672872067276e-02 1.794527900000000065e+00
5.704263066570290641e-02 1.866845614732989128e-02 -9.981971884511653403e-01 -3.688600800000000124e+00 -3.356378535247645650e-02 9.992958553756281503e-01 1.677097915759476199e-02 3.458730000000000138e-02 9.978074015558058285e-01 3.254661540263152630e-02 5.762904845895067130e-02 1.797074999999999978e+00
5.634686169002225964e-02 1.957596601096166580e-02 -9.982193209572848280e-01 -3.775131700000000201e+00 -3.343868983365631820e-02 9.992838606419667258e-01 1.770931626841709683e-02 3.525620000000000143e-02 9.978511337869461206e-01 3.238128186505231931e-02 5.696110414029909030e-02 1.802876399999999935e+00
5.623579961983107833e-02 1.951033133851741083e-02 -9.982268689091572389e-01 -3.817100500000000007e+00 -3.395198142784651429e-02 9.992681671639662699e-01 1.761797519270125179e-02 3.623579999999999857e-02 9.978400662422018952e-01 3.290101919133717190e-02 5.685705882236513631e-02 1.805237500000000050e+00
5.648706508558679756e-02 1.876655254703670644e-02 -9.982269421246433572e-01 -3.903275299999999781e+00 -3.451580018153960899e-02 9.992623851525869183e-01 1.683285944190576061e-02 3.721069999999999933e-02 9.978065298522779125e-01 3.350376284333202864e-02 5.709314196550274723e-02 1.809956300000000073e+00
5.718549163431221882e-02 1.907002572018734812e-02 -9.981814232220380667e-01 -3.992472199999999916e+00 -3.485284010288310086e-02 9.992462590790728294e-01 1.709366120061324781e-02 3.927640000000000298e-02 9.977550295955941451e-01 3.381194811763853225e-02 5.780703314636770340e-02 1.814956400000000025e+00
5.730965800921421216e-02 1.883401729168254074e-02 -9.981787830301359632e-01 -4.080818200000000395e+00 -3.492850303192717581e-02 9.992477759770969081e-01 1.684879463861201424e-02 4.079390000000000099e-02 9.977452594599561797e-01 3.389929199086715028e-02 5.792439233779123064e-02 1.820386999999999977e+00
5.723030316573830822e-02 1.825630567894976491e-02 -9.981940691581543401e-01 -4.174019799999999947e+00 -3.442555086723519953e-02 9.992742946931437720e-01 1.630231311830932991e-02 4.253300000000000136e-02 9.977672944364557317e-01 3.343039438111290729e-02 5.781725421081640448e-02 1.825968999999999953e+00
5.847461053567207245e-02 1.950858668537805429e-02 -9.980982591750374722e-01 -4.316522599999999876e+00 -3.545129872234858287e-02 9.992189846631580608e-01 1.745354140643635976e-02 4.531810000000000005e-02 9.976592230524409244e-01 3.436329050406076308e-02 5.912054570226199512e-02 1.833345299999999956e+00
5.772630014545910432e-02 1.880928743186851410e-02 -9.981552409208807042e-01 -4.413627599999999873e+00 -3.389591260836898046e-02 9.992829740499526991e-01 1.687023658184425706e-02 4.739770000000000094e-02 9.977568548398763060e-01 3.285952647539121946e-02 5.832246685327091562e-02 1.840521800000000097e+00
5.814436529915108232e-02 1.808877941083660706e-02 -9.981442925967088931e-01 -4.516820400000000291e+00 -3.379374432675420759e-02 9.992984773628846851e-01 1.614112711672918699e-02 4.887070000000000303e-02 9.977360450682014603e-01 3.279251743380700440e-02 5.871486329726594011e-02 1.846372700000000089e+00
5.820013204292471404e-02 1.889214448357235190e-02 -9.981261601155427821e-01 -4.628172900000000034e+00 -3.325095937266350776e-02 9.993028588035255400e-01 1.697557327157797266e-02 5.089119999999999755e-02 9.977510302329853920e-01 3.220067179288436249e-02 5.878774026192312707e-02 1.852666099999999982e+00
5.816724454412351697e-02 1.972549329354444589e-02 -9.981119559330354774e-01 -4.738909699999999781e+00 -3.343377226469158164e-02 9.992824104864381773e-01 1.780019563280965667e-02 5.384549999999999753e-02 9.977468388996760806e-01 3.233525949702412833e-02 5.878500198999092596e-02 1.860218399999999939e+00
5.741380111541229125e-02 1.989474384905669246e-02 -9.981522201591602750e-01 -4.845243899999999826e+00 -3.277573851160985041e-02 9.993000475379780756e-01 1.803235857045119503e-02 5.616960000000000008e-02 9.978123102099406561e-01 3.167986991411377018e-02 5.802567910611966528e-02 1.867587000000000108e+00
5.714237955650233736e-02 1.843071865384363073e-02 -9.981959011479277777e-01 -5.008277399999999879e+00 -3.265777002402934365e-02 9.993290264871845796e-01 1.658212523271996794e-02 5.998330000000000328e-02 9.978317586225036173e-01 3.165131008471620822e-02 5.770594470453549452e-02 1.877409300000000059e+00
5.732727862955701997e-02 1.785036936494629328e-02 -9.981958462338258453e-01 -5.066263700000000370e+00 -3.224558820962619005e-02 9.993515943140727220e-01 1.601914426354091731e-02 6.130580000000000057e-02 9.978345580134735382e-01 3.126907826361222109e-02 5.786570295606663361e-02 1.880563699999999949e+00
5.550667849205215970e-02 1.945715808432506300e-02 -9.982687151474104459e-01 -5.181525699999999901e+00 -3.193206378372445003e-02 9.993332620696254720e-01 1.770239034123446270e-02 6.340220000000000578e-02 9.979475697376553045e-01 3.089417939617204734e-02 5.609097729711109981e-02 1.888018399999999986e+00
5.688805622250057287e-02 1.892008995789127776e-02 -9.982012719162459691e-01 -5.237941300000000133e+00 -3.150684374915337788e-02 9.993564529326650625e-01 1.714639258877428615e-02 6.486939999999999373e-02 9.978832937053271346e-01 3.047474655886806341e-02 5.744755839877535575e-02 1.890877799999999942e+00
5.470379248124969396e-02 2.080709799564109744e-02 -9.982858106580340118e-01 -5.342793499999999973e+00 -2.863937843248258105e-02 9.994042217712202358e-01 1.926103602776271101e-02 6.582699999999999663e-02 9.980918199700713478e-01 2.753663339737648375e-02 5.526710350623664780e-02 1.899415499999999923e+00
5.129630642443834543e-02 2.049911034349350195e-02 -9.984730719565430013e-01 -5.444243400000000399e+00 -2.450486080716732587e-02 9.995141341597403306e-01 1.926155268212007346e-02 6.818939999999999724e-02 9.983827926922778095e-01 2.347939713940734932e-02 5.177371114705331401e-02 1.909682799999999903e+00
4.997287408492641358e-02 2.038953420025400518e-02 -9.985424271160381338e-01 -5.589058399999999871e+00 -2.254406517312052341e-02 9.995598865279947676e-01 1.928207378920753293e-02 7.155369999999999786e-02 9.984961076444722750e-01 2.154762490946559791e-02 5.041054333766692430e-02 1.918199100000000046e+00
4.774723839590364755e-02 1.919434617379678354e-02 -9.986750113528050088e-01 -5.728617200000000409e+00 -1.980641446836371722e-02 9.996369659181207901e-01 1.826587846015802555e-02 7.618510000000000559e-02 9.986630598812956672e-01 1.890802594070372863e-02 4.811007569681780005e-02 1.928716300000000050e+00
4.385725319883093665e-02 2.140793152527310089e-02 -9.988084109626143015e-01 -5.884826200000000007e+00 -1.593748695496982615e-02 9.996581493201143198e-01 2.072633608345127859e-02 7.651760000000000506e-02 9.989106756118955044e-01 1.500949585073482057e-02 4.418344919642391844e-02 1.940255800000000086e+00
2.723196586144153650e-02 2.040170825208729999e-02 -9.994209275053818065e-01 -5.993632299999999802e+00 -1.317865117682967373e-02 9.997121476765148396e-01 2.004856456631352868e-02 7.911229999999999651e-02 9.995422668344147166e-01 1.262505795657625253e-02 2.749299407326100120e-02 1.947410199999999980e+00
1.165565822706829575e-02 1.862970414133239411e-02 -9.997585107189135289e-01 -6.138668100000000294e+00 -1.078395965159600900e-02 9.997706239925596705e-01 1.850420535339103098e-02 8.550199999999999467e-02 9.998739179744244865e-01 1.056567674756987013e-02 1.185388667650133510e-02 1.961745599999999978e+00
-7.873024788324840470e-03 1.765396646477677967e-02 -9.998131590195957763e-01 -6.238690899999999928e+00 -9.456969042893507288e-03 9.997981184887457795e-01 1.772816975566228470e-02 8.866939999999999544e-02 9.999242877424294740e-01 9.594776413463833656e-03 -7.704482355840758245e-03 1.970849499999999921e+00
-9.317540736187410189e-02 1.312411612212545375e-02 -9.955632079576673954e-01 -6.401854000000000156e+00 -5.506244433585358138e-03 9.998910376273930645e-01 1.369650118288380514e-02 9.798179999999999390e-02 9.956344835004392602e-01 6.757991449246879799e-03 -9.309299015707617198e-02 1.977487400000000006e+00
-1.064301083346668453e-01 1.351933835955064500e-02 -9.942282733508394088e-01 -6.467444399999999760e+00 -4.801068851387489504e-03 9.998889190452490139e-01 1.411025543382731645e-02 9.958839999999999359e-02 9.943085948425447462e-01 6.275114408805540674e-03 -1.063533787023293042e-01 1.974929600000000063e+00
-1.420909939100297725e-01 1.442913160906772463e-02 -9.897484274353093303e-01 -6.586500599999999928e+00 -1.737228285151903341e-03 9.998885743082293054e-01 1.482636185117001265e-02 1.009773999999999949e-01 9.898520755585377140e-01 3.826111454827731996e-03 -1.420500946271775478e-01 1.962296400000000052e+00
-1.838417525107203243e-01 1.542259343231699130e-02 -9.828348557339675606e-01 -6.670901299999999701e+00 9.619538603810994654e-04 9.998792481634464213e-01 1.551011724235683981e-02 1.016288999999999942e-01 9.829553828524252301e-01 1.905965351891229613e-03 -1.838343891047586887e-01 1.947296399999999927e+00
-2.061134566287153302e-01 1.638187928234659946e-02 -9.783909632798851730e-01 -6.750427199999999850e+00 1.000575916705305490e-03 9.998628594687524185e-01 1.653061108382369512e-02 1.024952999999999975e-01 9.785275886986518623e-01 2.428226955691895755e-03 -2.061015814336563112e-01 1.932812600000000103e+00
-3.497468391636563423e-01 1.834696010017065892e-02 -9.366645811335638783e-01 -6.847559500000000021e+00 7.994087468755541742e-03 9.998302651572401611e-01 1.659926025896225552e-02 1.036130999999999996e-01 9.368101424838299884e-01 -1.682239782440038411e-03 -3.498341421427316744e-01 1.904538899999999924e+00
-4.812551606306557095e-01 1.955425894821781821e-02 -8.763624257824776942e-01 -6.892134699999999725e+00 1.158905743866227300e-02 9.998057143612970599e-01 1.594450620683695447e-02 1.043720000000000064e-01 8.765039441520191543e-01 -2.482838593730734081e-03 -4.813882750945148725e-01 1.880123500000000059e+00
-6.048533592890052990e-01 1.936027486905557426e-02 -7.961014969925633844e-01 -6.928885000000000183e+00 1.403145150730257529e-02 9.998083314118403342e-01 1.365352731237715403e-02 1.053801999999999933e-01 7.962132453843028257e-01 -2.912077688906634758e-03 -6.050090806575799673e-01 1.851897399999999916e+00
-6.304564546661572955e-01 1.785193893482633215e-02 -7.760193084234733307e-01 -6.985365899999999684e+00 1.312280149094129100e-02 9.998377512906632125e-01 1.233949654804585364e-02 1.069838000000000039e-01 7.761136842311234796e-01 -2.404032091532505924e-03 -6.305884313709647637e-01 1.807218400000000003e+00
-6.349597909688948771e-01 1.766028038690134819e-02 -7.723433034275583031e-01 -7.037971500000000269e+00 1.283171298426101156e-02 9.998418560397465127e-01 1.231300340633370571e-02 1.080667000000000016e-01 7.724386130914396853e-01 -2.092225525813501755e-03 -6.350859875620956663e-01 1.765398900000000104e+00
-6.476190965451679160e-01 1.762521232228130355e-02 -7.617603676226631926e-01 -7.087460000000000093e+00 1.349908651439022528e-02 9.998409272364298106e-01 1.165739620469857796e-02 1.090900999999999954e-01 7.618446563790399750e-01 -2.733516707616070844e-03 -6.477540022517125351e-01 1.724706899999999932e+00
-6.553920230284697723e-01 1.804936730609725190e-02 -7.550731861816435408e-01 -7.118439200000000078e+00 1.415848596064202616e-02 9.998323495717597043e-01 1.161077194319085071e-02 1.093544000000000044e-01 7.551561649261373521e-01 -3.081085793039991215e-03 -6.555376979887456157e-01 1.699000499999999914e+00
-6.647734622553194139e-01 1.692301060461689696e-02 -7.468533025923848045e-01 -7.162690600000000352e+00 1.362830893274053108e-02 9.998517339284312966e-01 1.052517724046625296e-02 1.108476000000000045e-01 7.469206872732271352e-01 -3.181489020170927013e-03 -6.649055309221795218e-01 1.659973399999999932e+00
-6.765393400206225483e-01 1.737559433465228273e-02 -7.362014738683824167e-01 -7.203700099999999829e+00 1.446642661256164128e-02 9.998422636256603102e-01 1.030390066814358685e-02 1.113235999999999948e-01 7.362643845151850552e-01 -3.679210436112755750e-03 -6.766839879183215167e-01 1.624422800000000056e+00
-6.998129585793799734e-01 1.745479007477791777e-02 -7.141128435393248042e-01 -7.257943599999999940e+00 1.479777264145711903e-02 9.998411255106368634e-01 9.937286474422508259e-03 1.118230999999999947e-01 7.141728424752836757e-01 -3.613037651122895117e-03 -6.999600681679668535e-01 1.571729699999999896e+00
-7.331466978243313948e-01 1.894234497994791433e-02 -6.798066688669207602e-01 -7.298467600000000388e+00 1.702458562740805786e-02 9.998099517771061873e-01 9.498621567140460090e-03 1.122990999999999989e-01 6.798573989841499854e-01 -4.609543808375924159e-03 -7.333298501713844120e-01 1.530005499999999907e+00
-7.858280800529902077e-01 1.963434209532039301e-02 -6.181332552214890974e-01 -7.323458200000000140e+00 1.859343134744030276e-02 9.997941561603256311e-01 8.119705560574447603e-03 1.121896000000000004e-01 6.181654413754935629e-01 -5.112525613268746258e-03 -7.860313919754695622e-01 1.496025200000000055e+00
-8.086081891464659277e-01 1.856999341689931707e-02 -5.880543782591617363e-01 -7.349152600000000035e+00 1.760714050643380837e-02 9.998178772304425754e-01 7.362131050072303132e-03 1.125218000000000051e-01 5.880839948922770288e-01 -4.400876606774699676e-03 -8.087878876668666006e-01 1.459329400000000110e+00
-8.192508945679053411e-01 1.934771902529588625e-02 -5.731087484223263973e-01 -7.362486800000000109e+00 1.827398863817777594e-02 9.998039013457454827e-01 7.630215795028858806e-03 1.123363000000000000e-01 5.731439898393239085e-01 -4.221921641286325265e-03 -8.194438005676266679e-01 1.440341099999999930e+00
-8.292599863132363858e-01 1.961498955666516122e-02 -5.585186901836509676e-01 -7.389675600000000344e+00 1.861502876893106687e-02 9.997987900973147601e-01 7.473956373793678651e-03 1.123225000000000057e-01 5.585529122685701786e-01 -4.198988525516486950e-03 -8.294582645869891246e-01 1.399828300000000025e+00
-8.359511595697929343e-01 2.014686424418422189e-02 -5.484339182390574052e-01 -7.417303099999999816e+00 1.903600069440909703e-02 9.997890566705323057e-01 7.711863549723009525e-03 1.129761999999999988e-01 5.484735996303569117e-01 -3.993247171601228135e-03 -8.361583369706634405e-01 1.357691200000000098e+00
-8.388434578183936452e-01 1.976454691978486722e-02 -5.440138012590646222e-01 -7.444949199999999934e+00 1.890645953072291746e-02 9.997955427044578069e-01 7.170674745917395704e-03 1.140135000000000037e-01 5.440442988059838170e-01 -4.270301318902866572e-03 -8.390456277601068269e-01 1.316061499999999995e+00
-8.447201175884554436e-01 2.051361945755782179e-02 -5.348150281715130516e-01 -7.470240600000000342e+00 1.965434379158224193e-02 9.997801495336743338e-01 7.304749725080473231e-03 1.141879999999999978e-01 5.348472956942645906e-01 -4.340969381863446323e-03 -8.449375872059174952e-01 1.276656900000000094e+00
-8.571909884688199144e-01 2.128233619125410869e-02 -5.145587152639532480e-01 -7.493512599999999857e+00 2.045891838519945521e-02 9.997642723091737516e-01 7.268594954723017407e-03 1.142490000000000033e-01 5.145921122076739795e-01 -4.296740665959804945e-03 -8.574243383956944298e-01 1.239325400000000021e+00
-8.654517900872197300e-01 2.166224322107163439e-02 -5.005236720210716195e-01 -7.514287000000000383e+00 2.069170947370800248e-02 9.997578412498079325e-01 7.490795590550486729e-03 1.142607999999999957e-01 5.005647332702153340e-01 -3.873767953154153010e-03 -8.656904422066600269e-01 1.203481800000000046e+00
-8.701830574151947495e-01 2.055823749065830916e-02 -4.922995078799298763e-01 -7.533790599999999671e+00 1.957848690432105812e-02 9.997828006742673912e-01 7.143831356884863468e-03 1.147047999999999957e-01 4.923394453403878157e-01 -3.422038456238297652e-03 -8.703965534253469416e-01 1.167985199999999946e+00
-8.746779737297126767e-01 2.084931569844920146e-02 -4.842558706995610529e-01 -7.553008099999999558e+00 2.016204715863626623e-02 9.997747598422662696e-01 6.627325004232866544e-03 1.153187999999999991e-01 4.842849720221106824e-01 -3.966814495940352951e-03 -8.749013260112810109e-01 1.133068900000000045e+00
-8.790098382053407322e-01 2.134761089329464262e-02 -4.763255019914111044e-01 -7.570562800000000259e+00 2.053693102487429145e-02 9.997652297587611425e-01 6.907954074198812897e-03 1.149804999999999994e-01 4.763611432540451052e-01 -3.710104386694810380e-03 -8.792418872660353601e-01 1.099894399999999939e+00
-8.831344365147694164e-01 2.071593320518465287e-02 -4.686623701057920921e-01 -7.587592599999999798e+00 2.020579132787822529e-02 9.997771282953255012e-01 6.117167184788880122e-03 1.157153999999999960e-01 4.686846413512548160e-01 -4.067413058781301632e-03 -8.833561926609527770e-01 1.067472600000000105e+00
-9.013073011208346808e-01 2.132465197439354504e-02 -4.326550683448054380e-01 -7.603794100000000000e+00 2.129713992124549621e-02 9.997611338574239337e-01 4.909894020543698404e-03 1.159673999999999983e-01 4.326564234787831364e-01 -4.788992199729788860e-03 -9.015461634194107399e-01 1.032935699999999901e+00
-9.242336478901428398e-01 2.079695101928662193e-02 -3.812606076373243891e-01 -7.619694700000000154e+00 2.125435125629437927e-02 9.997695651145870332e-01 3.011515110972000451e-03 1.161104000000000025e-01 3.812353822251477453e-01 -5.320103278221983284e-03 -9.244626979174203063e-01 9.915578999999999921e-01
-9.346328018929046522e-01 2.145955335148558990e-02 -3.549662141609730148e-01 -7.637694399999999995e+00 2.187365045213087583e-02 9.997566901093011271e-01 2.846752112993676184e-03 1.162233000000000016e-01 3.549409373990509153e-01 -5.103738987211526093e-03 -9.348747952569016473e-01 9.456274999999999542e-01
-9.494750701479667265e-01 2.088017469708606036e-02 -3.131471051632637170e-01 -7.652146300000000068e+00 2.123673384546872003e-02 9.997718921646328027e-01 2.272613721345639187e-03 1.163393000000000066e-01 3.131231264264741077e-01 -4.492431654337354120e-03 -9.497019141576691359e-01 8.984349999999999836e-01
-9.524693117598296288e-01 2.055592144377410210e-02 -3.039402313767535779e-01 -7.667986899999999828e+00 2.114552377176546691e-02 9.997754946286564470e-01 1.351726467541009089e-03 1.167832000000000037e-01 3.038997811453222897e-01 -5.139497409546707127e-03 -9.526901430088394740e-01 8.494500999999999857e-01
-9.614162164151647261e-01 2.113657533839737729e-02 -2.742847133854038888e-01 -7.683386800000000072e+00 2.187955046081646593e-02 9.997605525139703353e-01 3.505832187277661653e-04 1.165734999999999966e-01 2.742264467289424190e-01 -5.664169835458627775e-03 -9.616484664858013787e-01 7.958340000000000414e-01
-9.640474515202906991e-01 2.108165763589825784e-02 -2.648925724299481255e-01 -7.699219199999999930e+00 2.169576296625743209e-02 9.997644346052866338e-01 6.075917078793373859e-04 1.166375999999999941e-01 2.648429819469350077e-01 -5.161299225416396755e-03 -9.642777379488551848e-01 7.393577000000000066e-01
-9.722758577208312492e-01 2.042725068579766268e-02 -2.329428769519286402e-01 -7.713407499999999750e+00 2.119874658490704389e-02 9.997749542683590507e-01 -8.086785081831476471e-04 1.172906999999999977e-01 2.328739350731435509e-01 -5.724355607427291173e-03 -9.724900832997881439e-01 6.814932999999999685e-01
-9.791266062598972253e-01 2.143236649054955714e-02 -2.021181401571639780e-01 -7.726057499999999578e+00 2.211692254135884037e-02 9.997547536671420598e-01 -1.128830036695404465e-03 1.173532000000000047e-01 2.020443779254343653e-01 -5.575498772933311885e-03 -9.793604970398578358e-01 6.225941999999999865e-01
-9.834010899485929880e-01 2.019840556885525371e-02 -1.803172778754017214e-01 -7.736874600000000157e+00 2.089352760083584490e-02 9.997797923930863417e-01 -1.956329939027129199e-03 1.171516999999999975e-01 1.802380558936206023e-01 -5.691321016535637496e-03 -9.836065534921848430e-01 5.601962000000000330e-01
-9.893398013424289372e-01 1.965368141729612050e-02 -1.442930708193244371e-01 -7.746308800000000439e+00 2.037269299916005111e-02 9.997863043633404834e-01 -3.506991225517511017e-03 1.174821000000000060e-01 1.441933107314105900e-01 -6.409244436071292496e-03 -9.895287821615263990e-01 4.951540999999999859e-01
-9.916796118001127702e-01 1.926680357343215494e-02 -1.272805476891107901e-01 -7.754935299999999643e+00 1.984668181108396184e-02 9.997976248672333366e-01 -3.289153527667689446e-03 1.168913000000000035e-01 1.271914177964331705e-01 -5.787883024194746644e-03 -9.918613026270513000e-01 4.293256999999999768e-01
-9.945859263521920068e-01 2.024316337919582903e-02 -1.019266865867536342e-01 -7.768073099999999620e+00 2.073593957664622567e-02 9.997778517470603532e-01 -3.777296110542293500e-03 1.171075000000000033e-01 1.018275793291031628e-01 -5.870391165520922466e-03 -9.947847418389256235e-01 3.276394999999999724e-01
-9.975113072970096528e-01 1.966410346999311262e-02 -6.770904555028833816e-02 -7.772726099999999860e+00 1.997790448699338431e-02 9.997925774174779567e-01 -3.960489013362674011e-03 1.169021999999999978e-01 6.761712169944966710e-02 -5.303317418163992249e-03 -9.976972485065010998e-01 2.660332000000000252e-01
-9.977023815448109456e-01 1.966100142830303973e-02 -6.483365547807114215e-02 -7.779651199999999989e+00 2.000285574627744603e-02 9.997892122207069354e-01 -4.627838490249965193e-03 1.161879999999999996e-01 6.472900139664271302e-02 -5.914063741158838948e-03 -9.978853542508073771e-01 1.756502000000000063e-01
-9.977240488224851100e-01 1.957854428855758389e-02 -6.452443726843735960e-02 -7.786567200000000355e+00 2.000908976063471567e-02 9.997815952190280964e-01 -6.033091102104431655e-03 1.164937000000000056e-01 6.439222568150897164e-02 -7.310435338365148944e-03 -9.978978899701839156e-01 7.235999999999999377e-02
-9.976870264085209161e-01 1.987319353646390535e-02 -6.500502684243740503e-02 -7.794295299999999926e+00 2.027258095961654433e-02 9.997794165498232744e-01 -5.490055057176585276e-03 1.163708999999999993e-01 6.488158288266056284e-02 -6.795176374258927662e-03 -9.978698340869331940e-01 -4.687009999999999788e-02
