9.999999993147800081e-01 -1.200066599584956741e-06 -3.699999782720355014e-05 -1.871999999999999966e-04 1.199933399585002955e-06 9.999999999927999816e-01 -3.600022198754931771e-06 -1.200000000000000030e-05 3.700000214720354210e-05 3.599977798754946893e-06 9.999999993090199490e-01 -2.056000000000000102e-04
9.999793339751010812e-01 3.165796428903122021e-03 -5.595476358987275071e-03 -3.383300000000000109e-03 -3.178167051841208814e-03 9.999925222932547486e-01 -2.203318353078069069e-03 9.997000000000000677e-04 5.588459260282050735e-03 2.221056177849613841e-03 9.999819178527934449e-01 3.179429999999999756e-02
9.997016202053552458e-01 2.723471563854646879e-03 -2.427453936593847172e-02 -5.493299999999999572e-03 -2.779314492312143052e-03 9.999935679680173051e-01 -2.267031880466813688e-03 1.239099999999999924e-03 2.426820903446410410e-02 2.333822023013821471e-03 9.997027594765478531e-01 6.174539999999999890e-02
9.990524058411137664e-01 2.971482385875411168e-03 -4.342189166207301859e-02 -1.077380000000000004e-02 -3.052287117907311834e-03 9.999937312051853100e-01 -1.794740560996086571e-03 -3.910000000000000172e-05 4.341628641917951587e-02 1.925575955879082818e-03 9.990552128039800195e-01 1.461374000000000006e-01
9.982242624527510877e-01 2.589911241834308517e-03 -5.951146284893925331e-02 -1.344169999999999913e-02 -2.694539101255261689e-03 9.999949619910335485e-01 -1.677930744466015096e-03 -4.369999999999999834e-05 5.950681733795770700e-02 1.835307143460750221e-03 9.982262120070761746e-01 1.721849000000000018e-01
9.971637304523068845e-01 3.250154179801702931e-03 -7.519262708701265896e-02 -1.951620000000000091e-02 -3.332772316401813074e-03 9.999939726384151628e-01 -9.733013549249083492e-04 -1.165599999999999926e-03 7.518901049439377648e-02 1.221140715884327412e-03 9.971685522098187038e-01 2.414960999999999913e-01
9.959060693145966869e-01 3.050302430609145524e-03 -9.034266299723382743e-02 -2.240320000000000158e-02 -3.171718037024346282e-03 9.999942495921744223e-01 -1.200411295206862614e-03 -1.149700000000000027e-03 9.033848187258604334e-02 1.482038348311448886e-03 9.959100171477796026e-01 2.635822999999999916e-01
9.951176690828148486e-01 3.626962224302122950e-03 -9.862895023373667580e-02 -2.491420000000000093e-02 -3.754010362734324681e-03 9.999923458182675695e-01 -1.102592887231145001e-03 -1.566399999999999910e-03 9.862419624707673138e-02 1.467463765131803198e-03 9.951236679251057593e-01 2.863439999999999874e-01
9.788299873806067808e-01 2.518906099365430390e-03 -2.046594999420840721e-01 -5.023760000000000031e-02 -2.572730561867284105e-03 9.999966905184846100e-01 3.087761311736884201e-06 -4.019299999999999956e-03 2.046588304030328709e-01 5.235113569116736599e-04 9.788332284275610418e-01 4.017688999999999844e-01
9.731185956615366894e-01 2.810399661013057541e-03 -2.302874300335652213e-01 -7.179019999999999846e-02 -2.613974637126374907e-03 9.999959130377026328e-01 1.158034752489268656e-03 -5.542400000000000278e-03 2.302897433979969599e-01 -5.249396507128582540e-04 9.731219648759593666e-01 4.785227000000000230e-01
9.611595965491411819e-01 3.055804430553888187e-03 -2.759762526391978943e-01 -8.987459999999999893e-02 -2.739092686198892242e-03 9.999950735592245676e-01 1.533045510585416419e-03 -7.429500000000000340e-03 2.759795777457972887e-01 -7.175768692771462929e-04 9.611632315848792629e-01 5.303598000000000479e-01
9.527844606875303102e-01 2.535143457754128991e-03 -3.036368629136137476e-01 -1.107780000000000015e-01 -1.443834419721228869e-03 9.999916668889168303e-01 3.818572363316018008e-03 -1.069819999999999972e-02 3.036440133026509502e-01 -3.199875056007508121e-03 9.527801813561643796e-01 5.861566999999999750e-01
9.462870744583598004e-01 3.860333986180122454e-03 -3.233046095164029965e-01 -1.346363999999999894e-01 -3.250608301174483239e-03 9.999917743264334913e-01 2.425865854426187927e-03 -7.768100000000000005e-03 3.233113147706263013e-01 -1.244628854911392340e-03 9.462918390434857940e-01 6.578884999999999872e-01
9.126218956748358702e-01 3.984685427807041491e-03 -4.087852710371427944e-01 -1.971398000000000039e-01 -3.546014415756007423e-03 9.999920365900207830e-01 1.830993802753208034e-03 -6.520200000000000301e-03 4.087893116467603560e-01 -2.214465711910742910e-04 9.126287578444939319e-01 8.005746999999999725e-01
8.864132452526020112e-01 3.807562137403670919e-03 -4.628790998860505268e-01 -2.347472999999999921e-01 -2.928208173598843053e-03 9.999922851688448633e-01 2.618243625750376127e-03 -6.879200000000000245e-03 4.628854979772455969e-01 -9.654394654889217244e-04 8.864175560586533553e-01 8.723494999999999999e-01
8.734691149129623078e-01 5.406922434248706208e-03 -4.868495357735861950e-01 -2.754802000000000084e-01 -4.951786340422084307e-03 9.999852719281916436e-01 2.221652254390299366e-03 -6.689200000000000181e-03 4.868543777200788347e-01 4.702302527977947171e-04 8.734830243217690526e-01 9.444046999999999858e-01
8.580908449820231487e-01 5.193249911338447891e-03 -5.134716466499351650e-01 -3.181675999999999949e-01 -4.715718608392743122e-03 9.999863874049508272e-01 2.233159824575448472e-03 -6.404400000000000197e-03 5.134762543254010048e-01 5.051337981393098009e-04 8.581036540440799554e-01 1.014688100000000093e+00
8.034528330411869756e-01 5.996273590301439554e-03 -5.953382146151217080e-01 -4.216023999999999883e-01 -6.030128369272571773e-03 9.999799488986770291e-01 1.933740533122494483e-03 -4.472099999999999687e-03 5.953378726655481623e-01 2.036296547558884458e-03 8.034728812265102826e-01 1.155100699999999980e+00
7.615394263556746202e-01 6.414859355262266839e-03 -6.480868396174407353e-01 -4.849516999999999856e-01 -7.322802365770284504e-03 9.999723517705370046e-01 1.293158928067218542e-03 -3.582500000000000181e-03 6.480772165964346909e-01 3.761020334108152938e-03 7.615653458861323388e-01 1.228098300000000087e+00
7.522745882819051877e-01 6.508991239045201598e-03 -6.588175596159685510e-01 -5.502169999999999561e-01 -7.869796923669354627e-03 9.999686336406221621e-01 8.933259693538039749e-04 -2.007099999999999943e-03 6.588027095585372583e-01 4.512733978127932491e-03 7.523022166060474580e-01 1.301776999999999962e+00
7.243099251409945705e-01 7.214414816737943492e-03 -6.894367879371530172e-01 -6.169696000000000069e-01 -8.689317513988981806e-03 9.999613560620695951e-01 1.334969530723342313e-03 -1.854600000000000085e-03 6.894197764086753555e-01 5.023803475346879342e-03 7.243446232942252205e-01 1.371383999999999936e+00
7.158003122825714604e-01 7.835619522871041867e-03 -6.982610657933506770e-01 -6.852198999999999929e-01 -1.003131484776350300e-02 9.999492453732911068e-01 9.377631954163726316e-04 -6.449999999999999570e-04 6.982329737692128946e-01 6.333225408781863880e-03 7.158425836713846468e-01 1.442069800000000068e+00
6.669709169496835788e-01 5.842120123862711879e-03 -7.450608468949073693e-01 -7.556905000000000427e-01 -8.371825610381394139e-03 9.999648956266193878e-01 3.464828907242790100e-04 2.754000000000000263e-04 7.450367161954152273e-01 6.006425467993488712e-03 6.669964125644527453e-01 1.506583000000000006e+00
6.346429245783372641e-01 7.374159900428195469e-03 -7.727703281366450350e-01 -8.328790999999999833e-01 -9.993499492463954470e-03 9.999491728682946556e-01 1.334783843020271189e-03 2.993000000000000109e-04 7.727408933468896679e-01 6.875568760210467797e-03 6.346843611620460734e-01 1.568731499999999945e+00
5.787763463112066686e-01 7.053841507628675137e-03 -8.154558138063862094e-01 -9.109007000000000076e-01 -9.501986532452167886e-03 9.999530392446950300e-01 1.905664512585939028e-03 1.608000000000000054e-03 8.154309616408904615e-01 6.645496616708686591e-03 5.788161920438388286e-01 1.626039000000000012e+00
4.663377733538122127e-01 6.990720019088225538e-03 -8.845791151598726421e-01 -9.935013999999999790e-01 -9.251697990369596794e-03 9.999526261944737815e-01 3.025136537417595119e-03 3.878700000000000116e-03 8.845583571634511033e-01 6.773123385096928122e-03 4.663803571891796951e-01 1.673000700000000007e+00
4.137184582703610225e-01 8.322784110218887574e-03 -9.103668318601300102e-01 -1.071489600000000042e+00 -1.239793267046804086e-02 9.999169919573879239e-01 3.507201218558444068e-03 3.872599999999999914e-03 9.103204537699315368e-01 9.835672805843260341e-03 4.137873016279768335e-01 1.708295300000000072e+00
3.820344025165913759e-01 8.204076308378018684e-03 -9.241116861211730038e-01 -1.147179399999999960e+00 -1.226451211401107660e-02 9.999175415018359825e-01 3.806828014153911498e-03 4.068099999999999841e-03 9.240667167669206483e-01 9.879439703261615885e-03 3.821035195267812323e-01 1.740796599999999916e+00
3.671375850994874623e-01 8.114842352950932952e-03 -9.301312503840000190e-01 -1.224121900000000096e+00 -1.463938661679178507e-02 9.998885013500214969e-01 2.945034378778486027e-03 5.059499999999999761e-03 9.300514404949871139e-01 1.253531816887163558e-02 3.672154460689316391e-01 1.769916999999999963e+00
3.371123435492522358e-01 8.563839696657006562e-03 -9.414254768575052168e-01 -1.301552199999999937e+00 -1.396109488138745983e-02 9.998941479770258045e-01 4.096421732494082146e-03 5.254599999999999896e-03 9.413609061653473997e-01 1.176237607575589261e-02 3.371962201042719709e-01 1.799373600000000017e+00
3.135838403515785466e-01 7.758977517476332852e-03 -9.495288164864923441e-01 -1.380732199999999965e+00 -1.446052466044561724e-02 9.998896779288136694e-01 3.394878194864066334e-03 6.058299999999999970e-03 9.494504032843948949e-01 1.266610592473535815e-02 3.136614440185516717e-01 1.825253599999999921e+00
2.538913325738635929e-01 7.279316111978434423e-03 -9.672053570988995430e-01 -1.459069600000000078e+00 -1.189293508460967722e-02 9.999195798213840192e-01 4.403633147779372620e-03 6.890699999999999603e-03 9.671596297090471195e-01 1.038486623740778915e-02 2.539574870215290936e-01 1.847003600000000079e+00
2.176520920284782390e-01 7.726572940197648162e-03 -9.759958334471651176e-01 -1.538709300000000058e+00 -1.263099889565861590e-02 9.999072242590116844e-01 5.099092226696207326e-03 8.054199999999999207e-03 9.759446832185340037e-01 1.121797420385197558e-02 2.177294935286374633e-01 1.865754700000000099e+00
1.802370196190763163e-01 7.872985118844159219e-03 -9.835917002822619493e-01 -1.620686999999999989e+00 -1.313452398577158800e-02 9.998980754909702062e-01 5.596687334603216157e-03 8.294799999999999743e-03 9.835355108172251226e-01 1.191027853463451358e-02 1.803220569612257185e-01 1.880382900000000079e+00
1.769954970102629033e-01 8.318984070540507217e-03 -9.841765027382657349e-01 -1.702190799999999893e+00 -1.502022912731861871e-02 9.998706545217641573e-01 5.750386350642997836e-03 8.597900000000000334e-03 9.840970413303010700e-01 1.376476408271878893e-02 1.770975564899025523e-01 1.894347800000000026e+00
1.624759973660293566e-01 7.685993255197482409e-03 -9.866825608003797488e-01 -1.784399999999999986e+00 -1.561885068653331987e-02 9.998644093902271379e-01 5.216736332609685917e-03 9.598499999999999394e-03 9.865888717105752992e-01 1.456325315351110483e-02 1.625740135275036691e-01 1.907333699999999910e+00
1.280091406750358818e-01 7.740628193017242212e-03 -9.917427804520770884e-01 -1.868738800000000033e+00 -1.420324410025890390e-02 9.998813012569840453e-01 5.970867078467027508e-03 1.072030000000000032e-02 9.916712800926865690e-01 1.332163923163089299e-02 1.281038881826579434e-01 1.919800600000000079e+00
1.111321017726875360e-01 7.761609781265319842e-03 -9.937753334477510414e-01 -1.953593099999999971e+00 -1.658111070823131694e-02 9.998447916488735210e-01 5.954777938940312293e-03 1.107939999999999967e-02 9.936673098795525405e-01 1.581613183506257875e-02 1.112435492534714632e-01 1.928242599999999918e+00
9.505282017087503255e-02 8.717615906714028251e-03 -9.954340583637202311e-01 -2.036168800000000001e+00 -1.586100656592263902e-02 9.998479814078247152e-01 7.241722544662113070e-03 1.136760000000000027e-02 9.953458644352117801e-01 1.510023998488484523e-02 9.517664053810592772e-02 1.936791499999999999e+00
9.335607649558766430e-02 7.559039551462087836e-03 -9.956040899385705245e-01 -2.115026700000000037e+00 -1.670705016198104770e-02 9.998422767376323739e-01 6.024626377856914967e-03 1.280129999999999983e-02 9.954926004025519415e-01 1.607117199108864386e-02 9.346764132360363408e-02 1.944181200000000054e+00
7.935549978716426034e-02 7.231306594601626461e-03 -9.968201507084737401e-01 -2.195421000000000067e+00 -1.768897720810697766e-02 9.998264534387698577e-01 5.844919963741576630e-03 1.369839999999999947e-02 9.966894224074320796e-01 1.716890238152526602e-02 7.946964233059827798e-02 1.949513000000000051e+00
6.827941408658512457e-02 6.189804125363111524e-03 -9.976470357480554663e-01 -2.284733300000000078e+00 -1.594733531443658439e-02 9.998597646833859987e-01 5.112089949613942384e-03 1.456310000000000070e-02 9.975387732355877057e-01 1.556076129801038654e-02 6.836854978325035415e-02 1.956307800000000041e+00
6.039904818257769287e-02 6.919883205753539143e-03 -9.981503244477042402e-01 -2.381562699999999921e+00 -1.810121950382016787e-02 9.998191263613316337e-01 5.836130099489348320e-03 1.407620000000000052e-02 9.980101707052454474e-01 1.771524141755836251e-02 6.051338191180899440e-02 1.961844600000000050e+00
5.977554700055556086e-02 6.080741959519559911e-03 -9.981933222367329606e-01 -2.490943699999999872e+00 -1.886212959139434153e-02 9.998097859134068566e-01 4.961054229179177703e-03 1.542349999999999971e-02 9.980336186963152389e-01 1.853150207104509867e-02 5.987887259233448667e-02 1.967489800000000066e+00
6.072281916039638100e-02 6.506721183273083374e-03 -9.981334589185238970e-01 -2.611348399999999792e+00 -1.946769694614985946e-02 9.997962620328066929e-01 5.333216744145019041e-03 1.702450000000000144e-02 9.979648029909803375e-01 1.910751173414023535e-02 6.083711849276740580e-02 1.973834599999999995e+00
6.131362025335625882e-02 6.377222606723673137e-03 -9.980981770363331895e-01 -2.739228499999999844e+00 -2.027830131901358843e-02 9.997811498267893393e-01 5.142270572254157256e-03 1.774529999999999857e-02 9.979125364815507604e-01 1.992444435479373208e-02 6.142952099854115389e-02 1.981481999999999966e+00
6.189058745036984249e-02 7.091919900032821189e-03 -9.980577437489172032e-01 -2.873977700000000191e+00 -2.078974035094905554e-02 9.997669598264515844e-01 5.814871925874908962e-03 1.835569999999999910e-02 9.978663948050300325e-01 2.038947550835298189e-02 6.202360363044079339e-02 1.990322900000000006e+00
6.475573346142111941e-02 7.086076769236246062e-03 -9.978759855312149263e-01 -3.008057400000000214e+00 -2.363606008524546387e-02 9.997051389255287024e-01 5.565237599251031397e-03 2.052889999999999923e-02 9.976211864467994239e-01 2.322547570901275713e-02 6.490412645256082858e-02 1.997555500000000039e+00
6.733845505439041423e-02 7.758204259398443145e-03 -9.977000264295663445e-01 -3.141042199999999784e+00 -2.448231251378398671e-02 9.996815228612669912e-01 6.121210971320303895e-03 2.111870000000000067e-02 9.974297713848656599e-01 2.401381095218849127e-02 6.750694807712231960e-02 2.004998399999999847e+00
7.000980060418983408e-02 8.024788368509909800e-03 -9.975140252602977542e-01 -3.279716500000000146e+00 -2.668053580282667148e-02 9.996249745671454967e-01 6.169216393327169382e-03 2.177530000000000091e-02 9.971894387871521603e-01 2.618230305519819029e-02 7.019765080179030114e-02 2.013884299999999961e+00
7.270782438051145991e-02 7.859827907577445275e-03 -9.973223126848793640e-01 -3.424750799999999984e+00 -2.748400350151527366e-02 9.996049839367102674e-01 5.874150186880247246e-03 2.263379999999999906e-02 9.969745241606635666e-01 2.698331325379808854e-02 7.289512315968749157e-02 2.023765599999999942e+00
7.473867334889920666e-02 9.282220112670644396e-03 -9.971599526133340108e-01 -3.556819400000000186e+00 -2.906931885221059053e-02 9.995519992219343841e-01 7.125696660847441813e-03 2.282179999999999973e-02 9.967793664635694606e-01 2.845419549405379250e-02 7.497501818119889361e-02 2.032813299999999934e+00
7.658533647532357602e-02 8.963384679102551558e-03 -9.970227399473174934e-01 -3.681128000000000178e+00 -2.841839798261643069e-02 9.995729631591746545e-01 6.803379843067737173e-03 2.480190000000000172e-02 9.966579558168706665e-01 2.781274988709076662e-02 7.680735674826366655e-02 2.041482199999999914e+00
7.836883288461676811e-02 8.320804448086733737e-03 -9.968897081651710845e-01 -3.800730699999999906e+00 -2.852054006113831364e-02 9.995745870796899357e-01 6.101119494684404884e-03 2.629739999999999855e-02 9.965163846254232460e-01 2.795369524417323781e-02 7.857280760716056633e-02 2.050255299999999892e+00
8.012294053296785401e-02 8.506998368978509195e-03 -9.967486871719977160e-01 -3.922000199999999825e+00 -2.809192646525133369e-02 9.995856603446816591e-01 6.273061513945812906e-03 2.749609999999999901e-02 9.963890595885833701e-01 2.749797468973003145e-02 8.032872039402572106e-02 2.059715699999999927e+00
8.162707067296481878e-02 9.222033733715729806e-03 -9.966202764479382692e-01 -4.040145400000000109e+00 -2.992650224932750375e-02 9.995289859073407390e-01 6.797852172855710709e-03 2.799629999999999827e-02 9.962135442747562797e-01 2.927047018510656878e-02 8.186460638561077197e-02 2.068848599999999927e+00
7.276952143333285938e-02 1.041224231383102578e-02 -9.972944309281795983e-01 -4.147903900000000199e+00 -2.864469451888864565e-02 9.995548160708771501e-01 8.345726177771701365e-03 2.903620000000000159e-02 9.969373491981746715e-01 2.795987981935651664e-02 7.303538111219709528e-02 2.076340699999999817e+00
6.248358875606937340e-02 1.017455558507491913e-02 -9.979941280161966910e-01 -4.253529499999999963e+00 -2.835681053585244887e-02 9.995624425614725306e-01 8.415148054360778798e-03 2.995679999999999871e-02 9.976430686535121550e-01 2.777412175369844971e-02 6.274476654203575698e-02 2.084778500000000090e+00
6.246835228274513069e-02 1.014807591331999374e-02 -9.979953514512660551e-01 -4.351934899999999828e+00 -2.934779305783049436e-02 9.995345779406010767e-01 8.326736680073221208e-03 3.097110000000000141e-02 9.976153627554626979e-01 2.876880352677210761e-02 6.273710176541769101e-02 2.091876000000000069e+00
6.135901603446552305e-02 8.974498929835178496e-03 -9.980754127420636834e-01 -4.447712899999999969e+00 -2.992871783492601079e-02 9.995264796575463739e-01 7.147608841405236890e-03 3.261979999999999741e-02 9.976669499387256224e-01 2.943254716042666835e-02 6.159855653836110445e-02 2.098936300000000088e+00
6.132106797590772956e-02 9.733143083060767989e-03 -9.980706350494533696e-01 -4.548870599999999875e+00 -2.979804442638462475e-02 9.995245894492756911e-01 7.916541834673270633e-03 3.353609999999999924e-02 9.976731945735827223e-01 2.925510232389539819e-02 6.158194392320770483e-02 2.105910100000000007e+00
6.179838049790491866e-02 1.059322328616318573e-02 -9.980324362405490479e-01 -4.649476100000000223e+00 -3.001597085487534358e-02 9.995111171684309959e-01 8.750322871429310270e-03 3.406939999999999968e-02 9.976372094411252167e-01 2.941615673612844872e-02 6.208613421207742622e-02 2.113789099999999976e+00
5.975278722665067210e-02 8.926537464926284984e-03 -9.981732922431525434e-01 -4.756131199999999559e+00 -2.769991850365235986e-02 9.995897664238310165e-01 7.281028474186559962e-03 3.631000000000000200e-02 9.978288024172972115e-01 2.721425710244843726e-02 5.997553898735885625e-02 2.124226300000000123e+00
5.680153619144059224e-02 8.606234589399557738e-03 -9.983483952070462131e-01 -4.924222000000000321e+00 -2.641701640899172740e-02 9.996256943926039584e-01 7.114236020218153017e-03 3.949289999999999745e-02 9.980359345886997691e-01 2.596928640329822582e-02 5.700762609830323235e-02 2.140541300000000202e+00
5.590301646152600473e-02 8.131970061800128033e-03 -9.984030868408892978e-01 -5.034565899999999594e+00 -2.544860002591148307e-02 9.996535638056075479e-01 6.717226173737251768e-03 4.011440000000000144e-02 9.981118281571577100e-01 2.503244761628293374e-02 5.609059688677342503e-02 2.148850700000000113e+00
5.443607601897506448e-02 7.207325149685864935e-03 -9.984912458764187981e-01 -5.152529200000000031e+00 -2.512828263351238670e-02 9.996671422633990334e-01 5.845860998973505945e-03 4.147900000000000198e-02 9.982010233613001216e-01 2.477214449973407645e-02 5.459906425331484403e-02 2.157686899999999852e+00
5.321856569932501002e-02 8.077625757556246636e-03 -9.985502171783986469e-01 -5.277349499999999694e+00 -2.300202735693825107e-02 9.997118744412112346e-01 6.861110603298047061e-03 4.207299999999999929e-02 9.983179308228300464e-01 2.260354094740221059e-02 5.338903383899940014e-02 2.166467700000000107e+00
5.305847215484957996e-02 8.790893372368118255e-03 -9.985527120419375180e-01 -5.406524700000000294e+00 -2.257415663338454420e-02 9.997162709286998572e-01 7.601650656660815727e-03 4.281700000000000089e-02 9.983362189086821825e-01 2.213815335862830136e-02 5.324186492775573321e-02 2.174676199999999948e+00
5.127205532951712580e-02 1.023827583724693305e-02 -9.986322416436230753e-01 -5.470557200000000009e+00 -2.077914778351027877e-02 9.997419182630927770e-01 9.182803766966804102e-03 4.302969999999999712e-02 9.984685289780936834e-01 2.027990570767097128e-02 5.147156559509336038e-02 2.180392499999999956e+00
5.171276881554998789e-02 9.913522903049011570e-03 -9.986127936317860110e-01 -5.591197000000000195e+00 -2.175479901751063011e-02 9.997246240709158904e-01 8.797996702300763319e-03 4.427060000000000023e-02 9.984250188477535870e-01 2.126965185226827731e-02 5.191419506210326329e-02 2.187461599999999784e+00
5.093569328833164045e-02 9.200119100899708385e-03 -9.986595580866216570e-01 -5.651418699999999795e+00 -2.166429441236688430e-02 9.997324475768801788e-01 8.105036061290833010e-03 4.493710000000000065e-02 9.984669315990647442e-01 2.122241905320399954e-02 5.112137940899974531e-02 2.190972299999999873e+00
5.072250474171932644e-02 7.642703390749777843e-03 -9.986835417676651616e-01 -5.777806799999999576e+00 -2.123627908095468766e-02 9.997528820647166858e-01 6.572309646427163671e-03 4.750630000000000130e-02 9.984869793660418047e-01 2.087495839932944700e-02 5.087227288321405361e-02 2.198997700000000055e+00
4.956148864857862213e-02 7.173735071523625224e-03 -9.987453110618645935e-01 -5.844488100000000408e+00 -2.067976996602067033e-02 9.997672052644981378e-01 6.154867323285154353e-03 4.834399999999999809e-02 9.985569617989199509e-01 2.034877890042461127e-02 4.969830218601389848e-02 2.204347799999999857e+00
4.853416085809212493e-02 8.105090102024092857e-03 -9.987886376727758142e-01 -5.978938600000000214e+00 -2.015601937538812755e-02 9.997713970220427626e-01 7.133623170031034785e-03 4.985629999999999923e-02 9.986181302744009392e-01 1.978537871841467427e-02 4.868643215752299636e-02 2.211891399999999841e+00
4.840044878619006313e-02 8.232374073807136386e-03 -9.987940851719160351e-01 -6.042163799999999974e+00 -1.951005636780132890e-02 9.997830461481700404e-01 7.295089801460454687e-03 4.950410000000000227e-02 9.986374488561006180e-01 1.913344328120439655e-02 4.855056220461639871e-02 2.216467900000000046e+00
4.210544585593387762e-02 1.033443183524909541e-02 -9.990597234139284577e-01 -6.163577100000000364e+00 -1.550590342702645556e-02 9.998328318096095790e-01 9.688931545262544770e-03 4.932870000000000310e-02 9.989928420104843276e-01 1.508336680650724029e-02 4.225865186675514806e-02 2.234248899999999871e+00
3.909683006372299818e-02 8.337116249460839457e-03 -9.992006457021589405e-01 -6.282873200000000047e+00 -1.416693750583390005e-02 9.998693110474285994e-01 7.788369999313888431e-03 5.355510000000000131e-02 9.991349937624416366e-01 1.385111252511479069e-02 3.920983194483806944e-02 2.246380799999999844e+00
3.690014829285991060e-02 6.927317395793816668e-03 -9.992949471150459617e-01 -6.396164899999999598e+00 -1.382108086991399448e-02 9.998838672401031413e-01 6.421040146518236166e-03 5.664360000000000228e-02 9.992233768179924480e-01 1.357439894337255336e-02 3.699160599073691991e-02 2.254201899999999981e+00
3.539184592429281406e-02 6.975291792899022264e-03 -9.993491694830566319e-01 -6.506010100000000129e+00 -1.243560076859395735e-02 9.999012954847814605e-01 6.538740045289834733e-03 5.754399999999999793e-02 9.992961388275226620e-01 1.219608921989532788e-02 3.547509453327912787e-02 2.260736000000000079e+00
3.427166134967291750e-02 6.781401358396586115e-03 -9.993895465852891125e-01 -6.609890499999999669e+00 -1.130963792877337157e-02 9.999155808202788709e-01 6.397133949237888972e-03 5.931689999999999879e-02 9.993485604723977289e-01 1.108349351336383043e-02 3.434546335814725460e-02 2.266146899999999853e+00
3.307529818991653686e-02 6.893733329853929739e-03 -9.994290875747136038e-01 -6.705701799999999935e+00 -1.044860386633151596e-02 9.999239502969139437e-01 6.551358626976458779e-03 5.980509999999999993e-02 9.993982446086706606e-01 1.022595048842100778e-02 3.314481271203351120e-02 2.271009700000000020e+00
3.165791621687921720e-02 6.515902515132361746e-03 -9.994775231865991039e-01 -6.794533300000000331e+00 -1.018193225116604921e-02 9.999289643003789196e-01 6.196338338414991362e-03 6.038740000000000080e-02 9.994468993380478672e-01 9.980449267680215411e-03 3.172201185261647183e-02 2.276082499999999786e+00
2.204057958001678225e-02 6.769631604157811365e-03 -9.997341571336455512e-01 -6.875580799999999826e+00 -8.071078610134407166e-03 9.999456927188020705e-01 6.593125448834991770e-03 6.046780000000000210e-02 9.997244973200596352e-01 7.923616665326035230e-03 2.209402084490252882e-02 2.280000199999999921e+00
1.487660623801754893e-02 5.866253573836232964e-03 -9.998721286523825080e-01 -6.958089400000000424e+00 -7.850694005888957799e-03 9.999526513944212436e-01 5.749919381428761009e-03 6.149219999999999686e-02 9.998585165864543045e-01 7.764150840528831476e-03 1.492195601322554577e-02 2.281865600000000160e+00
1.312122870641041841e-02 6.796854986577816581e-03 -9.998908120987638481e-01 -7.037369700000000172e+00 -7.157906736849363981e-03 9.999519136489113391e-01 6.703339542845234041e-03 6.108790000000000053e-02 9.998882926249214043e-01 7.069169128797126757e-03 1.316924900849791857e-02 2.284498500000000210e+00
-9.875376558244478367e-04 6.661752573584969403e-03 -9.999773226538820614e-01 -7.112195500000000337e+00 -7.254303256603113897e-03 9.999514502884941924e-01 6.668744274474148158e-03 6.119700000000000140e-02 9.999731995676880425e-01 7.260724384345429265e-03 -9.391633377668906490e-04 2.286963699999999822e+00
-1.124324277196771943e-02 6.370700784339148291e-03 -9.999164983454801314e-01 -7.184720000000000439e+00 -6.621276814468504517e-03 9.999573067698172002e-01 6.445411623764252772e-03 6.177189999999999764e-02 9.999148704691397382e-01 6.693191254550708881e-03 -1.120058058822082092e-02 2.289356000000000169e+00
-4.429441416172019003e-02 5.690811835369608170e-03 -9.990023120767659304e-01 -7.254155599999999815e+00 -5.907298401705376491e-03 9.999648011226511812e-01 5.958216287597958155e-03 6.262209999999999999e-02 9.990010554046790947e-01 6.165320461339027919e-03 -4.425923772440942816e-02 2.287590499999999860e+00
-7.644734561725217981e-02 5.857242437022729120e-03 -9.970564156852459448e-01 -7.324749500000000246e+00 -4.448677666909248152e-03 9.999707882561197358e-01 6.215456656622243836e-03 6.316599999999999993e-02 9.970636953650915402e-01 4.910737772305389867e-03 -7.641905547335248183e-02 2.285013399999999972e+00
-9.217060373921701077e-02 5.230741749302578875e-03 -9.957294909497762525e-01 -7.398850900000000230e+00 -5.040975271751972978e-03 9.999709366908797747e-01 5.719645257707141849e-03 6.389240000000000197e-02 9.957304697430213736e-01 5.546630897809017545e-03 -9.214155691665759651e-02 2.279995200000000111e+00
-1.081774784227010622e-01 5.311977274512531474e-03 -9.941174055711636814e-01 -7.472827399999999898e+00 -4.444348437285723999e-03 9.999731471978238195e-01 5.826890272469325248e-03 6.438330000000000441e-02 9.941216630418403533e-01 5.048542434650234688e-03 -1.081509652763741336e-01 2.276355000000000128e+00
-1.184448657517471887e-01 4.184067007247164321e-03 -9.929518152258596242e-01 -7.546159300000000236e+00 -4.757483241812961866e-03 9.999772531252512087e-01 4.781169865339195309e-03 6.657490000000000629e-02 9.929492334103766638e-01 5.290256643701187096e-03 -1.184222658725516686e-01 2.271279299999999779e+00
-1.506244848925000213e-01 3.271292425056907937e-03 -9.885856377657623595e-01 -7.614765199999999901e+00 -4.463634928574465761e-03 9.999820813634753280e-01 3.989099547040025548e-03 6.799959999999999338e-02 9.885809731701767911e-01 5.013541447076129420e-03 -1.506071840519734861e-01 2.262623099999999887e+00
-1.807143807586973350e-01 3.275881427455358454e-03 -9.835301628256621909e-01 -7.683133599999999674e+00 -3.610878706748002227e-03 9.999855040364209469e-01 3.994154727899850398e-03 6.849009999999999820e-02 9.835289899855345075e-01 4.273209320698425316e-03 -1.806999323191234019e-01 2.251381199999999971e+00
-1.952512440690951645e-01 3.093225127241306695e-03 -9.807483793755573664e-01 -7.748446500000000015e+00 -4.580895167704469861e-03 9.999812418860960506e-01 4.065867115839991164e-03 6.931189999999999574e-02 9.807425590280727246e-01 5.286571124402865071e-03 -1.952334117839810146e-01 2.240485899999999919e+00
-2.235895947063313849e-01 4.279605819458382789e-03 -9.746739855526503904e-01 -7.810012300000000351e+00 -2.258794636190907847e-03 9.999854001209410592e-01 4.908909426005505540e-03 6.876179999999999792e-02 9.746807636276862974e-01 3.299169439611803790e-03 -2.235766635746199160e-01 2.230253199999999936e+00
-3.504073256780229628e-01 4.116818843589876292e-03 -9.365883609749720007e-01 -7.898596799999999973e+00 1.991753126355161763e-03 9.999913539609067703e-01 3.650331891202757140e-03 7.118839999999999890e-02 9.365952909505038670e-01 -5.863497602461983579e-04 -3.504124957293890397e-01 2.208244999999999791e+00
-4.831410066752706012e-01 5.635291388129032124e-03 -8.755244206530030660e-01 -7.955296999999999841e+00 2.962368833197475369e-03 9.999840841483816911e-01 4.801647719109314663e-03 7.045500000000000373e-02 8.755375446202759981e-01 -2.737533437352393344e-04 -4.831500108862717413e-01 2.179170800000000074e+00
-6.084074354858880485e-01 6.519406845747062820e-03 -7.935980656351577789e-01 -8.001915900000000192e+00 4.175508760370292421e-03 9.999787137752852439e-01 5.013693540517516652e-03 7.037509999999999599e-02 7.936138592363899402e-01 -2.633072459740943422e-04 -6.084217066288950537e-01 2.145987299999999820e+00
-6.287202416058014220e-01 5.189766044275864396e-03 -7.776142514920546533e-01 -8.047430999999999557e+00 2.502442280461304909e-03 9.999860548452920161e-01 4.650580348894525762e-03 7.044169999999999598e-02 7.776275429649953663e-01 9.779792197411704864e-04 -6.287244610947391177e-01 2.112439900000000037e+00
-6.388591558961362882e-01 4.971257558381062501e-03 -7.693076533650011761e-01 -8.112005200000000471e+00 2.340764851642992625e-03 9.999870539165260919e-01 4.518054808879770103e-03 7.057049999999999434e-02 7.693201542580214713e-01 1.085632366396662579e-03 -6.388625217171370885e-01 2.062550499999999953e+00
-6.440687692832276490e-01 5.107988393645804259e-03 -7.649505401583548414e-01 -8.153119099999999619e+00 2.178290118310845756e-03 9.999858982517391137e-01 4.843382064505899129e-03 7.086459999999999981e-02 7.649644929577771313e-01 1.453186922831284453e-03 -6.440708134682229247e-01 2.029888899999999996e+00
-6.522142733572761086e-01 5.401963965063000944e-03 -7.580154090876782824e-01 -8.192341799999999452e+00 2.958854430417061279e-03 9.999851320682813238e-01 4.580482817501131329e-03 7.109970000000000179e-02 7.580288825694569965e-01 7.445990209385118606e-04 -6.522205599050049374e-01 1.997281599999999990e+00
-6.597979887310606584e-01 5.314545097112867607e-03 -7.514242275019207273e-01 -8.229365299999999550e+00 2.874132531336412964e-03 9.999855235266691400e-01 4.548856920788450255e-03 7.126140000000000252e-02 7.514375246343769632e-01 8.416338302639806649e-04 -6.598037118900259568e-01 1.966217600000000010e+00
-6.669101966787075453e-01 5.569742488384784793e-03 -7.451172844154008157e-01 -8.265304600000000335e+00 3.598334461002593646e-03 9.999844766959735676e-01 4.254216283497961118e-03 7.138269999999999338e-02 7.451294126224483616e-01 1.559990163407776707e-04 -6.669198858253010398e-01 1.934953700000000110e+00
-6.744468974265303007e-01 5.539254639510734698e-03 -7.383025797122519940e-01 -8.298954999999999416e+00 3.575592290862714823e-03 9.999846346131066044e-01 4.236233877043323222e-03 7.179149999999999421e-02 7.383147009856279031e-01 2.172457828018472398e-04 -6.744563404051985289e-01 1.906027399999999927e+00
-6.976924504264079285e-01 5.778732558506496225e-03 -7.163740998026182361e-01 -8.364000300000000721e+00 3.752585517276987859e-03 9.999832270081725483e-01 4.411780168713097874e-03 7.171600000000000197e-02 7.163875785633988524e-01 3.898106447804265164e-04 -6.977024332247461214e-01 1.845678300000000105e+00
-7.051066856400607374e-01 5.294187611477892304e-03 -7.090814716541556928e-01 -8.398692099999999883e+00 3.642611882942010763e-03 9.999859775628563430e-01 3.843963622194255907e-03 7.212129999999999930e-02 7.090918792683772454e-01 1.274958547449187626e-04 -7.051160829965859023e-01 1.812650199999999989e+00
-7.201855983044933573e-01 5.733765680070967465e-03 -6.937577588221451874e-01 -8.432200399999999263e+00 4.316035172316671532e-03 9.999835256629298064e-01 3.784209709829558597e-03 7.192690000000000194e-02 6.937680273947416376e-01 -2.689495541606918248e-04 -7.201984808585387698e-01 1.778399800000000086e+00
-7.614311042214417791e-01 6.470881680482742579e-03 -6.482135459972997449e-01 -8.464344999999999786e+00 5.493786059518203369e-03 9.999786816909087550e-01 3.529090313983050849e-03 7.221850000000000491e-02 6.482225635064307045e-01 -8.739874079175188881e-04 -7.614504214373793989e-01 1.740613200000000083e+00
-8.071306167212289884e-01 5.874869993258568721e-03 -5.903436740185918907e-01 -8.495170599999999794e+00 4.490414721140426751e-03 9.999826520923631445e-01 3.812045376940063381e-03 7.173050000000000259e-02 5.903558280620588850e-01 4.259306117137347161e-04 -8.071429952965417653e-01 1.697643900000000095e+00
-8.237827471145792169e-01 7.008499055786125351e-03 -5.668622994143658333e-01 -8.527864499999999737e+00 5.708104985791185096e-03 9.999754334901388431e-01 4.068163428391562315e-03 7.110350000000000004e-02 5.668768853056439516e-01 1.155733272072689832e-04 -8.238025148960019806e-01 1.650794600000000001e+00
-8.337052118964296543e-01 6.743953694637686361e-03 -5.521685781944618565e-01 -8.561682700000000423e+00 5.596611485260813770e-03 9.999772581784096559e-01 3.763119168097259735e-03 7.129889999999999839e-02 5.521813991765858187e-01 4.705905690678322505e-05 -8.337239952099453344e-01 1.600099799999999961e+00
-8.404177541078600155e-01 8.067668055191289100e-03 -5.418790559824687714e-01 -8.595399900000000315e+00 6.614985036898783817e-03 9.999674092307632156e-01 4.628439183663501759e-03 7.129989999999999939e-02 5.418987364381485650e-01 3.053006166264275387e-04 -8.404437317502411187e-01 1.548996400000000051e+00
-8.436395164702676919e-01 8.041745099412390962e-03 -5.368497895925535834e-01 -8.629296300000000031e+00 6.855765129324641050e-03 9.999676558482448741e-01 4.205441933701510072e-03 7.185110000000000108e-02 5.368662447335504906e-01 -1.326390676821701323e-04 -8.436673619813517266e-01 1.498422600000000049e+00
-8.495062232425670823e-01 8.444453991412857394e-03 -5.275110120831004723e-01 -8.659926399999999802e+00 7.125268269060701376e-03 9.999643407185198063e-01 4.532972917415572026e-03 7.182779999999999720e-02 5.275304799006820256e-01 9.213122715873113197e-05 -8.495360994611078631e-01 1.449923800000000096e+00
-8.619853403299866379e-01 8.863768269424452534e-03 -5.068557059639983153e-01 -8.689072599999999369e+00 7.724045702573558055e-03 9.999607025287313711e-01 4.351151138554928965e-03 7.232329999999999315e-02 5.068743554118532169e-01 -1.643481424816288505e-04 -8.620199306370510683e-01 1.403525499999999981e+00
-8.702442449445325634e-01 9.382418847120647942e-03 -4.925311404951951966e-01 -8.714679699999999585e+00 8.177825482008987956e-03 9.999559838191236505e-01 4.599303720611435872e-03 7.208649999999999780e-02 4.925526137493397849e-01 -2.531611781047757304e-05 -8.702826679003713428e-01 1.359482400000000091e+00
-8.748544516968480567e-01 8.525158298617848893e-03 -4.843108609376734486e-01 -8.738645599999999902e+00 7.092411000412766030e-03 9.999633744539411229e-01 4.790350393078802657e-03 7.205689999999999318e-02 4.843339612833362229e-01 7.559276888390036205e-04 -8.748828736013299912e-01 1.315782299999999960e+00
-8.795650712042945019e-01 8.809614194593353917e-03 -4.756970424704434763e-01 -8.762134599999999551e+00 7.551918393113722476e-03 9.999611088452452501e-01 4.555142760827492893e-03 7.258829999999999449e-02 4.757186711134724910e-01 4.141192221906184537e-04 -8.795973933904657205e-01 1.273783200000000004e+00
-8.838358638252185040e-01 9.267605824783906043e-03 -4.677053316978608266e-01 -8.783446299999999596e+00 7.930847877968549842e-03 9.999568996749758076e-01 4.827053381397775761e-03 7.220609999999999529e-02 4.677299086740830947e-01 5.570230576675896939e-04 -8.838712701842088570e-01 1.232803599999999999e+00
-8.880694415122670771e-01 8.915243990477899130e-03 -4.596228730999797896e-01 -8.804246900000000764e+00 7.740157987252202845e-03 9.999601838516618546e-01 4.440795613757313187e-03 7.281899999999999484e-02 4.596441634638933071e-01 3.861812282309686102e-04 -8.881030874046303980e-01 1.193291199999999996e+00
-9.057724777450073539e-01 9.543285575997074999e-03 -4.236568708991815813e-01 -8.823332799999999310e+00 8.785065672398353898e-03 9.999544067300304429e-01 3.742603682539764453e-03 7.300360000000000182e-02 4.236732717328324238e-01 -3.319060226604701562e-04 -9.058150190064141460e-01 1.151057199999999892e+00
-9.281620198876939787e-01 8.542110126043311533e-03 -3.720783481910627799e-01 -8.842322299999999302e+00 8.306100678843754068e-03 9.999630012904323628e-01 2.237128012345569999e-03 7.350810000000000677e-02 3.720836915661691613e-01 -1.014102965806842720e-03 -9.281986307174051598e-01 1.100520799999999966e+00
-9.383700355040225372e-01 9.436475544699193460e-03 -3.455034433945247674e-01 -8.863627400000000378e+00 9.062143525354960857e-03 9.999552962903149878e-01 2.698698885444703044e-03 7.335379999999999678e-02 3.455134643149311291e-01 -5.986236235961245582e-04 -9.384136015781378015e-01 1.045460199999999951e+00
-9.528214114922933797e-01 8.885631191660714814e-03 -3.034013898454652192e-01 -8.880458799999999542e+00 8.357317188291553747e-03 9.999604569562144940e-01 3.039699546499838312e-03 7.319119999999999793e-02 3.034164020801256023e-01 3.606691621014074776e-04 -9.528579940717858410e-01 9.884085999999999705e-01
-9.559762463109777730e-01 8.917963603299609160e-03 -2.933085174595900790e-01 -8.899568600000000274e+00 8.612648101054293931e-03 9.999601902391345165e-01 2.332429977769581025e-03 7.376259999999999761e-02 2.933176414432991930e-01 -2.964153909900265563e-04 -9.560149964075123075e-01 9.293301000000000478e-01
-9.652423381946764191e-01 8.884862312814306023e-03 -2.612054512795544126e-01 -8.927571300000000321e+00 8.814506105301767036e-03 9.999601133353498428e-01 1.440909599452535987e-03 7.405299999999999383e-02 2.612078349487108042e-01 -9.115700941390148361e-04 -9.652821535703278721e-01 8.296763999999999806e-01
-9.750828025569590052e-01 8.326759392323116252e-03 -2.216848962732654582e-01 -8.954336200000000190e+00 8.373427307221731689e-03 9.999646762763447772e-01 7.293248081428219207e-04 7.447499999999999953e-02 2.216831384494472312e-01 -1.145110286154958851e-03 -9.751180825159767585e-01 7.235702999999999996e-01
-9.840264941366071438e-01 7.913593523236199176e-03 -1.778460960346553987e-01 -8.975799600000000211e+00 8.047083171020328121e-03 9.999676212736299252e-01 -2.927109317542536757e-05 7.520780000000000520e-02 1.778401059650425164e-01 -1.459945857629099935e-03 -9.840583139572757210e-01 6.149544000000000121e-01
-9.912622225471747761e-01 8.047597668626865763e-03 -1.316603293425903931e-01 -8.995152499999999662e+00 8.251475360008652532e-03 9.999654529694956828e-01 -1.003006427904964797e-03 7.590040000000000675e-02 1.316477090769855585e-01 -2.080634344415186517e-03 -9.912943819348045693e-01 4.978437000000000001e-01
