9.999999957338999712e-01 -5.600774467658077303e-06 -9.219995275682729284e-05 -6.870000000000000293e-05 5.599225507661491219e-06 9.999999998431999826e-01 -1.680025812297878323e-05 -9.500000000000000523e-06 9.220004683682707846e-05 1.679974180297992233e-05 9.999999956084599795e-01 -3.070000000000000083e-05
9.992088802303559225e-01 3.507383628589950692e-03 -3.961454188653427966e-02 -1.246399999999999939e-03 -3.556417588992800364e-03 9.999929945416138333e-01 -1.167373816958401948e-03 1.090899999999999899e-03 3.961016994069556374e-02 1.307336137998403808e-03 9.992143540349545106e-01 2.817240000000000022e-02
9.964295166395195080e-01 1.758051202141596488e-03 -8.441047106552711232e-02 -2.173500000000000085e-03 -1.863910653149230753e-03 9.999975722361977848e-01 -1.175312208496015346e-03 1.121599999999999941e-03 8.440819987779989153e-02 1.328449352068591721e-03 9.964303743943719871e-01 4.176799999999999957e-02
9.896237385208178639e-01 1.052747534171951825e-03 -1.436793230729779824e-01 -3.736999999999999870e-03 -1.075709648807188093e-03 9.999994180512521424e-01 -8.213347916908584668e-05 7.929999999999999766e-04 1.436791529931581435e-01 2.358384748767200739e-04 9.896242950612027522e-01 5.472699999999999787e-02
9.646168195828835890e-01 2.078244305030878952e-03 -2.636476290020661195e-01 -9.744400000000000284e-03 -1.927841236171611364e-03 9.999977979409618856e-01 8.291811595086095695e-04 8.524999999999999592e-04 2.636487716754443711e-01 -2.915713219341851655e-04 9.646187019647678440e-01 7.932580000000000187e-02
9.587933966603136016e-01 4.285784172875724968e-03 -2.840719179619875523e-01 -1.635400000000000048e-02 -4.088985542956375882e-03 9.999908134482258237e-01 1.285774624580607230e-03 8.208999999999999500e-04 2.840748188731415103e-01 -7.122625393482279361e-05 9.588021131646574657e-01 1.022962000000000038e-01
9.518446403831477554e-01 3.497290078260626833e-03 -3.065608414915131363e-01 -2.000510000000000135e-02 -3.477988198866986246e-03 9.999937662034116270e-01 6.092227877168722829e-04 8.748999999999999616e-04 3.065610610823962801e-01 4.863295436546307251e-04 9.518508703108959912e-01 1.136169999999999958e-01
9.474465332249600857e-01 4.372894831928361703e-03 -3.198842673074018816e-01 -2.376019999999999868e-02 -4.418473327954459615e-03 9.999900683858531369e-01 5.832864706893457069e-04 8.890000000000000333e-04 3.198836409906805067e-01 8.607673585983666251e-04 9.474564450707483321e-01 1.245925999999999978e-01
9.465485802990255548e-01 5.361436839833532385e-03 -3.225167284481718077e-01 -2.765280000000000168e-02 -5.600279322368384265e-03 9.999843007667411632e-01 1.873274227073361926e-04 1.099900000000000010e-03 3.225126695269672217e-01 1.628869259431491717e-03 9.465637457559448187e-01 1.358833000000000124e-01
9.437163833863776441e-01 4.702710557899848418e-03 -3.307223491715431951e-01 -3.144799999999999679e-02 -4.688687636517465882e-03 9.999886550896626147e-01 8.401786804054614836e-04 1.070399999999999997e-03 3.307225482732961686e-01 7.577634040100458520e-04 9.437277265494751211e-01 1.468741000000000074e-01
9.357552573593275191e-01 4.391512651892609531e-03 -3.526227629365509264e-01 -3.554430000000000089e-02 -4.249073603335892443e-03 9.999902788396539677e-01 1.177964220478856620e-03 1.123400000000000093e-03 3.526245080789084385e-01 3.960338616347964516e-04 9.357648205929138818e-01 1.578064999999999884e-01
9.304485867765730500e-01 4.613107803121784325e-03 -3.663934314393132441e-01 -3.980709999999999804e-02 -4.544189269165955711e-03 9.999891232606973324e-01 1.050573266278272393e-03 1.030300000000000053e-03 3.663942926812097101e-01 6.874566885255527877e-04 9.304594293648366099e-01 1.687165999999999944e-01
9.265715788261176256e-01 4.757831703144833717e-03 -3.760883836934614810e-01 -4.448850000000000027e-02 -4.909267368960116944e-03 9.999877950805299287e-01 5.556832550974712083e-04 1.126000000000000048e-03 3.760864374124329168e-01 1.331438118908362216e-03 9.265836275625420893e-01 1.797422999999999937e-01
9.174797787611406186e-01 3.580858995076801037e-03 -3.977663045222229465e-01 -4.897019999999999845e-02 -3.367991224800352245e-03 9.999935671406753324e-01 1.233820236997764351e-03 1.224599999999999951e-03 3.977681638838358458e-01 2.076683050803850451e-04 9.174859370444633511e-01 1.901442999999999883e-01
8.846695731225254766e-01 4.232706430464726506e-03 -4.661993464039628776e-01 -6.465419999999999501e-02 -3.848503537358920028e-03 9.999910172128135821e-01 1.776095212905591265e-03 1.255999999999999955e-03 4.662026763240764149e-01 2.229124399239176303e-04 8.846779159096900269e-01 2.215388000000000079e-01
8.656665305751474193e-01 3.856846954048151824e-03 -5.006062150768409991e-01 -7.625790000000000346e-02 -3.584316084176276777e-03 9.999924420447158235e-01 1.506164550877627743e-03 1.422300000000000040e-03 5.006082405636128607e-01 4.904946673050187070e-04 8.656738120647899937e-01 2.419808999999999988e-01
8.639480883293280122e-01 5.689477075838883860e-03 -5.035487369884896758e-01 -8.870260000000000644e-02 -5.554590482977952645e-03 9.999830094038673067e-01 1.768453604583175749e-03 1.475500000000000032e-03 5.035502429715092987e-01 1.269154911213089560e-03 8.639650120514981158e-01 2.630943000000000032e-01
8.559655407072237487e-01 4.228774337657837702e-03 -5.170155806060310333e-01 -1.007798000000000027e-01 -4.501203962671008509e-03 9.999896052846146688e-01 7.269701554649770064e-04 1.651700000000000087e-03 5.170132805689584554e-01 1.704931177985925502e-03 8.559756777648543924e-01 2.834549000000000096e-01
8.376784356675549548e-01 4.068689392483758500e-03 -5.461485916709715172e-01 -1.138872999999999969e-01 -4.020031972544546063e-03 9.999910955288549008e-01 1.283824731135093256e-03 2.036300000000000002e-03 5.461489519906613799e-01 1.120102507828917363e-03 8.376873328455397560e-01 3.040506000000000042e-01
8.279588721817457975e-01 5.176345773653547207e-03 -5.607649341925393660e-01 -1.275390999999999886e-01 -5.145258071349012412e-03 9.999854283133622346e-01 1.633854436790210893e-03 1.893500000000000001e-03 5.607652202971495914e-01 1.532516026989696762e-03 8.279734410593834193e-01 3.242799000000000098e-01
8.186935697547470525e-01 4.977897099191179800e-03 -5.742090728843448622e-01 -1.413353999999999999e-01 -4.489791901889981021e-03 9.999873498236349079e-01 2.267589332505972385e-03 1.974699999999999806e-03 5.742130968646629308e-01 7.216184400607871148e-04 8.187055628587851519e-01 3.442777000000000198e-01
8.177767298651409389e-01 4.453155797710816113e-03 -5.755183659054831091e-01 -1.544270000000000087e-01 -4.050019888139270649e-03 9.999898330052908735e-01 1.982731690400071911e-03 2.068899999999999819e-03 5.755213440264242974e-01 7.094289899312659865e-04 8.177864509030008389e-01 3.630605000000000082e-01
8.091011247333328438e-01 4.200554944987956382e-03 -5.876544267623701190e-01 -1.684614000000000111e-01 -4.318446760769896822e-03 9.999899528681458483e-01 1.202156536301037014e-03 2.123100000000000161e-03 5.876535722454429012e-01 1.565088150077350573e-03 8.091111354605450279e-01 3.823117999999999794e-01
8.024289336650120008e-01 3.247333908170622722e-03 -5.967388551449624989e-01 -1.841122000000000036e-01 -3.585894115295222215e-03 9.999933785541811337e-01 6.198477135584753040e-04 2.204699999999999976e-03 5.967369167234634064e-01 1.642458609206906344e-03 8.024352650208559368e-01 4.036103999999999803e-01
7.973643459808456013e-01 3.699886851177136473e-03 -6.034868769044001713e-01 -2.018077000000000065e-01 -4.587426543779673550e-03 9.999894752819807886e-01 6.959148028321893512e-05 2.365700000000000094e-03 6.034807828557953169e-01 2.712961952772073755e-03 7.973729269050957580e-01 4.271136999999999850e-01
7.967262876163718754e-01 4.051821538592506253e-03 -6.043267372566379914e-01 -2.210971999999999937e-01 -4.950572715658022732e-03 9.999877300122695933e-01 1.779176641412841611e-04 2.392800000000000048e-03 6.043200430656102684e-01 2.850011776752685560e-03 7.967365706317560692e-01 4.526420999999999917e-01
7.969898782589948105e-01 4.978212671736877148e-03 -6.039721445160427526e-01 -2.428780000000000105e-01 -5.801566087709552483e-03 9.999829986740293997e-01 5.866803440898293431e-04 2.606100000000000083e-03 6.039647968082598739e-01 3.036406015532388050e-03 7.970052098040929511e-01 4.809325999999999879e-01
7.969751740885980817e-01 5.022824782803710260e-03 -6.039911780130980956e-01 -2.660170000000000035e-01 -6.235019918570650597e-03 9.999805581409061395e-01 8.869507809623408678e-05 2.701600000000000182e-03 6.039798808015576226e-01 3.695209250246069606e-03 7.969909968221304819e-01 5.116642999999999608e-01
7.973345492229888531e-01 6.774657625750177270e-03 -6.034995614161016153e-01 -2.908245999999999887e-01 -6.859200155783378577e-03 9.999741359400768914e-01 2.163058972726475578e-03 2.244100000000000174e-03 6.034986064512462001e-01 2.414842634718918427e-03 7.973603956470709520e-01 5.443014999999999937e-01
7.973288710069051932e-01 6.402731544317749775e-03 -6.035111237480428326e-01 -3.151403999999999872e-01 -6.813992437502406317e-03 9.999754939226689343e-01 1.606568136173736625e-03 2.611599999999999946e-03 6.035066204822576719e-01 2.831357074956668968e-03 7.973529597682562642e-01 5.763907999999999809e-01
7.975526273836127666e-01 7.952776605349416369e-03 -6.031969495096617395e-01 -3.388643000000000072e-01 -7.762662285562425303e-03 9.999656065699978891e-01 2.920060159743417642e-03 2.526299999999999987e-03 6.031994260837260091e-01 2.353512558203378797e-03 7.975869315321697517e-01 6.084026999999999630e-01
7.977818069834976544e-01 8.381988598538895469e-03 -6.028879918469757238e-01 -3.646897000000000055e-01 -8.222252305496523250e-03 9.999616294222916091e-01 3.022292199681530199e-03 2.416499999999999811e-03 6.028901915051944060e-01 2.545967448625904329e-03 7.978201144597575345e-01 6.425277000000000349e-01
7.975370903790560684e-01 7.226718835075229483e-03 -6.032266274001739648e-01 -3.913186000000000164e-01 -6.930842116523448435e-03 9.999720153355711183e-01 2.816375911002248333e-03 2.602199999999999826e-03 6.032300994622742385e-01 1.934704265519125114e-03 7.975648588184786059e-01 6.782717999999999803e-01
7.976186261344104800e-01 8.630759478162535608e-03 -6.031003541984415461e-01 -4.159167999999999754e-01 -7.522963239070866968e-03 9.999621936713777304e-01 4.360762780717434076e-03 2.542599999999999895e-03 6.031151898829602009e-01 1.058876176051583946e-03 7.976533999887950310e-01 7.110752000000000184e-01
7.979328620770868019e-01 8.017172154249546656e-03 -6.026930168569385460e-01 -4.394921999999999995e-01 -7.331290626775540178e-03 9.999666614580259294e-01 3.595573700485782138e-03 3.011499999999999854e-03 6.027017502838486473e-01 1.549491251668624805e-03 7.979650363779395850e-01 7.413421999999999512e-01
7.974730156097650235e-01 6.661876960492288738e-03 -6.033178339562246251e-01 -4.626210000000000044e-01 -5.461359988043590352e-03 9.999777791306400099e-01 3.822929770987633195e-03 3.057199999999999935e-03 6.033298955972166144e-01 2.462525455077955918e-04 7.974916779743443929e-01 7.722447999999999535e-01
7.971479785038615429e-01 5.908083502555195980e-03 -6.037550785844651990e-01 -4.862266000000000088e-01 -4.221501859287812679e-03 9.999822202234317503e-01 4.211669392050109741e-03 3.112399999999999976e-03 6.037692268485195246e-01 -8.085705552005530584e-04 7.971587463764028270e-01 8.033240000000000380e-01
7.969814682038912634e-01 6.664171209158372897e-03 -6.039669926094181074e-01 -5.085087999999999830e-01 -4.575103708458004570e-03 9.999770512423407087e-01 4.996540276014593829e-03 2.925300000000000036e-03 6.039864301171232741e-01 -1.218938377444410718e-03 7.969936677437313710e-01 8.327297000000000171e-01
7.904255378066041837e-01 6.175934755478824575e-03 -6.125270010481469463e-01 -5.291544999999999721e-01 -3.626228814756137994e-03 9.999788283030607294e-01 5.403092653357656136e-03 3.357999999999999874e-03 6.125474019598184938e-01 -2.049579355332183973e-03 7.904311985092331572e-01 8.599653000000000436e-01
7.840911035729368761e-01 5.116091122615119141e-03 -6.206246586378912911e-01 -5.490121000000000029e-01 -3.113733331836730008e-03 9.999858664328895586e-01 4.309477833955507008e-03 3.730499999999999875e-03 6.206379346789173690e-01 -1.446563544488689047e-03 7.840959517121610656e-01 8.850335999999999759e-01
7.837414945088680973e-01 5.669904988817101033e-03 -6.210612868006052389e-01 -5.678752999999999718e-01 -3.438523821879599287e-03 9.999826160059823721e-01 4.790014588549836028e-03 3.602900000000000026e-03 6.210776492025230633e-01 -1.618599162838250125e-03 7.837473660547880083e-01 9.089677000000000451e-01
7.833105355076251941e-01 4.807156971965131573e-03 -6.216120142054883946e-01 -5.858902000000000276e-01 -3.420117162415128517e-03 9.999882911648179107e-01 3.423497022473488520e-03 4.084599999999999863e-03 6.216211931404469482e-01 -5.556753678348407607e-04 7.833178048937307070e-01 9.315862000000000309e-01
7.836335177693009024e-01 5.509597687695811513e-03 -6.211989650360264514e-01 -6.048173000000000021e-01 -4.458691151222141449e-03 9.999847962486145825e-01 3.244587005302530282e-03 4.427099999999999785e-03 6.212073968504631116e-01 2.271671998807019578e-04 7.836461691945763031e-01 9.552076000000000455e-01
7.835387864383177581e-01 5.485609907696368387e-03 -6.213186607777919646e-01 -6.235964000000000507e-01 -4.159448747903403756e-03 9.999849289756359560e-01 3.583407276008802444e-03 4.438400000000000331e-03 6.213289540435741332e-01 -2.233954627369684649e-04 7.835497948194392048e-01 9.789683999999999608e-01
7.837253954021065061e-01 5.314146695996045146e-03 -6.210847482000384501e-01 -6.330626999999999782e-01 -4.690287186959068468e-03 9.999855220337191541e-01 2.637599107944634154e-03 4.686100000000000335e-03 6.210897727445813254e-01 8.459124327121883341e-04 7.837389735264161938e-01 9.907274000000000358e-01
7.840136379353201956e-01 4.417539581391917956e-03 -6.207278798922047924e-01 -6.526402000000000037e-01 -4.220501901489166936e-03 9.999894988951610886e-01 1.785906801606363184e-03 4.922900000000000019e-03 6.207292508776464102e-01 1.219607908851552333e-03 7.840240491601163653e-01 1.015535000000000077e+00
7.838839674649495937e-01 5.165882777509334806e-03 -6.208858503835780196e-01 -6.728741999999999779e-01 -4.064563676873954659e-03 9.999866564445051287e-01 3.188456531906649471e-03 4.711899999999999769e-03 6.208940367514624858e-01 2.425011863356994757e-05 7.838945047252247056e-01 1.040894399999999997e+00
7.844733479119450070e-01 4.442541652685680180e-03 -6.201466199532885692e-01 -6.931216999999999517e-01 -3.980868832084298418e-03 9.999898123074812961e-01 2.127901452132778017e-03 5.043699999999999919e-03 6.201497553810420005e-01 7.994403745131830556e-04 7.844830411142877935e-01 1.065892800000000085e+00
7.837121218499065733e-01 3.731510402358409126e-03 -6.211130218371164746e-01 -7.140265999999999558e-01 -2.882556938682610467e-03 9.999930356161979006e-01 2.370566302996963623e-03 4.793000000000000385e-03 6.211175419604669790e-01 -6.744789650493473489e-05 7.837174200691017223e-01 1.092352299999999943e+00
7.833381998386927947e-01 3.223808833049994320e-03 -6.215873806071708918e-01 -7.363939000000000457e-01 -2.345944523923030808e-03 9.999947618653708403e-01 2.229974464185591893e-03 4.958599999999999640e-03 6.215913136601626254e-01 -2.886146707863418079e-04 7.833416594844200276e-01 1.120793300000000103e+00
7.833097496487266831e-01 4.685754118204161177e-03 -6.216139314828720286e-01 -7.593201000000000533e-01 -3.072778661220804640e-03 9.999885596065283266e-01 3.665881525612667280e-03 4.948799999999999727e-03 6.216239973943639141e-01 -9.614387158914099608e-04 7.833151865622467458e-01 1.149678600000000106e+00
7.831203643985188423e-01 4.699482700155123600e-03 -6.218524018822165766e-01 -7.816999000000000031e-01 -2.419959626136213363e-03 9.999869035956128194e-01 4.509593403662580900e-03 5.138000000000000206e-03 6.218654506078776789e-01 -2.026696723594601478e-03 7.831214808959409135e-01 1.177756900000000106e+00
7.828780992159001251e-01 4.089854336089132625e-03 -6.221616790349665527e-01 -8.034788000000000485e-01 -2.398033145724353526e-03 9.999908018672690746e-01 3.556067756401224203e-03 5.552500000000000144e-03 6.221705001083955855e-01 -1.292003237488974568e-03 7.828807058054906287e-01 1.205023100000000014e+00
7.836215936181539776e-01 3.818979992463610983e-03 -6.212267004944025395e-01 -8.265173000000000103e-01 -2.652509379471884848e-03 9.999925577719311898e-01 2.801534355058423256e-03 5.781399999999999907e-03 6.212327761872651344e-01 -5.475331660471157314e-04 7.836258916077847303e-01 1.233305700000000060e+00
7.835558484507723076e-01 4.646344662260691767e-03 -6.213039866602094730e-01 -8.501942999999999584e-01 -3.121790095328152645e-03 9.999888569068650090e-01 3.541255243840243233e-03 5.508899999999999735e-03 6.213135173044208592e-01 -8.351906254242518618e-04 7.835616221277227345e-01 1.263222700000000032e+00
7.833447000269621041e-01 5.325605447977708497e-03 -6.215647342524196484e-01 -8.620735000000000481e-01 -2.695503192421031501e-03 9.999829982354058178e-01 5.170831912567240389e-03 5.517199999999999882e-03 6.215817043657320129e-01 -2.375114047966100927e-03 7.833457369712628626e-01 1.278006699999999940e+00
7.836619968313487394e-01 5.218014715246254570e-03 -6.211655552626323962e-01 -8.849498999999999560e-01 -1.932715396930003186e-03 9.999803600857617436e-01 5.961883422615262516e-03 5.646100000000000250e-03 6.211844648198291408e-01 -3.471565235143727647e-03 7.836566907143207583e-01 1.306783599999999934e+00
7.834906729490065391e-01 4.431278008210879325e-03 -6.213877446306185215e-01 -9.059338000000000113e-01 -5.649203735367260785e-04 9.999792395909992138e-01 6.418820139127673352e-03 5.818600000000000161e-03 6.214032879434131518e-01 -4.678051113535903680e-03 7.834769106814154505e-01 1.333627300000000071e+00
7.832317545916991364e-01 3.830278359490870560e-03 -6.217180611554543601e-01 -9.265729000000000326e-01 -5.370706855545573019e-04 9.999848179384887015e-01 5.484108642824227567e-03 5.880800000000000263e-03 6.217296278562628453e-01 -3.961421489364310919e-03 7.832219206492476715e-01 1.359301300000000046e+00
7.836055357451752190e-01 4.545694312945892587e-03 -6.212420631386209591e-01 -9.566848999999999492e-01 -1.323629429911032116e-03 9.999831771879995612e-01 5.647419421837649757e-03 6.237900000000000215e-03 6.212572835425346218e-01 -3.603054843757873098e-03 7.835983701113368172e-01 1.396303199999999967e+00
7.838363239432956098e-01 4.740778712211192111e-03 -6.209493878604460670e-01 -9.747209999999999486e-01 -1.641552165506250964e-03 9.999831821688320854e-01 5.562435256639450265e-03 6.478399999999999610e-03 6.209653151131299120e-01 -3.340717991424753050e-03 7.838309237518975570e-01 1.419051800000000085e+00
7.837669778610752980e-01 4.386033544682994140e-03 -6.210395213867324626e-01 -9.984401000000000526e-01 -7.027264810671165693e-04 9.999806850434790340e-01 6.175412169813626617e-03 6.471400000000000416e-03 6.210546116003080597e-01 -4.403663215913627624e-03 7.837549216178940625e-01 1.449011400000000060e+00
7.786790730898027757e-01 4.342089639940760470e-03 -6.274074014462726057e-01 -1.020603399999999938e+00 -9.672513753036556926e-04 9.999831722523823130e-01 5.720108114301875914e-03 6.690299999999999719e-03 6.274216808150500091e-01 -3.847267812493444621e-03 7.786701695670615875e-01 1.476324299999999923e+00
7.743528085079369738e-01 4.418267179045901397e-03 -6.327386560587276998e-01 -1.035061699999999973e+00 -1.293023100693158371e-03 9.999845826103437307e-01 5.400243779470721359e-03 6.807399999999999909e-03 6.327527606001662752e-01 -3.363548238275191737e-03 7.743465829304843062e-01 1.493947700000000101e+00
7.693925803922841977e-01 5.065124390798975487e-03 -6.387561363714702178e-01 -1.055675900000000000e+00 -1.298455729032455940e-03 9.999788970572116575e-01 6.365489216245628391e-03 6.795999999999999958e-03 6.387748987319572525e-01 -4.068163608820310646e-03 7.693829207844619100e-01 1.518844400000000094e+00
7.648612263189364935e-01 4.852566037877484133e-03 -6.441768057581247486e-01 -1.068708800000000014e+00 -8.933931064253964119e-04 9.999786570189236334e-01 6.472044142881451176e-03 7.005599999999999848e-03 6.441944631263529786e-01 -4.374712502331156924e-03 7.648492371493037512e-01 1.534592299999999909e+00
7.468079282667072771e-01 4.753532536877691159e-03 -6.650227982606382593e-01 -1.081363899999999933e+00 -2.990488495212060942e-04 9.999767538069035400e-01 6.811931854711428605e-03 6.925299999999999685e-03 6.650397197519666292e-01 -4.888330413185813447e-03 7.467919893638370610e-01 1.548894599999999899e+00
7.174748643954650396e-01 4.006499347832983074e-03 -6.965728726584784480e-01 -1.101764699999999930e+00 4.543643822836631284e-04 9.999805547697788732e-01 6.219616976413632099e-03 7.101200000000000220e-03 6.965842465299635355e-01 -4.778916749745129068e-03 7.174590925209477499e-01 1.570414399999999988e+00
7.072634397211655655e-01 4.566670255585292618e-03 -7.069353381721428242e-01 -1.116263599999999911e+00 -5.111838678256036030e-04 9.999821781871172099e-01 5.948276994366692022e-03 7.157000000000000167e-03 7.069499031224479868e-01 -3.845624906980626631e-03 7.072531694126484858e-01 1.584918599999999955e+00
6.979866430051732129e-01 5.553731601160589310e-03 -7.160892418209278132e-01 -1.131096799999999902e+00 -1.183942966690533505e-03 9.999775092879803484e-01 6.601454177599191953e-03 7.115299999999999750e-03 7.161097991686894426e-01 -3.759918018998291769e-03 6.979775200900598664e-01 1.599078299999999953e+00
6.915114024181751029e-01 5.414119028597681738e-03 -7.223452551521278853e-01 -1.145360099999999992e+00 -1.078947197237856929e-03 9.999785380582334460e-01 6.462143287160084827e-03 7.419099999999999653e-03 7.223647390332630369e-01 -3.689273378646812547e-03 6.915024027892768821e-01 1.613165100000000018e+00
6.687667444631867353e-01 5.164318744630184109e-03 -7.434543505232950045e-01 -1.159753899999999893e+00 -8.421107209426606857e-04 9.999804950106869761e-01 6.188735550592117801e-03 7.574599999999999909e-03 7.434718100571428012e-01 -3.512749647405947334e-03 6.687580491031641650e-01 1.625720099999999890e+00
6.458656999754389672e-01 4.535416670037612646e-03 -7.634375728184100707e-01 -1.174519300000000044e+00 2.122928266061708744e-04 9.999812484359862363e-01 6.120270268710934283e-03 7.723100000000000104e-03 7.634510151456946891e-01 -4.114944961410830007e-03 6.458526261469970109e-01 1.638297799999999915e+00
6.349139104645170617e-01 5.141956795098278493e-03 -7.725657813927383488e-01 -1.189062999999999981e+00 -5.934783974063397548e-04 9.999808026759887669e-01 6.167824809201347992e-03 8.014999999999999555e-03 7.725826648858015178e-01 -3.457536666838152174e-03 6.349047734567370149e-01 1.650380299999999911e+00
6.144789940418905472e-01 4.904142943728061199e-03 -7.889179394989405125e-01 -1.203360800000000008e+00 2.856979438191349467e-04 9.999792306210553150e-01 6.438688003556933964e-03 8.084300000000000860e-03 7.889331304096383057e-01 -4.181830760532129557e-03 6.144648305912544517e-01 1.661241399999999979e+00
5.069550735931430685e-01 3.656880961249337446e-03 -8.619647211921183105e-01 -1.225184300000000004e+00 3.822152471886470539e-03 9.999716329711639817e-01 6.490331537390344255e-03 8.039900000000000865e-03 8.619640041838479982e-01 -6.584867091965006247e-03 5.069267156273464803e-01 1.675263600000000075e+00
3.773991661459801805e-01 4.613667449337545585e-03 -9.260391911063946546e-01 -1.241389599999999982e+00 4.714247543777389839e-03 9.999650600487209884e-01 6.903227640302430496e-03 8.075199999999999392e-03 9.260386845388343113e-01 -6.970850337280941680e-03 3.773642298670614181e-01 1.681646100000000033e+00
2.379950154801881157e-01 5.510715425318440421e-03 -9.712507424049088289e-01 -1.257338199999999961e+00 4.494229874329594594e-03 9.999669506913774208e-01 6.774911278011662950e-03 8.231199999999999281e-03 9.712559778474580963e-01 -5.977419216468225598e-03 2.379623834875774779e-01 1.685080799999999934e+00
2.149129795417898392e-01 4.910273429228516166e-03 -9.766208580812312245e-01 -1.273390400000000033e+00 2.601099177845728541e-03 9.999809363119210870e-01 5.600115695304041033e-03 8.488000000000000753e-03 9.766297381851205550e-01 -3.743825260878613087e-03 2.148961103996039901e-01 1.688331599999999932e+00
2.035933849240054716e-01 4.471483584810621859e-03 -9.790453204268617649e-01 -1.295707100000000001e+00 2.412330828468456454e-03 9.999842440316791814e-01 5.068762015038971031e-03 8.838300000000000323e-03 9.790525595059539343e-01 -3.393747624949503949e-03 2.035793904153816447e-01 1.692734600000000089e+00
1.974009402020180104e-01 4.674573684152191072e-03 -9.803116938852819429e-01 -1.309978700000000051e+00 2.509615156066126798e-03 9.999829446824245460e-01 5.273725062562762203e-03 8.819099999999999856e-03 9.803196267744146430e-01 -3.501243370360196741e-03 1.973858420853272788e-01 1.695727299999999937e+00
1.852339108109578580e-01 5.027001252985238353e-03 -9.826816002877435396e-01 -1.330582300000000107e+00 1.563463959293191069e-03 9.999841423998624412e-01 5.410224511016165083e-03 8.939100000000000171e-03 9.826932145212595726e-01 -2.538544310051271333e-03 1.852231139103859281e-01 1.699333900000000064e+00
1.756912002104034920e-01 4.466211851191425816e-03 -9.844351959983592693e-01 -1.343675500000000023e+00 1.965520910121168648e-03 9.999861242031259367e-01 4.887548338619978651e-03 9.001200000000000867e-03 9.844433650018571402e-01 -2.793627196092513670e-03 1.756799839222142889e-01 1.701764099999999891e+00
1.660732348724253682e-01 4.210726015817829390e-03 -9.861044318151237498e-01 -1.356247299999999933e+00 1.844897176467586494e-03 9.999878066309167979e-01 4.580714343479648856e-03 9.234499999999999653e-03 9.861116960128890607e-01 -2.579995331006078741e-03 1.660634415236402761e-01 1.703807000000000071e+00
1.572130477918667613e-01 4.351267762497907504e-03 -9.875551245742443252e-01 -1.368281000000000081e+00 2.641614724694494980e-03 9.999848629603218519e-01 4.826564189215429984e-03 9.200800000000000298e-03 9.875611775862994657e-01 -3.367539025072467662e-03 1.571991736787319294e-01 1.705826599999999971e+00
1.369826092612594082e-01 4.168229256877261507e-03 -9.905646827062023485e-01 -1.380460400000000032e+00 2.929894527558499218e-03 9.999850676919845860e-01 4.613037081390339300e-03 9.152099999999999819e-03 9.905691194853768478e-01 -3.534155899081417151e-03 1.369683513226558347e-01 1.707346400000000042e+00
1.199988811147376100e-01 4.571456293045600590e-03 -9.927635017055028710e-01 -1.399355200000000021e+00 2.701239785630235157e-03 9.999841930886106400e-01 4.931214509728749397e-03 9.101100000000000856e-03 9.927703520124034897e-01 -3.273432492232703113e-03 1.199846357034399791e-01 1.709549299999999938e+00
9.873869108797024563e-02 4.737199323310596275e-03 -9.951021202996231940e-01 -1.412431999999999910e+00 3.688566689985370382e-03 9.999800569599445188e-01 5.126417673171663678e-03 9.123600000000000806e-03 9.951065598005109925e-01 -4.176676305090214203e-03 9.871924846267110532e-02 1.710777200000000109e+00
3.751564326246144276e-02 4.915077982574886373e-03 -9.992839528977880414e-01 -1.426040100000000033e+00 4.645996241896347898e-03 9.999762382339870692e-01 5.092905489469222099e-03 9.150999999999999412e-03 9.992852401739574786e-01 -4.833733115262809493e-03 3.749191639068871762e-02 1.711116400000000093e+00
-3.570806892413245365e-02 5.427372903147056026e-03 -9.993475258572865894e-01 -1.440465700000000071e+00 4.113644911272472914e-03 9.999775793955592018e-01 5.283808450533943567e-03 9.081799999999999248e-03 9.993537970805204118e-01 -3.922286268001983107e-03 -3.572959461256841607e-02 1.710165300000000110e+00
-6.411963831631038724e-02 5.342919763077110841e-03 -9.979279158288892893e-01 -1.455959400000000015e+00 5.137156889822109586e-03 9.999741851985023411e-01 5.023798929154417794e-03 9.112800000000000761e-03 9.979289962724174901e-01 -4.804388098034947929e-03 -6.414543049764787064e-02 1.709113799999999905e+00
-8.185504857336209361e-02 5.580587568566108825e-03 -9.966286209343189206e-01 -1.472364900000000087e+00 5.004408113877183845e-03 9.999740183929481940e-01 5.188298226718509459e-03 9.117999999999999369e-03 9.966316806736992273e-01 -4.562847953764801595e-03 -8.188084938536321911e-02 1.707720300000000080e+00
-9.404522609394186383e-02 6.227206874889668411e-03 -9.955484505253755501e-01 -1.489015299999999931e+00 5.667789346283381643e-03 9.999675815776933874e-01 5.719436824132966349e-03 9.229199999999999904e-03 9.955517925315915395e-01 -5.104673172341049961e-03 -9.407747179286907180e-02 1.706118100000000082e+00
-9.880892162505386378e-02 6.311112190796380229e-03 -9.950864117604105719e-01 -1.505611899999999892e+00 5.661340275804058360e-03 9.999672703698382348e-01 5.779914824330441292e-03 9.377699999999999231e-03 9.950903206410841584e-01 -5.062415629927799823e-03 -9.884141699922321944e-02 1.704479300000000030e+00
-1.093556260851837048e-01 6.840686101509809575e-03 -9.939791507155357753e-01 -1.521015800000000029e+00 6.147750969263945583e-03 9.999618477589505838e-01 6.205496315797781604e-03 9.320699999999999472e-03 9.939836780357800272e-01 -5.432130352456222486e-03 -1.093935087575881315e-01 1.702698599999999951e+00
-1.326575111491963277e-01 7.466392824488167490e-03 -9.911338142319083833e-01 -1.535653399999999946e+00 6.687231452450573613e-03 9.999556092755197412e-01 6.637801889585571470e-03 9.302100000000000646e-03 9.911393775202366196e-01 -5.747386937945068129e-03 -1.327015518831009544e-01 1.700857300000000016e+00
-1.487975075572589567e-01 7.581122117349004680e-03 -9.888386260316642806e-01 -1.549448399999999948e+00 7.362972071919248948e-03 9.999513860833650902e-01 6.558362007783701507e-03 9.367300000000000279e-03 9.888402744564036562e-01 -6.304923266689711585e-03 -1.488460935180548894e-01 1.698736100000000082e+00
-1.584328274875568543e-01 6.904871239284491452e-03 -9.873456142240500943e-01 -1.562736200000000020e+00 6.202757329949083395e-03 9.999627754522647516e-01 5.997792202912070880e-03 9.546600000000000572e-03 9.873502747129833113e-01 -5.174018068431126063e-03 -1.584697591378990689e-01 1.696526200000000095e+00
-1.675228516305082294e-01 7.280259977433307765e-03 -9.858413117719524443e-01 -1.575704800000000017e+00 6.922073359796701054e-03 9.999567703918321726e-01 6.208240325430977591e-03 9.610399999999999845e-03 9.858438918419003549e-01 -5.784043758279953582e-03 -1.675660041769152508e-01 1.694325800000000104e+00
-1.762919383476770352e-01 7.368778283365381813e-03 -9.843103441396060527e-01 -1.588083499999999981e+00 7.007349488266155328e-03 9.999560356561023600e-01 6.230875386418693353e-03 9.636000000000000468e-03 9.843129835203680011e-01 -5.798953486827168775e-03 -1.763358233930062413e-01 1.691946900000000031e+00
-1.848748214324980321e-01 6.844891500423630135e-03 -9.827382397468051867e-01 -1.600037200000000048e+00 6.824973704425882012e-03 9.999605726723067578e-01 5.680918482621135843e-03 9.827999999999999931e-03 9.827383782748262409e-01 -5.656903854558562386e-03 -1.849142485168312477e-01 1.689614799999999972e+00
-2.241897193030295277e-01 6.646156106484952218e-03 -9.745228567703463352e-01 -1.612253500000000006e+00 7.718374429639408320e-03 9.999574914760677169e-01 5.044000104454066796e-03 9.867000000000000770e-03 9.745149544542621722e-01 -6.390919331213379753e-03 -2.242314868503288983e-01 1.686606899999999909e+00
-2.788394649319669294e-01 6.324893616483672973e-03 -9.603169000476843298e-01 -1.626083900000000027e+00 7.551048621837076064e-03 9.999618388222041299e-01 4.393468336854236544e-03 9.851499999999999146e-03 9.603080414435591905e-01 -6.026327244387947105e-03 -2.788765836687951971e-01 1.682150999999999952e+00
-3.058928722772755182e-01 7.652765852714783074e-03 -9.520351810016067784e-01 -1.641502100000000075e+00 8.621702744446818611e-03 9.999489573643134399e-01 5.267723209219513439e-03 9.800800000000000137e-03 9.520268992689990828e-01 -6.596805350021653011e-03 -3.059432385711916558e-01 1.677393099999999970e+00
-3.480150056793537283e-01 6.818341507989910885e-03 -9.374641678704737080e-01 -1.656744199999999889e+00 7.837126968640780247e-03 9.999597688240241533e-01 4.363504816278685090e-03 1.002720000000000000e-02 9.374562044505742042e-01 -5.828460558732962392e-03 -3.480544408345316310e-01 1.671267000000000058e+00
-3.573028086698634143e-01 6.277313507983756265e-03 -9.339675038521143557e-01 -1.672591699999999904e+00 7.857492130527356927e-03 9.999622290477725439e-01 3.714874860448818920e-03 1.017629999999999924e-02 9.339555464442862442e-01 -6.011307090190838760e-03 -3.573386369440362254e-01 1.665296099999999946e+00
-3.856981502968848119e-01 5.707397622566964465e-03 -9.226073717838698673e-01 -1.689425100000000013e+00 8.223226617559330209e-03 9.999624122930934611e-01 2.748189399149039182e-03 1.029640000000000069e-02 9.225883780980326243e-01 -6.526837929292283492e-03 -3.857305860119040197e-01 1.658096199999999909e+00
-3.946932525169110639e-01 6.072291395884704852e-03 -9.187928840031500677e-01 -1.707162099999999905e+00 8.001683679365770990e-03 9.999629569673620377e-01 3.171395810207420715e-03 1.036130000000000037e-02 9.187781067678517655e-01 -6.100161497296141544e-03 -3.947272204368349469e-01 1.650558600000000098e+00
-4.249921978223020202e-01 5.962838465320392280e-03 -9.051773728654541884e-01 -1.724842999999999904e+00 8.198698620334864129e-03 9.999626420828539031e-01 2.737842145027441325e-03 1.050489999999999931e-02 9.051598826346105575e-01 -6.257714927564599940e-03 -4.250252085144869962e-01 1.642331699999999950e+00
-4.535381212627658254e-01 6.691504743080682951e-03 -8.912117572865123627e-01 -1.742577299999999996e+00 9.360169945414964845e-03 9.999524261470874587e-01 2.744569391815381010e-03 1.059320000000000053e-02 8.911877242085604056e-01 -7.097126659914430868e-03 -4.535791783284804923e-01 1.633539599999999981e+00
-4.932681158584182324e-01 6.096837517166659240e-03 -8.698559618981615005e-01 -1.770206100000000005e+00 8.565201305406210455e-03 9.999610030212676692e-01 2.151688476070949714e-03 1.060739999999999947e-02 8.698351586387412793e-01 -6.389132099859719076e-03 -4.933011005328556964e-01 1.617977400000000010e+00
-5.207716528385146759e-01 6.173807371177293668e-03 -8.536736904124345715e-01 -1.798214100000000037e+00 8.953297806695813266e-03 9.999583520692512106e-01 1.769911108537317469e-03 1.063820000000000043e-02 8.536490637599424280e-01 -6.721475246633345016e-03 -5.208052397127767019e-01 1.601669100000000068e+00
-5.413373684815829812e-01 6.486420753011328325e-03 -8.407804587591514167e-01 -1.825602100000000005e+00 9.106769535844109337e-03 9.999568192944554568e-01 1.851025428423368029e-03 1.061010000000000078e-02 8.407561597954873456e-01 -6.654764633745675374e-03 -5.413730634909845740e-01 1.584248199999999995e+00
-5.699005842423333634e-01 6.466005576887064524e-03 -8.216882102428676449e-01 -1.842140399999999900e+00 8.737650937184995859e-03 9.999601903075163722e-01 1.808661454138288209e-03 1.068020000000000080e-02 8.216671939029495109e-01 -6.148867540892455526e-03 -5.699343943750171393e-01 1.572658200000000006e+00
-5.724511566814558527e-01 5.761474240593302161e-03 -8.199185804875006589e-01 -1.866514000000000006e+00 8.191167351071490521e-03 9.999655967169641668e-01 1.307730825705313155e-03 1.053360000000000060e-02 8.198979070539758052e-01 -5.967478283223095169e-03 -5.724786556819819738e-01 1.556130500000000083e+00
-5.724383575984561823e-01 5.215802309609397433e-03 -8.199311691576611771e-01 -1.893789799999999968e+00 8.027071055501645153e-03 9.999674960663811341e-01 7.569286636797574463e-04 1.045420000000000030e-02 8.199084661596391932e-01 -6.148350754393051842e-03 -5.724616187158306779e-01 1.537209400000000059e+00
-5.719178905868235185e-01 6.405583238326991238e-03 -8.202858617153507836e-01 -1.925040599999999991e+00 9.378406995058966369e-03 9.999552155134256992e-01 1.269822717306660995e-03 1.089799999999999970e-02 8.202572595893034002e-01 -6.966740333557963280e-03 -5.719523517043806349e-01 1.514773600000000053e+00
-5.719521590366060115e-01 4.512890758823287496e-03 -8.202745647588757238e-01 -1.957635900000000095e+00 8.334999482397085005e-03 9.999652151604299100e-01 -3.102463270436427341e-04 1.125710000000000079e-02 8.202446315319550374e-01 -7.014434129274514651e-03 -5.719698787146511032e-01 1.492344899999999974e+00
-5.719917923061171861e-01 3.809017722541293768e-03 -8.202504988833750899e-01 -1.994706899999999949e+00 7.805646256092754059e-03 9.999692157963399053e-01 -7.995912566452455239e-04 1.135820000000000059e-02 8.202222024676978362e-01 -6.859944871668043065e-03 -5.720039158392162815e-01 1.466362799999999966e+00
-5.704320886896738774e-01 4.229249555270790314e-03 -8.213338819513875677e-01 -2.032259700000000002e+00 6.399623315667865228e-03 9.999792740515103251e-01 7.044777014483969910e-04 1.129010000000000083e-02 8.213198384396629415e-01 -4.854370774211587414e-03 -5.704473315476485951e-01 1.439739499999999950e+00
-5.704439209786925646e-01 3.464701749494922441e-03 -8.213292451022563556e-01 -2.071721300000000099e+00 5.708835908027758664e-03 9.999836723727568710e-01 2.533386468066573666e-04 1.148339999999999951e-02 8.213167124873513858e-01 -4.544318395733267651e-03 -5.704543863967458384e-01 1.412319700000000067e+00
-5.852057693226404567e-01 3.089554640357536526e-03 -8.108789442349706444e-01 -2.097329400000000010e+00 5.593538172500782217e-03 9.999843303354265522e-01 -2.267472632116562629e-04 1.171550000000000022e-02 8.108655374858455556e-01 -4.668376134465022573e-03 -5.852138808863456276e-01 1.394008899999999995e+00
-5.875240869550785172e-01 2.569884821818045617e-03 -8.092025969679068620e-01 -2.122252700000000214e+00 4.784584098789079927e-03 9.999885093871133668e-01 -2.980750590003502544e-04 1.170780000000000085e-02 8.091925327155482517e-01 -4.046824155034735998e-03 -5.875296317732878748e-01 1.376176700000000030e+00
-5.884113545049141081e-01 3.526746220909160630e-03 -8.085540426902744215e-01 -2.144676399999999816e+00 5.065671760303229985e-03 9.999869413971615995e-01 6.752812499173745705e-04 1.174019999999999925e-02 8.085458656497537255e-01 -3.698526225799480399e-03 -5.884215360134670281e-01 1.360048099999999982e+00
-5.874480734563348738e-01 2.671234873630074294e-03 -8.092574531610385868e-01 -2.165353300000000036e+00 4.721546233277981210e-03 9.999888454236263158e-01 -1.266076215143752733e-04 1.193059999999999954e-02 8.092480880382775243e-01 -3.895321883068142248e-03 -5.874541330808896733e-01 1.344478000000000062e+00
-5.880462413087040874e-01 2.808001184191112522e-03 -8.088224361453223432e-01 -2.185820099999999933e+00 5.259469416542488993e-03 9.999861068797292196e-01 -3.521774825392910355e-04 1.180430000000000021e-02 8.088102101631512442e-01 -4.461073511200506700e-03 -5.880528401078986001e-01 1.329909400000000019e+00
-5.879660579552707933e-01 2.889430524599171518e-03 -8.088804397955132730e-01 -2.219422600000000134e+00 6.363999480233863484e-03 9.999791942303212222e-01 -1.053858194005558978e-03 1.185970000000000080e-02 8.088605653653507810e-01 -5.767347546403294931e-03 -5.879722132032466630e-01 1.305563699999999994e+00
-5.881442549492996719e-01 1.846602881183884246e-03 -8.087539337944092965e-01 -2.245119100000000145e+00 5.493606943482460397e-03 9.999834447983745322e-01 -1.711844597728865228e-03 1.184810000000000030e-02 8.087373836128036730e-01 -5.449787791781949241e-03 -5.881446626129841482e-01 1.287238600000000011e+00
-5.878593919091087416e-01 9.264089157448155733e-04 -8.089625931467874231e-01 -2.272604900000000150e+00 4.924771496409780999e-03 9.999849120340423836e-01 -2.433583772265861082e-03 1.205700000000000001e-02 8.089481330530172709e-01 -5.414560996915123055e-03 -5.878550846588379564e-01 1.267249199999999965e+00
-5.882282242275597151e-01 1.813479789386509937e-03 -8.086929377168722288e-01 -2.302566800000000136e+00 6.151062258503350345e-03 9.999785916692327525e-01 -2.231733924518474865e-03 1.215519999999999969e-02 8.086715777466050303e-01 -6.287089491276359049e-03 -5.882267860702578011e-01 1.245602499999999946e+00
-5.879029644491652329e-01 9.682119621969467564e-04 -8.089308789738962613e-01 -2.334998099999999965e+00 4.980706276274303457e-03 9.999846608939810810e-01 -2.422920085171408836e-03 1.208260000000000063e-02 8.089161247971718982e-01 -5.453489006673068948e-03 -5.878987689226616853e-01 1.222058799999999890e+00
