9.999999999389999061e-01 9.999911999688601125e-07 1.100000079965745741e-05 2.699999999999999899e-05 -1.000008799968859582e-06 9.999999999982199794e-01 1.599994499950175710e-06 4.799999999999999783e-06 -1.099999919965745838e-05 -1.600005499950175378e-06 9.999999999382199745e-01 4.920000000000000328e-05
9.995046534023832585e-01 3.807754647581105059e-03 -3.124017976141701611e-02 -1.209089999999999991e-02 -3.993245076107977860e-03 9.999747552366691217e-01 -5.877319382670059475e-03 2.894299999999999824e-03 3.121701172027784368e-02 5.999157766519753673e-03 9.994946264414574788e-01 4.207740000000000091e-02
9.983475235078553833e-01 3.077872824165906254e-03 -5.738247994475651620e-02 -1.318779999999999952e-02 -3.340656912522715384e-03 9.999843660669996970e-01 -4.484153540345097930e-03 1.529699999999999940e-03 5.736778117658845183e-02 4.668438760317658240e-03 9.983421975266878468e-01 4.984709999999999835e-02
9.921866970751693771e-01 3.737975839808214008e-03 -1.247059969836546017e-01 -1.989379999999999968e-02 -4.346162660016454453e-03 9.999799510117788337e-01 -4.605262708366802439e-03 7.678000000000000146e-04 1.246862823938501147e-01 5.111272943348389892e-03 9.921830505867854644e-01 9.117509999999999504e-02
9.899688725981607984e-01 4.884971522314921454e-03 -1.412011626720990620e-01 -2.206260000000000165e-02 -5.565092326789704454e-03 9.999747366192738296e-01 -4.422202008967923703e-03 7.414000000000000234e-04 1.411759931224877695e-01 5.163639844139580534e-03 9.899710479551607767e-01 1.020070000000000005e-01
9.851666576262421149e-01 3.913605589900326191e-03 -1.715556480936299144e-01 -2.424580000000000138e-02 -4.695467740937877936e-03 9.999803567764486978e-01 -4.151944597429007601e-03 5.820000000000000520e-04 1.715360291140974602e-01 4.895891393097797674e-03 9.851656819861491776e-01 1.126487999999999934e-01
9.736628877038441265e-01 8.086486700811751013e-03 -2.278490505599028437e-01 -3.492549999999999821e-02 -8.929527022375897613e-03 9.999565680604699525e-01 -2.669370690512363337e-03 -5.050000000000000235e-04 2.278175688031285895e-01 4.633651428873617091e-03 9.736928081376936550e-01 1.575304999999999900e-01
9.715072374029045665e-01 7.608579422740973167e-03 -2.368877311997062418e-01 -3.761579999999999785e-02 -8.354860828674150544e-03 9.999627934377888216e-01 -2.146634721512563366e-03 -8.875999999999999992e-04 2.368625845808280395e-01 4.064635194203740365e-03 9.715346595806184649e-01 1.692287000000000097e-01
9.663220747431515711e-01 8.640201545355774559e-03 -2.571905806621746504e-01 -4.099540000000000128e-02 -9.044984951860349925e-03 9.999590169046118637e-01 -3.908431688742389047e-04 -1.740400000000000020e-03 2.571766632323227442e-01 2.703965313695337516e-03 9.663606223663455674e-01 1.805565000000000087e-01
9.503220418517193124e-01 1.104466951308661661e-02 -3.110723903629598608e-01 -4.995070000000000066e-02 -1.128986926875381359e-02 9.999357548246707861e-01 1.012459930206956009e-03 -2.987399999999999865e-03 3.110635877480253386e-01 2.549803632149246803e-03 9.503856811204407506e-01 2.051012000000000113e-01
9.394412721309667313e-01 1.357294814709439357e-02 -3.424410479126987483e-01 -6.008580000000000171e-02 -1.255503598337915500e-02 9.999077176590963623e-01 5.189146098640773017e-03 -5.327499999999999770e-03 3.424798786621004454e-01 -5.755383334505310804e-04 9.395249871436202049e-01 2.294274000000000036e-01
9.178442941216519158e-01 1.616690617221624299e-02 -3.966112490753953557e-01 -7.201899999999999968e-02 -1.381785781481126643e-02 9.998659835248778771e-01 8.779623866560250928e-03 -7.160399999999999925e-03 3.967000359890785477e-01 -2.578009822978091954e-03 9.179446798754358205e-01 2.538336999999999954e-01
8.834724771047607339e-01 1.073909295844800368e-02 -4.683599620813118092e-01 -1.007959999999999967e-01 -9.526206472016920945e-03 9.999423309935735471e-01 4.958434973952355676e-03 -3.745899999999999924e-03 4.683862013217623410e-01 8.105287301202537820e-05 8.835238309416454383e-01 3.194000000000000172e-01
8.656661099487491517e-01 1.131671933817544710e-02 -5.004938740380556750e-01 -1.187412000000000051e-01 -1.071933128310546303e-02 9.999342665814137110e-01 4.069207924557876471e-03 -3.183800000000000085e-03 5.005070249487445500e-01 1.842384246354135304e-03 8.657305144196117963e-01 3.501122999999999874e-01
8.303394582844828564e-01 1.002852146383447808e-02 -5.571676702511380030e-01 -1.383018000000000025e-01 -9.247488728938988919e-03 9.999483500616298537e-01 4.216771422830173886e-03 -2.887499999999999876e-03 5.571811805580296761e-01 1.651050051834301001e-03 8.303893099418409030e-01 3.802117999999999887e-01
8.126199854613679330e-01 1.170512565795219992e-02 -5.826763675163922906e-01 -1.607567000000000024e-01 -1.134058462721406618e-02 9.999265716429674988e-01 4.271119601990993817e-03 -2.576199999999999844e-03 5.826835765396852773e-01 3.137093507223645984e-03 8.126930590790398812e-01 4.117757000000000223e-01
7.908097602142080129e-01 1.128123673708746576e-02 -6.119580515424473122e-01 -1.828587999999999880e-01 -1.017081146815177785e-02 9.999342825664554457e-01 5.290098523402337119e-03 -2.686899999999999879e-03 6.119775140836679617e-01 2.040648423854400737e-03 7.908725295583253212e-01 4.416833000000000009e-01
7.787530665630326698e-01 1.209369396317885349e-02 -6.272140016652989480e-01 -2.068130999999999997e-01 -1.177006516806229121e-02 9.999198425299705706e-01 4.666270542783599456e-03 -2.107400000000000159e-03 6.272201582256522467e-01 3.748477179316223387e-03 7.788329872535086906e-01 4.718544000000000072e-01
7.564701949532798286e-01 1.187291995697739924e-02 -6.539203911173300243e-01 -2.308555999999999941e-01 -1.117289876095448053e-02 9.999239034380392743e-01 5.230073279794849629e-03 -1.942600000000000056e-03 6.539327262651900563e-01 3.349791774091336570e-03 7.565452851048943828e-01 5.002725999999999562e-01
7.093939263628175063e-01 1.152659926466944110e-02 -7.047179540418544441e-01 -2.579654000000000114e-01 -1.183547025838920658e-02 9.999200962939490678e-01 4.441021421082005927e-03 -1.192300000000000087e-03 7.047128343398525452e-01 5.190234762652514225e-03 7.094736658818284747e-01 5.275073000000000123e-01
6.016297705719424460e-01 1.085849450654800298e-02 -7.987012659678229820e-01 -3.176312000000000024e-01 -1.118819072278928912e-02 9.999240627477751220e-01 5.166539106013218544e-03 7.994000000000000238e-04 7.986967156248374611e-01 5.827678357179557830e-03 6.017055713678101103e-01 5.780032999999999976e-01
5.004623068905728056e-01 1.211748270963659488e-02 -8.656735215972287678e-01 -3.481339999999999990e-01 -1.214466746444886613e-02 9.999019212030991755e-01 6.975315514667501486e-03 1.121100000000000091e-03 8.656731406448648913e-01 7.022434558816637203e-03 5.005603849476334410e-01 5.959503000000000439e-01
4.821757623893985767e-01 1.266225132769884139e-02 -8.759829915903142306e-01 -3.776182000000000150e-01 -1.410167678256598646e-02 9.998781790436688244e-01 6.691022660028285093e-03 1.768100000000000097e-03 8.759610019151095051e-01 9.126580062167948329e-03 4.822955822524673808e-01 6.122997000000000023e-01
4.490634543493134956e-01 1.326656512717222861e-02 -8.934013724063718520e-01 -4.066883000000000026e-01 -1.549731159201291411e-02 9.998550005395606677e-01 7.057707096158201063e-03 1.931500000000000057e-03 8.933654612202568401e-01 1.067596111652704786e-02 4.492039364842613791e-01 6.269892000000000243e-01
4.387967859714069774e-01 1.360057749167393852e-02 -8.984833915621681655e-01 -4.358325000000000116e-01 -1.617910455528779809e-02 9.998429448154525501e-01 7.233414031627881380e-03 2.240499999999999870e-03 8.984406586953601614e-01 1.136265790459510885e-02 4.389479158264575354e-01 6.414193999999999729e-01
4.049140162842134183e-01 1.328291511323221805e-02 -9.142582805655535827e-01 -4.652647999999999784e-01 -1.679573547047828047e-02 9.998338209293360368e-01 7.087580394607969139e-03 2.702400000000000201e-03 9.142004937028821443e-01 1.248577958875538886e-02 4.050698243778071417e-01 6.544600000000000417e-01
3.738345879166948826e-01 1.237682270451720412e-02 -9.274128072961339564e-01 -4.960484000000000004e-01 -1.552733639513104863e-02 9.998543444053826779e-01 7.084617008346956457e-03 3.556300000000000086e-03 9.273654094808730930e-01 1.175177575617692219e-02 3.739723159071393077e-01 6.668226000000000431e-01
3.161932228275856072e-01 1.291099868669235567e-02 -9.486069533536094500e-01 -5.262963999999999976e-01 -1.592759763114421495e-02 9.998387041076545190e-01 8.299241051220629037e-03 3.609799999999999814e-03 9.485610984388961331e-01 1.248486608811342873e-02 3.163478633516538796e-01 6.769960999999999895e-01
2.798119643453413907e-01 1.260396468951147098e-02 -9.599720853667084164e-01 -5.576408999999999949e-01 -1.457802463587883415e-02 9.998543169324545232e-01 8.878406909484713380e-03 3.913100000000000085e-03 9.599441368157404231e-01 1.151021223263168532e-02 2.799549413877930881e-01 6.866649000000000225e-01
2.638450692625521898e-01 1.303586819620113080e-02 -9.644769803194942481e-01 -5.891026000000000318e-01 -1.613377841526097978e-02 9.998284301879796221e-01 9.100075927573263862e-03 4.161899999999999628e-03 9.644301325756500232e-01 1.315964772368969499e-02 2.640101192225443594e-01 6.950102000000000224e-01
2.629699724729767096e-01 1.410736271396719789e-02 -9.647008737918807419e-01 -6.052022000000000235e-01 -1.701817388167065070e-02 9.998053548368079912e-01 9.981693111769329718e-03 4.228100000000000261e-03 9.646539147980972562e-01 1.379256165115416016e-02 2.631588681914481809e-01 6.995282999999999918e-01
2.475446685203322728e-01 1.313290821399378666e-02 -9.687874709186744537e-01 -6.370177000000000200e-01 -1.664001204378632789e-02 9.998182776287544149e-01 9.301705147645153438e-03 4.807299999999999594e-03 9.687335790021637250e-01 1.381804766650835542e-02 2.477182158670303558e-01 7.078923999999999772e-01
2.141801273991868482e-01 1.300622550636740954e-02 -9.767075873184077883e-01 -6.696035000000000181e-01 -1.592114521456302126e-02 9.998250000255994863e-01 9.822752102480644329e-03 5.579299999999999711e-03 9.766644204445683597e-01 1.344646503314193310e-02 2.143497198873550724e-01 7.153262999999999705e-01
1.978734524720344723e-01 1.346195624981959965e-02 -9.801351297350407998e-01 -7.025394000000000361e-01 -1.798842346915398294e-02 9.997871776241638031e-01 1.010030095606593084e-02 5.728699999999999765e-03 9.800625048576706577e-01 1.563250434948473822e-02 1.980734999435094235e-01 7.217504999999999615e-01
1.823401356698855225e-01 1.392513899313633369e-02 -9.831369006541812450e-01 -7.351967000000000363e-01 -1.870308666666440495e-02 9.997679121713385353e-01 1.069188204676679854e-02 6.197000000000000251e-03 9.830576124892309586e-01 1.643813543515711476e-02 1.825582598251540567e-01 7.278552999999999829e-01
1.808747588910706583e-01 1.379450254999705847e-02 -9.834093925194610231e-01 -7.655480000000000063e-01 -1.829776165440441180e-02 9.997757675216502049e-01 1.065863945041440643e-02 6.604099999999999901e-03 9.833359108232221368e-01 1.606631183232316504e-02 1.810866094154145456e-01 7.333764999999999867e-01
1.670415121180107154e-01 1.339034620869038704e-02 -9.858589310128197392e-01 -7.966824000000000128e-01 -1.962125013219724601e-02 9.997548957394627456e-01 1.025451062828091828e-02 6.810300000000000034e-03 9.857546042360533223e-01 1.763085571908487234e-02 1.672633048640214115e-01 7.384058000000000010e-01
1.559294590151702187e-01 1.247645592397682995e-02 -9.876893954370541406e-01 -8.316402000000000516e-01 -1.849192509884477892e-02 9.997818601385234372e-01 9.709832341122000277e-03 7.342200000000000115e-03 9.875950853043847788e-01 1.675022941726612979e-02 1.561261582730257835e-01 7.441583000000000503e-01
1.481628390778228499e-01 1.290232786576571422e-02 -9.888788111048002483e-01 -8.704612999999999934e-01 -2.010812439648570343e-02 9.997474857571452267e-01 1.003135362362312863e-02 7.640700000000000269e-03 9.887585329339284579e-01 1.839822431407460782e-02 1.483848674644229204e-01 7.496787000000000312e-01
1.474604213715500212e-01 1.253517091007503963e-02 -9.889885204688576570e-01 -9.134961999999999804e-01 -2.062025007283727063e-02 9.997413186146041353e-01 9.596933972166765692e-03 7.986200000000000590e-03 9.888529867557961373e-01 1.897802268382253396e-02 1.476807544643300441e-01 7.562212999999999852e-01
1.486011048462755890e-01 1.349637385891742231e-02 -9.888051170635829834e-01 -9.609119000000000410e-01 -2.167010037553857710e-02 9.997112004360845239e-01 1.038857412530690486e-02 8.517200000000000812e-03 9.886597586572338781e-01 1.988375254581598375e-02 1.488506566882271676e-01 7.626863999999999866e-01
1.501620637261242286e-01 1.390750059774373791e-02 -9.885635720805393545e-01 -1.011287700000000012e+00 -2.269695205338358168e-02 9.996860217076539712e-01 1.061632562662469942e-02 9.074499999999999234e-03 9.884008311333000174e-01 2.084321063195109652e-02 1.504305739720297463e-01 7.702103999999999617e-01
1.520179196637665986e-01 1.537031681562274488e-02 -9.882582180088803625e-01 -1.064845899999999901e+00 -2.465062956838134922e-02 9.996270104335117646e-01 1.175527429039304253e-02 9.051500000000000518e-03 9.880702902946645327e-01 2.257417490734306073e-02 1.523401065519833786e-01 7.778897000000000173e-01
1.546781014679786681e-01 1.628940765860978010e-02 -9.878306231963015493e-01 -1.116760299999999928e+00 -2.651631508248192617e-02 9.995723241787712876e-01 1.233100848656969520e-02 9.511300000000000310e-03 9.876090167473706716e-01 2.428629107090947772e-02 1.550438844498899238e-01 7.849677000000000460e-01
1.563587535455209510e-01 1.706506608591033813e-02 -9.875528966638569273e-01 -1.169138800000000034e+00 -2.646747108240214696e-02 9.995640715897569084e-01 1.308203965020795362e-02 9.750399999999999345e-03 9.873456401707525476e-01 2.409253632125351458e-02 1.567422614658083857e-01 7.926771000000000233e-01
1.579397370056573879e-01 1.915124649252981232e-02 -9.872630192772167135e-01 -1.222860199999999953e+00 -2.746690230802015242e-02 9.995102436028919790e-01 1.499473942718593938e-02 9.662000000000000449e-03 9.870666688487588214e-01 2.474879170121022098e-02 1.583884104255884884e-01 8.011045999999999445e-01
1.590776130842898872e-01 2.016201749853422515e-02 -9.870601836087777858e-01 -1.279029799999999994e+00 -2.783171290023023214e-02 9.994856770876648921e-01 1.593038146597176158e-02 1.018690000000000047e-02 9.868737045703692701e-01 2.493740858631903617e-02 1.595569393055497054e-01 8.102148000000000128e-01
1.610364856247889220e-01 2.242995915174096980e-02 -9.866935427122589530e-01 -1.357134800000000086e+00 -2.927223077745369842e-02 9.994104443702885865e-01 1.794157710162746361e-02 1.114509999999999980e-02 9.865142608208603558e-01 2.599347256588434296e-02 1.615981205987184754e-01 8.229741999999999891e-01
1.627545725874150473e-01 2.192179715596388745e-02 -9.864230248282631619e-01 -1.405565699999999918e+00 -2.885028027079897250e-02 9.994314047487760089e-01 1.745074583462670470e-02 1.209879999999999983e-02 9.862447010910547762e-01 2.561839205221841387e-02 1.632944811023160359e-01 8.306649999999999867e-01
1.637146273931726903e-01 2.390357302075929793e-02 -9.862180995978305775e-01 -1.480575200000000091e+00 -2.624959884686889691e-02 9.994579839756556616e-01 1.986697832325066276e-02 1.331599999999999971e-02 9.861584453514017357e-01 2.263531453634521490e-02 1.642533506445078562e-01 8.432416999999999829e-01
1.645721576595937929e-01 2.591751045832374131e-02 -9.860244862958064127e-01 -1.504037899999999928e+00 -2.634133966127096341e-02 9.994136820757162365e-01 2.187294915434732923e-02 1.314799999999999996e-02 9.860132548541707953e-01 2.237352747113851431e-02 1.651583679998771537e-01 8.468466000000000049e-01
1.568735426537671562e-01 2.751866225632976920e-02 -9.872352378450025556e-01 -1.571044899999999966e+00 -2.551752692791897648e-02 9.993909578619976086e-01 2.380271335713607730e-02 1.448310000000000049e-02 9.872889888146932913e-01 2.145778579679426604e-02 1.574802082610995413e-01 8.576863000000000126e-01
1.463162309097430780e-01 2.656514010291982641e-02 -9.888811121179730268e-01 -1.612654199999999927e+00 -2.507866465586001264e-02 9.994176883603148598e-01 2.313751870022935295e-02 1.560980000000000006e-02 9.889199265620274293e-01 2.141442326649929326e-02 1.468972475055865257e-01 8.643826000000000009e-01
1.457889639890894984e-01 2.693184669212269483e-02 -9.889490652266879067e-01 -1.652667300000000061e+00 -2.434733817566813591e-02 9.994242995143861608e-01 2.362787895555039375e-02 1.635520000000000029e-02 9.890160691832805551e-01 2.063359333539575846e-02 1.463607519908322052e-01 8.709297999999999762e-01
1.440732485066643642e-01 2.633190373953818789e-02 -9.892166243599975761e-01 -1.691466200000000031e+00 -2.427266652871955602e-02 9.994391755467971761e-01 2.306885436956155819e-02 1.747860000000000039e-02 9.892692943401824035e-01 2.068732045940597022e-02 1.446315942243856512e-01 8.770970999999999629e-01
1.447794550944347391e-01 2.659749378416613463e-02 -9.891064061601057000e-01 -1.732568300000000061e+00 -2.534397045418785438e-02 9.994103620649467112e-01 2.316487338254893946e-02 1.859099999999999989e-02 9.891393190770326749e-01 2.171408578811263868e-02 1.453681737321160794e-01 8.830109999999999904e-01
1.445316679764623025e-01 2.732550928757447942e-02 -9.891228000072167514e-01 -1.773350200000000099e+00 -2.496978934835520150e-02 9.994010144126858064e-01 2.396084328218256107e-02 1.952560000000000059e-02 9.891850719515740131e-01 2.123508731013900794e-02 1.451274078011811630e-01 8.897243000000000235e-01
1.441511909234967637e-01 2.585412504464720818e-02 -9.892178720451390017e-01 -1.815933000000000019e+00 -2.380097303767534506e-02 9.994600210095166970e-01 2.265347845511254607e-02 2.079349999999999948e-02 9.892694010418987549e-01 2.027882200306868957e-02 1.446887056420452788e-01 8.964710000000000178e-01
1.437531437441268711e-01 2.506622267284317265e-02 -9.892960720353618509e-01 -1.861098600000000047e+00 -2.353847383349007630e-02 9.994829440369044082e-01 2.190399116399227575e-02 2.224740000000000051e-02 9.893336009219895200e-01 2.013775211481141220e-02 1.442688359504293860e-01 9.031223999999999918e-01
1.437732869772450073e-01 2.424723731383767941e-02 -9.893135566818059834e-01 -1.928546899999999953e+00 -2.330007897654248414e-02 9.995055954472857884e-01 2.111092108965148886e-02 2.463469999999999896e-02 9.893363170688950214e-01 2.001589748707378533e-02 1.442671673539801525e-01 9.138142000000000209e-01
1.424997266126631912e-01 2.493256981952658019e-02 -9.894807703424614020e-01 -1.951588300000000054e+00 -2.299941055920746297e-02 9.994961795232286672e-01 2.187268233205073506e-02 2.489080000000000112e-02 9.895275918483755762e-01 1.964062322494427790e-02 1.430013667420367840e-01 9.178357000000000321e-01
1.427244084786991329e-01 2.386800742050299712e-02 -9.894746391121806983e-01 -2.000123700000000060e+00 -2.232018403461086264e-02 9.995325763727279655e-01 2.089110227723545848e-02 2.591359999999999844e-02 9.895107642714486840e-01 1.910358582757760298e-02 1.431904340361528361e-01 9.248511000000000370e-01
1.421565933147381777e-01 2.432131786821600458e-02 -9.895453382611134607e-01 -2.025921299999999814e+00 -2.199200807158470036e-02 9.995289273366921856e-01 2.140735850451373073e-02 2.644929999999999851e-02 9.895998456740622284e-01 1.871889190936845693e-02 1.426245018485879923e-01 9.287069000000000019e-01
1.419104201332608006e-01 2.556266483090842770e-02 -9.895493837218755084e-01 -2.077880400000000183e+00 -2.172065665256266501e-02 9.995062275779369454e-01 2.270493575200872166e-02 2.764329999999999912e-02 9.896411701885600154e-01 1.827159543291159705e-02 1.423955865473123250e-01 9.364287000000000027e-01
1.416283070050957937e-01 2.530216251639857625e-02 -9.895964951569221624e-01 -2.103611200000000014e+00 -2.142439211676102837e-02 9.995174896981419144e-01 2.248962449557364435e-02 2.874410000000000159e-02 9.896880407872460372e-01 1.801633590712587579e-02 1.421020533390844331e-01 9.404004999999999725e-01
1.417298418264962001e-01 2.603082431216149906e-02 -9.895630591940390852e-01 -2.152238099999999932e+00 -2.129041900261094411e-02 9.995031173371233812e-01 2.324298801931173539e-02 3.000039999999999998e-02 9.896763966037228633e-01 1.777398714419440098e-02 1.422136258818696986e-01 9.478908999999999807e-01
1.403964980906108051e-01 2.541600371571827235e-02 -9.897690892723494116e-01 -2.176179900000000167e+00 -2.106904910590454497e-02 9.995207910460338629e-01 2.267781815968518064e-02 3.031949999999999923e-02 9.898711625730221009e-01 1.766960729143008182e-02 1.408647098619826288e-01 9.516974999999999740e-01
1.397313608693262765e-01 2.422667600587364439e-02 -9.898930320793821735e-01 -2.226521700000000159e+00 -2.060129993527629044e-02 9.995553829176397898e-01 2.155511357769433756e-02 3.208509999999999834e-02 9.899751174805269116e-01 1.738115790380329734e-02 1.401683349381741550e-01 9.593559999999999865e-01
1.396317736705616208e-01 2.384031610437567505e-02 -9.899164647128850802e-01 -2.253092300000000048e+00 -2.048539064757304295e-02 9.995657171135913233e-01 2.118315229630210461e-02 3.272069999999999840e-02 9.899915739801170567e-01 1.732098436104161088e-02 1.400595121694173661e-01 9.631615000000000038e-01
1.399026449555482721e-01 2.387433975263000135e-02 -9.898773993964190554e-01 -2.279675699999999861e+00 -2.030200970719236303e-02 9.995682794188742726e-01 2.123871892182593868e-02 3.337899999999999895e-02 9.899571093417586232e-01 1.712514761884553760e-02 1.403269431817777413e-01 9.671573999999999449e-01
1.391458081424644666e-01 2.513767976563685211e-02 -9.899527974264129560e-01 -2.305912699999999926e+00 -1.928832516060833766e-02 9.995569079781889688e-01 2.267042623288978431e-02 3.400380000000000069e-02 9.900840391546966712e-01 1.594003667130491908e-02 1.395690174861109467e-01 9.709029999999999605e-01
1.394661444721049248e-01 2.487699554215098974e-02 -9.899143041894493678e-01 -2.331438100000000180e+00 -1.855465920770558302e-02 9.995745196706750102e-01 2.250564922025703046e-02 3.446790000000000270e-02 9.900529880606248057e-01 1.522874643347735431e-02 1.398683885454214959e-01 9.748257000000000172e-01
1.376389174856981756e-01 2.553604806541180314e-02 -9.901532399798358419e-01 -2.381014099999999800e+00 -1.584768265753803626e-02 9.995964151139505871e-01 2.357663771033882000e-02 3.574639999999999762e-02 9.903556832510991281e-01 1.244657143713000930e-02 1.379880556849369944e-01 9.830037000000000358e-01
1.370895464921044471e-01 2.594540516098869237e-02 -9.902188102604502218e-01 -2.403914700000000071e+00 -1.469194861250899126e-02 9.996002081043314780e-01 2.415720604177331796e-02 3.614040000000000308e-02 9.904496973034807583e-01 1.123654345470329399e-02 1.374159277617920116e-01 9.865281000000000189e-01
1.365287417480892385e-01 2.605991628808096081e-02 -9.902932815281249024e-01 -2.426812899999999829e+00 -1.468167841069719162e-02 9.995973684130755599e-01 2.428063797965422654e-02 3.664350000000000246e-02 9.905273095658335691e-01 1.122416253946688369e-02 1.368563742744897116e-01 9.900387000000000493e-01
1.343548191451812701e-01 2.470319331079317421e-02 -9.906253251420109596e-01 -2.472669400000000017e+00 -1.393448703307188785e-02 9.996374735305174619e-01 2.303804645904480863e-02 3.848599999999999938e-02 9.908353105554881246e-01 1.070858318236073137e-02 1.346503382938033511e-01 9.977462000000000275e-01
1.331143212503008433e-01 2.369569103800597126e-02 -9.908173856489921327e-01 -2.517367800000000155e+00 -1.231498684875586593e-02 9.996765187531903019e-01 2.225306613519341739e-02 4.021570000000000006e-02 9.910241765855094531e-01 9.239701279461668554e-03 1.333630733871997709e-01 1.004636400000000096e+00
1.322569863892791298e-01 2.356512120749262168e-02 -9.909353029404607272e-01 -2.557950299999999899e+00 -1.159941126617886065e-02 9.996857004555358417e-01 2.222507509554381630e-02 4.130869999999999681e-02 9.911475890146251855e-01 8.554844662569893732e-03 1.324887596111278265e-01 1.010495399999999933e+00
1.315024250792851401e-01 2.383897487221504907e-02 -9.910291698407817096e-01 -2.595464900000000075e+00 -1.024500106913114883e-02 9.996901021493763695e-01 2.268787380216345101e-02 4.224399999999999683e-02 9.912629076846165566e-01 7.169584479681684677e-03 1.317059030834540900e-01 1.016130399999999989e+00
1.301169633995474806e-01 2.351453481373808052e-02 -9.912197750691692510e-01 -2.630656500000000175e+00 -9.817316658041627675e-03 9.997002800275911483e-01 2.242700172540955730e-02 4.284700000000000314e-02 9.914500472183743751e-01 6.812985046900122375e-03 1.303088143812004551e-01 1.021542699999999915e+00
1.211703682002047422e-01 2.342414034693590663e-02 -9.923553050794023944e-01 -2.663078300000000009e+00 -7.817282552337585441e-03 9.997130444311478348e-01 2.264329674987534957e-02 4.354399999999999937e-02 9.926009429593162237e-01 5.013825207667958750e-03 1.213187108119074820e-01 1.025931499999999996e+00
1.139719127779923874e-01 2.231152284007269573e-02 -9.932334061268188741e-01 -2.695535399999999804e+00 -7.116902989794859392e-03 9.997404738302231308e-01 2.164104150808364435e-02 4.450219999999999870e-02 9.934584806571229443e-01 4.602274902443871316e-03 1.141011230276143262e-01 1.029852599999999896e+00
1.126300016181678854e-01 2.332733015028005258e-02 -9.933631352146863325e-01 -2.726521700000000159e+00 -6.534260035263783281e-03 9.997201555739065881e-01 2.273574245709803973e-02 4.506650000000000239e-02 9.936155122487182467e-01 3.930166325204462879e-03 1.127509095811345396e-01 1.033774399999999982e+00
9.858187110402211184e-02 2.356538086313995223e-02 -9.948498818989752746e-01 -2.755893200000000043e+00 -5.968851099735083751e-03 9.997155910760651132e-01 2.308917010165151967e-02 4.520230000000000081e-02 9.951110428018468124e-01 3.661937220784167515e-03 9.869449178962252933e-02 1.037436100000000083e+00
8.931047840613887123e-02 2.296690478717570982e-02 -9.957390018129064213e-01 -2.785114500000000159e+00 -5.405729481264935632e-03 9.997305573766767095e-01 2.257411650750802690e-02 4.605370000000000297e-02 9.959891648685952337e-01 3.366590532863891067e-03 8.941056723084828128e-02 1.040818900000000102e+00
5.673002035426143175e-02 2.219886861325293809e-02 -9.981427327907050895e-01 -2.812878399999999779e+00 -4.592281396919629249e-03 9.997480049418248083e-01 2.197356517301271572e-02 4.686019999999999769e-02 9.983789940409286690e-01 3.337191503744570131e-03 5.681766812084731999e-02 1.042848199999999892e+00
2.467103204818386908e-02 2.252630498571843443e-02 -9.994417970854371225e-01 -2.841162000000000187e+00 -2.125173879645968211e-03 9.997450188292771323e-01 2.248067975016630748e-02 4.751409999999999662e-02 9.996933648942855077e-01 1.569366030811083709e-03 2.471261371450983457e-02 1.044359700000000002e+00
8.909650312327656654e-03 2.174850975777146631e-02 -9.997237720763811897e-01 -2.870524399999999865e+00 -2.879301646324484293e-03 9.997598678347168200e-01 2.172363434462765835e-02 4.841639999999999833e-02 9.999561629158257858e-01 2.684956317285743313e-03 8.970131338656872622e-03 1.045338300000000054e+00
-6.138810860780769332e-03 2.215431895005095728e-02 -9.997357156534295575e-01 -2.900250199999999889e+00 -2.099515374028974174e-03 9.997520646312519910e-01 2.216757318118642295e-02 4.917969999999999980e-02 9.999789532967230388e-01 2.235043043982054903e-03 -6.090775499209555299e-03 1.046241800000000000e+00
-1.585668313307373942e-02 2.193852495137268641e-02 -9.996335662246317311e-01 -2.928412900000000096e+00 -1.771074407943679790e-03 9.997570764282395217e-01 2.196932923647863106e-02 5.012409999999999782e-02 9.998727063458922037e-01 2.118786118810934288e-03 -1.581397641088133632e-02 1.046600699999999939e+00
-4.745297396936195428e-02 2.170012688567121706e-02 -9.986377319902391969e-01 -2.955658899999999978e+00 -2.981626682172448112e-04 9.997636407608102571e-01 2.173876058363868879e-02 5.089679999999999899e-02 9.988734285986821115e-01 1.329325330854225218e-03 -4.743528785280437532e-02 1.045312000000000019e+00
-7.827810617362662704e-02 2.153812220431718105e-02 -9.966988749796912295e-01 -2.982584000000000124e+00 2.296050630085444758e-03 9.997678407725049121e-01 2.142411511795654089e-02 5.163940000000000197e-02 9.969289173483606437e-01 -6.114319220231704405e-04 -7.830938580802560001e-02 1.043760400000000033e+00
-9.394829065639949406e-02 2.187781134304204664e-02 -9.953366666880000269e-01 -3.009828800000000193e+00 1.743069779032640348e-03 9.997606026941041613e-01 2.181052517631962631e-02 5.218180000000000041e-02 9.955755523266357487e-01 3.141202949666598021e-04 -9.396393424050630827e-02 1.042071100000000028e+00
-1.219810365128199542e-01 2.158547866146481170e-02 -9.922976840858860337e-01 -3.035890600000000106e+00 4.544126465904260379e-03 9.997651542617330689e-01 2.118931897619595606e-02 5.313029999999999836e-02 9.925220287962980281e-01 -1.924431076593026077e-03 -1.220504769311102633e-01 1.039787100000000075e+00
-2.499848317971761491e-01 2.249054534141978895e-02 -9.679885119367805935e-01 -3.072566699999999873e+00 1.032261449483293236e-02 9.997352821668749057e-01 2.056232527488222744e-02 5.346959999999999907e-02 9.681947260243304321e-01 -4.851902818950114271e-03 -2.501508175835267522e-01 1.032329300000000005e+00
-3.882579366232779550e-01 2.435920926224510036e-02 -9.212287466059410068e-01 -3.095032699999999970e+00 1.435442095278443610e-02 9.996891712045422596e-01 2.038410104678846022e-02 5.359339999999999937e-02 9.214389427673139732e-01 -5.309416210241179462e-03 -3.884869172203376797e-01 1.023296800000000006e+00
-5.200012032489153002e-01 2.510265601741115682e-02 -8.537965830808597056e-01 -3.114728899999999800e+00 1.702024076402428726e-02 9.996741172663730080e-01 1.902552685295723703e-02 5.377509999999999929e-02 8.539959367725437067e-01 -4.638526551555186526e-03 -5.202589970845440392e-01 1.011331100000000038e+00
-5.414812457316897643e-01 2.338034525276391773e-02 -8.403876605333502336e-01 -3.133684600000000042e+00 1.582638906552179953e-02 9.997195652874567573e-01 1.761579378299683515e-02 5.433679999999999760e-02 8.405638500018917103e-01 -3.761680119294770995e-03 -5.416994220346519340e-01 9.996625000000000094e-01
-5.518369905179488777e-01 2.299534025195303782e-02 -8.336349022340601156e-01 -3.160619500000000137e+00 1.573898278763016106e-02 9.997289019240054309e-01 1.715829474723480630e-02 5.499160000000000159e-02 8.338034662418385423e-01 -3.651983641695642074e-03 -5.520493118359780516e-01 9.823058000000000067e-01
-5.573138472751788530e-01 2.321896983975748133e-02 -8.299772015392465896e-01 -3.177762299999999929e+00 1.608486262489909266e-02 9.997232471780416185e-01 1.716701040164941849e-02 5.530380000000000018e-02 8.301461033033141756e-01 -3.782656655400720366e-03 -5.575330830353931733e-01 9.712496000000000462e-01
-5.657871505717930738e-01 2.351411680144646632e-02 -8.242159829552558881e-01 -3.193774700000000077e+00 1.636932861876272405e-02 9.997166109474382445e-01 1.728417994407489486e-02 5.563359999999999833e-02 8.243888313947621560e-01 -3.712695357302849865e-03 -5.660117229923438131e-01 9.601925999999999517e-01
-5.738581473730776095e-01 2.299432604831513557e-02 -8.186318389014214381e-01 -3.209404500000000215e+00 1.606497083872293966e-02 9.997294716551904381e-01 1.681963780777803383e-02 5.606610000000000066e-02 8.187971320208015102e-01 -3.499210427743793504e-03 -5.740723056557355264e-01 9.496141999999999639e-01
-5.814558540205434500e-01 2.326481106977785693e-02 -8.132452510719799799e-01 -3.224191199999999924e+00 1.639942236282106516e-02 9.997231225265234000e-01 1.687415870447624838e-02 5.627490000000000270e-02 8.134126558957673891e-01 -3.525173996498437087e-03 -5.816763914556685178e-01 9.390627999999999753e-01
-5.894370694184475346e-01 2.325032119192701682e-02 -8.074796367462557800e-01 -3.238138699999999925e+00 1.666473060328848080e-02 9.997229771878485272e-01 1.662093970220353614e-02 5.664229999999999959e-02 8.076423886531172158e-01 -3.659432624970020836e-03 -5.896612422429943212e-01 9.293521000000000143e-01
-6.139817004834154934e-01 2.290267730110994576e-02 -7.889879205944376750e-01 -3.265609299999999937e+00 1.671502159931110426e-02 9.997320649200364118e-01 1.601269570230592215e-02 5.721810000000000090e-02 7.891432566552336603e-01 -3.356447997706310180e-03 -6.142000119931703139e-01 9.081331999999999738e-01
-6.219241949994009921e-01 2.271501554852578889e-02 -7.827479311649292448e-01 -3.280409600000000037e+00 1.713661901592164818e-02 9.997346121188988022e-01 1.539615601954546012e-02 5.757639999999999980e-02 7.828899232734125579e-01 -3.838411143333260965e-03 -6.221484024224803733e-01 8.964471000000000522e-01
-6.387500485082588941e-01 2.303847679385500127e-02 -7.690693103470690462e-01 -3.294319400000000009e+00 1.825877930117799156e-02 9.997239985816046559e-01 1.478322151760599890e-02 5.803500000000000325e-02 7.691976290324405996e-01 -4.599483343457127886e-03 -6.389944070520847674e-01 8.849622999999999795e-01
-6.844511184459860509e-01 2.404484894470015899e-02 -7.286621382350435550e-01 -3.308049899999999877e+00 2.027247807414752495e-02 9.996972196056820303e-01 1.394617314541380867e-02 5.821819999999999773e-02 7.287768472521423124e-01 -5.226313413411520954e-03 -6.847313287394792836e-01 8.716983999999999844e-01
-7.362960463546142087e-01 2.370407025919625543e-02 -6.762442230257574849e-01 -3.321381999999999834e+00 2.028345381099137812e-02 9.997102976674782093e-01 1.295770963941935902e-02 5.824370000000000241e-02 6.763554639566835558e-01 -4.175858085377155172e-03 -7.365635400867936999e-01 8.567076000000000136e-01
-7.551603143163277965e-01 2.416196399843633172e-02 -6.550947253469553422e-01 -3.335751300000000086e+00 2.103514768542806210e-02 9.996990358553238254e-01 1.262379783535842043e-02 5.848629999999999801e-02 6.552025810720808474e-01 -4.247023154403094421e-03 -7.554412886193133669e-01 8.401414000000000382e-01
-7.666914862790017438e-01 2.430771927563781659e-02 -6.415553753581313412e-01 -3.350524399999999847e+00 2.133499917053451739e-02 9.996957206637727689e-01 1.238078741168540525e-02 5.869970000000000049e-02 6.416611120191788586e-01 -4.195339099148255764e-03 -7.669768030730489405e-01 8.224662000000000361e-01
-7.743397734999833970e-01 2.514295945934593227e-02 -6.322703114694054882e-01 -3.365426799999999830e+00 2.220117553953151676e-02 9.996745802637598821e-01 1.256349390648326889e-02 5.906299999999999745e-02 6.323804416493732372e-01 -4.308731147451860290e-03 -7.746459913116711116e-01 8.041673000000000293e-01
-7.776663786769063558e-01 2.504488004616645114e-02 -6.281781255814462561e-01 -3.380227800000000116e+00 2.190161873728650732e-02 9.996789197862611109e-01 1.274270111320906750e-02 5.941509999999999847e-02 6.282955694354630527e-01 -3.848547576316642752e-03 -7.779652088039155089e-01 7.863381999999999872e-01
-7.843478688181424463e-01 2.561432003043630917e-02 -6.197921645921452560e-01 -3.394003399999999893e+00 2.251448938429156943e-02 9.996642999127255402e-01 1.282128105007274491e-02 5.958850000000000258e-02 6.199125087044162763e-01 -3.897959643033956263e-03 -7.846612565065377298e-01 7.688736000000000459e-01
-7.990188828221570505e-01 2.609115776865302688e-02 -6.007396078001878692e-01 -3.407042699999999869e+00 2.332695065883723384e-02 9.996511052990590951e-01 1.239036106533893816e-02 5.985649999999999998e-02 6.008532917997475575e-01 -4.113290733773945600e-03 -7.993487365178900683e-01 7.522360999999999631e-01
-8.104078536343348738e-01 2.553875418132156225e-02 -5.853092198168896587e-01 -3.424295900000000170e+00 2.304797688187851593e-02 9.996658177562760539e-01 1.170656103765797297e-02 6.036149999999999849e-02 5.854125908531881972e-01 -4.003104363122291301e-03 -8.107256463354388654e-01 7.280041000000000428e-01
-8.159219913684603309e-01 2.558788544940533011e-02 -5.775955021635418296e-01 -3.435002799999999912e+00 2.342079380065593963e-02 9.996629437901106696e-01 1.120112631109708781e-02 6.055689999999999684e-02 5.776874331496860693e-01 -4.388499871038641954e-03 -8.162462683833896504e-01 7.126291000000000153e-01
-8.214482137438183784e-01 2.530182125206602989e-02 -5.697215547777867428e-01 -3.445300099999999865e+00 2.323092767864502056e-02 9.996706928252445667e-01 1.090091305739853203e-02 6.083419999999999800e-02 5.698097543358482397e-01 -4.280624676831270951e-03 -8.217654897329873531e-01 6.976411000000000140e-01
-8.264818659321814254e-01 2.518250348312194367e-02 -5.623998282392895787e-01 -3.455332499999999918e+00 2.320625850575902191e-02 9.996738722043255754e-01 1.065921189271153494e-02 6.104840000000000266e-02 5.624848396636338288e-01 -4.241550463260698213e-03 -8.267967189087315205e-01 6.828670000000000018e-01
-8.383334051203448212e-01 2.591674699543393412e-02 -5.445414805912426326e-01 -3.464694300000000116e+00 2.448795956397226137e-02 9.996513279431454846e-01 9.877366951729658895e-03 6.118479999999999752e-02 5.446076034134313959e-01 -5.054183087357251927e-03 -8.386757499401055194e-01 6.684354000000000129e-01
-8.696639014099963871e-01 2.643176640813812636e-02 -4.929361625087865795e-01 -3.473672200000000210e+00 2.607182062723028063e-02 9.996311515090225974e-01 7.604018801073636827e-03 6.142029999999999712e-02 4.929553313978101148e-01 -6.238802552667658055e-03 -8.700322514649575512e-01 6.514934000000000003e-01
-8.841935947815766639e-01 2.533364020482807219e-02 -4.664331609364898990e-01 -3.483800899999999867e+00 2.479559588140270096e-02 9.996659492896622368e-01 7.291656580258873595e-03 6.150590000000000224e-02 4.664620728120554283e-01 -5.118252120654640143e-03 -8.845263919878876280e-01 6.318491999999999997e-01
-9.050658229703463231e-01 2.611600053589779868e-02 -4.244688570519843385e-01 -3.493526899999999991e+00 2.572247694083227426e-02 9.996469482174648036e-01 6.658310561803257310e-03 6.170690000000000203e-02 4.244928860075717347e-01 -4.892181059410484131e-03 -9.054180560898064112e-01 6.109082000000000123e-01
-9.127315086535742195e-01 2.513737740731376499e-02 -4.077858572437889628e-01 -3.503011199999999992e+00 2.499493388773259619e-02 9.996714521750016402e-01 5.678114675785918275e-03 6.181910000000000183e-02 4.077946129988936907e-01 -5.009986367822785377e-03 -9.130599397880053703e-01 5.894285999999999692e-01
-9.235637924385692310e-01 2.649253950131044352e-02 -3.825285174300846469e-01 -3.512567999999999913e+00 2.658045713001023699e-02 9.996338906885193776e-01 5.056074138380228962e-03 6.195610000000000006e-02 3.825224184217792534e-01 -5.498175852463724721e-03 -9.239298509448908847e-01 5.664616999999999569e-01
-9.314207482330500998e-01 2.620478663912082992e-02 -3.629995852865186556e-01 -3.527995100000000050e+00 2.637625358209767443e-02 9.996420253951728840e-01 4.484898082382215816e-03 6.234039999999999720e-02 3.629871664507703377e-01 -5.397241984072092581e-03 -9.317785073562317999e-01 5.282672999999999952e-01
-9.427156357725064995e-01 2.594545688351641843e-02 -3.325869259864924210e-01 -3.537309599999999943e+00 2.618632526829647172e-02 9.996500127599179386e-01 3.758770814918019169e-03 6.223290000000000072e-02 3.325680478322924349e-01 -5.165777405356551145e-03 -9.430651135021465015e-01 5.019291999999999643e-01
-9.566166273215427340e-01 2.563933686473704454e-02 -2.902193183388960818e-01 -3.550381400000000021e+00 2.615043305596556622e-02 9.996557760386269864e-01 2.117612711505564155e-03 6.266309999999999936e-02 2.901737120811297976e-01 -5.563617325715581978e-03 -9.569578167188514950e-01 4.609219999999999984e-01
-9.690820396089411259e-01 2.587418493939703037e-02 -2.453783345389247694e-01 -3.562432999999999961e+00 2.656685968543899892e-02 9.996469199002472328e-01 4.873401307109114476e-04 6.316120000000000068e-02 2.453043058607589644e-01 -6.046659215689706782e-03 -9.694272718664873612e-01 4.160735999999999879e-01
-9.732981705129417627e-01 2.515088217141602314e-02 -2.281624517797802842e-01 -3.569869499999999807e+00 2.574507866700447359e-02 9.996684712664049011e-01 3.721294381762150529e-04 6.293300000000000283e-02 2.280961687547398697e-01 -5.511867368556138888e-03 -9.736230056431088853e-01 3.855414999999999814e-01
-9.785873037725287826e-01 2.573555132112285981e-02 -2.042169686715820387e-01 -3.580030400000000057e+00 2.619178781691514080e-02 9.996568262820562101e-01 4.689548384664899740e-04 6.290959999999999608e-02 2.041589555864884720e-01 -4.889894261093680194e-03 -9.789255384287147699e-01 3.402622000000000146e-01
