9.999999998278399360e-01 2.399979759790505622e-06 1.840000263839386063e-05 2.349999999999999862e-05 -2.400020239790501691e-06 9.999999999947000173e-01 2.199977919807964140e-06 6.100000000000000042e-06 -1.839999735839385842e-05 -2.200022079807960006e-06 9.999999998283000124e-01 5.709999999999999879e-05
9.998428365124031325e-01 5.821783976921241464e-03 -1.674542045330416201e-02 -1.608019999999999936e-02 -5.868144884624147857e-03 9.999790809245794332e-01 -2.720769899582994086e-03 1.191999999999999917e-03 1.672923041998446853e-02 2.818606847270564448e-03 9.998560837965609904e-01 3.273550000000000071e-02
9.997313282097642917e-01 5.893811065114035359e-03 -2.241727876146865431e-02 -1.711259999999999865e-02 -5.936189950698874361e-03 9.999807164559035844e-01 -1.824380773614282889e-03 5.957000000000000055e-04 2.240609392129462238e-02 1.956963838871609695e-03 9.997470366286281829e-01 4.090719999999999773e-02
9.992465650581067171e-01 5.203032844109894625e-03 -3.846076791742528839e-02 -1.787570000000000131e-02 -5.270989983749935909e-03 9.999847208858637648e-01 -1.665730894352941997e-03 5.837999999999999873e-04 3.845151341840973708e-02 1.867202196953424804e-03 9.992587225897953118e-01 4.864689999999999986e-02
9.975936973254431184e-01 6.242900707475226851e-03 -6.904955645989983848e-02 -2.019639999999999977e-02 -6.408273037944899747e-03 9.999771042073830607e-01 -2.173728982115456006e-03 9.166000000000000536e-04 6.903440514137453021e-02 2.610986743196059851e-03 9.976108628393154376e-01 7.786289999999999878e-02
9.964158225990159545e-01 7.130213785532480905e-03 -8.428919578272718593e-02 -2.126969999999999902e-02 -7.281249050619175572e-03 9.999723893221093007e-01 -1.484589402741654830e-03 6.666000000000000484e-04 8.427628306106747791e-02 2.092998997725043636e-03 9.964402277450495893e-01 9.142999999999999738e-02
9.920267642945644893e-01 7.087600191256381715e-03 -1.258279175969524710e-01 -2.293169999999999931e-02 -7.259313819897205561e-03 9.999732402399269526e-01 -9.061826115640212722e-04 8.168000000000000130e-04 1.258181278120160396e-01 1.812381745150297863e-03 9.920516690103842183e-01 1.049054999999999988e-01
9.771053004981975487e-01 7.107947572370457330e-03 -2.126375056748822379e-01 -2.996280000000000124e-02 -7.221722798176863876e-03 9.999738938279983946e-01 2.416242895541803994e-04 9.920000000000000432e-04 2.126336719763674832e-01 1.299516748427258662e-03 9.771311236461907024e-01 1.438558000000000059e-01
9.660964224323284055e-01 8.337815773710991266e-03 -2.580468627818978677e-01 -3.586670000000000136e-02 -9.131783429448274772e-03 9.999565400213021871e-01 -1.878456819726631762e-03 1.652700000000000002e-03 2.580199858438366189e-01 4.171198478804355632e-03 9.661305750303096351e-01 1.637094000000000049e-01
9.578809163423241957e-01 7.898440285151219972e-03 -2.870570757676098039e-01 -4.199599999999999861e-02 -8.527012985389046881e-03 9.999632029415600476e-01 -9.395809721939863118e-04 1.502400000000000090e-03 2.870390916874152043e-01 3.347746095241203347e-03 9.579130192451428272e-01 1.833264000000000005e-01
9.323562746636888665e-01 7.124331820423800317e-03 -3.614706364165152230e-01 -5.739550000000000207e-02 -7.996082029757812376e-03 9.999676113112512255e-01 -9.159697833126883518e-04 1.648399999999999952e-03 3.614524031839067009e-01 3.744359035009143209e-03 9.323830436081490536e-01 2.250308000000000030e-01
9.194546359142777847e-01 8.779306217962691908e-03 -3.930980746303318618e-01 -6.729309999999999459e-02 -9.903121133831757281e-03 9.999506177367487592e-01 -8.308307306707789393e-04 1.716499999999999927e-03 3.930713684403270847e-01 4.656809017515507743e-03 9.194961736963470633e-01 2.479225999999999930e-01
8.940058603821557925e-01 8.467261793326776032e-03 -4.479752527540831197e-01 -7.836250000000000160e-02 -9.333420604392333314e-03 9.999564051326461644e-01 2.740328749836690777e-04 1.670100000000000100e-03 4.479580436404539956e-01 3.936154458140051805e-03 8.940459148309435333e-01 2.704578000000000260e-01
8.811821775621171415e-01 9.138163070231341070e-03 -4.726885485418356736e-01 -9.044320000000000137e-02 -1.060466718548355204e-02 9.999436730476852775e-01 -4.379107090887427063e-04 1.877100000000000036e-03 4.726579217370324160e-01 5.398583851888042948e-03 8.812294504336674050e-01 2.928170999999999968e-01
8.658627063667717616e-01 9.158298002963626352e-03 -5.001978601522587553e-01 -1.031566000000000011e-01 -1.047385069619966198e-02 9.999451319341606803e-01 1.776872754830128610e-04 1.876899999999999923e-03 5.001720425761553290e-01 5.085144920556654985e-03 8.659111208007053140e-01 3.145835000000000159e-01
8.332168079354101975e-01 9.209856052015737843e-03 -5.528697220190548212e-01 -1.181205000000000033e-01 -1.137183656766709711e-02 9.999352228744591287e-01 -4.810281530511100780e-04 2.389099999999999904e-03 5.528294785076173223e-01 6.687944864224542110e-03 8.332675675234749724e-01 3.365542000000000256e-01
8.109543395522427200e-01 9.647245102393255806e-03 -5.850299050675272783e-01 -1.322207999999999994e-01 -1.171613260572192464e-02 9.999313329041477072e-01 2.484216164857513086e-04 2.524600000000000108e-03 5.849921293471825878e-01 6.652829358156357731e-03 8.110116820757764522e-01 3.586332999999999882e-01
7.696903562900800910e-01 9.338000170315280055e-03 -6.383490872452695086e-01 -1.517215000000000091e-01 -1.279268900173151195e-02 9.999178520607312493e-01 -7.976455092993366830e-04 2.971600000000000023e-03 6.382891997693165287e-01 8.780141403913697615e-03 7.697465859455128179e-01 3.816755000000000009e-01
7.599245271345093089e-01 9.965042716778133719e-03 -6.499349282682421736e-01 -1.708350999999999897e-01 -1.372245139917968593e-02 9.999055879496279164e-01 -7.138029882789130587e-04 3.332700000000000072e-03 6.498664535017862898e-01 9.461136864125340926e-03 7.599895259161464356e-01 4.045899000000000023e-01
7.326069943530326700e-01 1.087903758404267299e-02 -6.805649405944010910e-01 -1.914309999999999901e-01 -1.535692228310618634e-02 9.998819254379402999e-01 -5.478325544798108571e-04 3.683000000000000076e-03 6.804786232961373971e-01 1.085272886246119173e-02 7.326875606377056815e-01 4.265127000000000224e-01
7.241024350984204272e-01 1.116794842357761788e-02 -6.896020159574259845e-01 -2.121606000000000047e-01 -1.651093360173527813e-02 9.998630303166182731e-01 -1.144411494289415514e-03 4.190900000000000007e-03 6.894947806590973061e-01 1.221464424686544148e-02 7.241876482720384089e-01 4.488051000000000124e-01
6.754436453167543819e-01 9.405099692416245966e-03 -7.373516298896953813e-01 -2.333610000000000129e-01 -1.469091299325410785e-02 9.998918351606268518e-01 -7.036011216978140317e-04 4.276600000000000193e-03 7.372652569303934644e-01 1.130761154663214793e-02 6.755087555646273056e-01 4.688963999999999910e-01
6.441514428918951873e-01 1.123979094470152484e-02 -7.648153932288556112e-01 -2.571099000000000023e-01 -1.762841058812454273e-02 9.998445957292046993e-01 -1.533989562500989723e-04 4.233800000000000237e-03 7.646948134781784701e-01 1.358129193496280390e-02 6.442494786563286446e-01 4.885759000000000074e-01
5.888541173147306962e-01 1.078099140165783738e-02 -8.081674323714651553e-01 -2.812914000000000248e-01 -1.751025236994722956e-02 9.998465158281958365e-01 5.795240789195832062e-04 4.879200000000000204e-03 8.080496393065403904e-01 1.380996055804179293e-02 5.889525154084624958e-01 5.067920999999999676e-01
4.769857412670436836e-01 1.066532615293735824e-02 -8.788463195837940001e-01 -3.063370999999999733e-01 -1.672768796932204427e-02 9.998554151238131515e-01 3.055045464167945556e-03 5.442999999999999922e-03 8.787518347537771612e-01 1.324385388165412111e-02 4.770951825906770694e-01 5.214113999999999693e-01
4.245154223166376362e-01 1.248233353188332034e-02 -9.053346605343934872e-01 -3.302595999999999865e-01 -2.026917855833148402e-02 9.997853968216403597e-01 4.280269006209549976e-03 5.415699999999999854e-03 9.051938005841053680e-01 1.653334968461818086e-02 4.246773266049281848e-01 5.326151999999999553e-01
3.935712442554021306e-01 1.245413889423566296e-02 -9.192097530594732779e-01 -3.531822000000000017e-01 -2.033135250515826636e-02 9.997815781984523698e-01 4.840661145208109001e-03 5.649300000000000328e-03 9.190692638754521804e-01 1.678363248569329433e-02 3.937384892032014250e-01 5.425159000000000509e-01
3.786996021692019543e-01 1.295430843372766608e-02 -9.254289801005217697e-01 -3.761208999999999802e-01 -2.290822755741596731e-02 9.997268973020418947e-01 4.619948160997562961e-03 5.835400000000000136e-03 9.252360911827131051e-01 1.945036513375801579e-02 3.788929385315826792e-01 5.515465999999999980e-01
3.493025350076213731e-01 1.333219716814544251e-02 -9.369151464011662434e-01 -3.992254000000000080e-01 -2.331491199269822637e-02 9.997128564551849284e-01 5.533490488626889234e-03 6.020300000000000130e-03 9.367198908510601107e-01 1.991123192785123480e-02 3.495130740431510175e-01 5.604297999999999780e-01
3.252728684346912758e-01 1.237547305554416097e-02 -9.455392158588236118e-01 -4.226354999999999973e-01 -2.316655094939723894e-02 9.997185336598524152e-01 5.115112325609660546e-03 6.216300000000000124e-03 9.453363803310315117e-01 2.024107516032985776e-02 3.254680120979278612e-01 5.686248999999999887e-01
2.663484546308874101e-01 1.259943120942049258e-02 -9.637944568469654083e-01 -4.460780999999999774e-01 -2.160734729662114675e-02 9.997413364593645824e-01 7.098078419320271934e-03 6.435200000000000295e-03 9.636345901110758838e-01 1.893447933381592341e-02 2.665518002824516230e-01 5.754768000000000105e-01
2.441791031026523118e-01 1.275594949483608957e-02 -9.696462506298209050e-01 -4.580813000000000246e-01 -2.321955507625764886e-02 9.997037069461829351e-01 7.304148144792382835e-03 6.647700000000000310e-03 9.694521225259373765e-01 2.073123417806154931e-02 2.444029420023610122e-01 5.782935000000000159e-01
2.304184527239642732e-01 1.270522487435514665e-02 -9.730086915876888787e-01 -4.701403000000000110e-01 -2.158129979210225008e-02 9.997355388523079256e-01 7.943541714435359974e-03 6.817900000000000002e-03 9.728522930761779319e-01 1.916845368248660739e-02 2.306317112624469701e-01 5.814460999999999657e-01
1.925491615251617439e-01 1.262279588123464864e-02 -9.812061380872514338e-01 -4.943291000000000213e-01 -2.144302143041863784e-02 9.997326236291397272e-01 8.653212324415389053e-03 7.049800000000000164e-03 9.810530144838718325e-01 1.937385546909785317e-02 1.927683493117340330e-01 5.862494999999999790e-01
1.896530996425482285e-01 1.344289595043105488e-02 -9.817591305123877232e-01 -5.192413999999999641e-01 -2.323945607198982244e-02 9.996876036886892525e-01 9.199060421826289399e-03 7.173500000000000189e-03 9.815760945935122495e-01 2.107091786401911471e-02 1.899062583037116614e-01 5.908784000000000258e-01
1.744382843330065935e-01 1.220761802063310281e-02 -9.845924329494002425e-01 -5.435267999999999766e-01 -2.370712918702361921e-02 9.996853607382956142e-01 8.194605008995856782e-03 7.668099999999999743e-03 9.843826781209972232e-01 2.191240716594142560e-02 1.746728067774920845e-01 5.953479000000000410e-01
1.399499524049070964e-01 1.319559386479428678e-02 -9.900706475420928410e-01 -5.684787999999999508e-01 -2.241701435720650296e-02 9.996971291142902061e-01 1.015517148821883445e-02 7.971100000000000060e-03 9.899047874867423769e-01 2.077321215415995140e-02 1.402033714559861588e-01 5.993351000000000095e-01
1.233735037339287050e-01 1.356296133165327267e-02 -9.922676174582794051e-01 -5.940446000000000337e-01 -2.447263869836890926e-02 9.996440789837157670e-01 1.062098432057629466e-02 8.162900000000000711e-03 9.920585005590916161e-01 2.297305884541518683e-02 1.236615139634467120e-01 6.022967999999999655e-01
1.078671603189693268e-01 1.423097419052048868e-02 -9.940634562734467217e-01 -6.188430999999999793e-01 -2.534793845259638440e-02 9.996118504276324535e-01 1.155986595285469869e-02 8.465699999999999614e-03 9.938421191220088158e-01 2.395052939359218480e-02 1.081860175847207950e-01 6.049752000000000463e-01
1.063194511538651382e-01 1.416244993785936712e-02 -9.942311599010053014e-01 -6.421105999999999758e-01 -2.529628544479873425e-02 9.996134573822187397e-01 1.153402631617931468e-02 8.761700000000000738e-03 9.940101972560623222e-01 2.392406387143874297e-02 1.066366115311208063e-01 6.074287000000000436e-01
9.155319512252303726e-02 1.374147637640739383e-02 -9.957053702224638592e-01 -6.660886000000000307e-01 -2.576203539667046988e-02 9.996027974970744800e-01 1.142649413614199409e-02 8.836699999999999416e-03 9.954668904564720755e-01 2.460526494511341283e-02 9.187083836508103118e-02 6.097348999999999686e-01
8.055855962580076024e-02 1.285664324218032013e-02 -9.966669580133373785e-01 -6.931218999999999575e-01 -2.481626062281433454e-02 9.996327234233335357e-01 1.088905275722532387e-02 9.315399999999999722e-03 9.964409022514666425e-01 2.385634057839510283e-02 8.084802616323272240e-02 6.120284000000000280e-01
7.246969214869693199e-02 1.321756024760753837e-02 -9.972830289446291685e-01 -7.222336000000000311e-01 -2.709819799503254342e-02 9.995691463512184072e-01 1.127871127914975569e-02 9.430499999999999647e-03 9.970024229585879860e-01 2.620720824119331105e-02 7.279664038200950316e-02 6.141084999999999461e-01
7.267505860124097439e-02 1.294248055898003860e-02 -9.972716921954050129e-01 -7.541563000000000017e-01 -2.830228486209124608e-02 9.995398767625499614e-01 1.090941946629660902e-02 9.898600000000000454e-03 9.969540192651269450e-01 2.743222481839550919e-02 7.300792088959784376e-02 6.163613999999999482e-01
7.455141699101434927e-02 1.398132345951162356e-02 -9.971191547748704531e-01 -7.887435000000000418e-01 -2.943213453206682331e-02 9.994969615169486676e-01 1.181411762568282571e-02 1.027549999999999991e-02 9.967827424677445647e-01 2.846658589834158426e-02 7.492541495229854132e-02 6.183423000000000114e-01
7.668923220303268395e-02 1.477981798559417463e-02 -9.969454943197357810e-01 -8.262454000000000187e-01 -3.157025289649933314e-02 9.994247621384838576e-01 1.238805701011928828e-02 1.070240000000000080e-02 9.965551067533398033e-01 3.052379079910615134e-02 7.711172024466828034e-02 6.210358999999999741e-01
8.012660611103046560e-02 1.690653881647310661e-02 -9.966413075617398531e-01 -8.657354999999999912e-01 -3.401946016398861572e-02 9.993200464535403338e-01 1.421692956460058298e-02 1.088459999999999948e-02 9.962039968416499525e-01 3.276604494505112181e-02 8.064727506481739194e-02 6.235433000000000225e-01
8.378434323973631137e-02 1.719565564374897493e-02 -9.963355324662809265e-01 -9.050673999999999664e-01 -3.684213948664151472e-02 9.992209517692218768e-01 1.414730728644836115e-02 1.188260000000000011e-02 9.958026112568357791e-01 3.552180981301415741e-02 8.435259593915978016e-02 6.261510999999999605e-01
8.822388094220399990e-02 1.761018557790356223e-02 -9.959449925550142302e-01 -9.449743000000000448e-01 -3.772322855360089877e-02 9.991855324256588844e-01 1.432584443393912672e-02 1.226939999999999975e-02 9.953861084317926489e-01 3.630637898723077656e-02 8.881633850732062463e-02 6.285612999999999895e-01
9.150386135241503349e-02 1.968869012541749064e-02 -9.956100636487876798e-01 -9.856734000000000329e-01 -3.952806344382093356e-02 9.990883498898136539e-01 1.612455626770915168e-02 1.203689999999999968e-02 9.950198870163244891e-01 3.787907860012620920e-02 9.219869763953381092e-02 6.316176999999999486e-01
9.410426937903383637e-02 1.994972996833543205e-02 -9.953624439161991022e-01 -1.029137799999999991e+00 -4.102133297945270707e-02 9.990278232429907757e-01 1.614492573412695808e-02 1.272990000000000059e-02 9.947168625921786189e-01 3.931178780673944689e-02 9.483114791148949951e-02 6.353450000000000486e-01
9.677035873601411153e-02 2.107626368726302907e-02 -9.950835586919767328e-01 -1.069144700000000059e+00 -4.124238320625472215e-02 9.990019994032930395e-01 1.714849893405935577e-02 1.324350000000000006e-02 9.944518909920038174e-01 3.938015105618506567e-02 9.754301720379821017e-02 6.386180999999999663e-01
1.001811533829607137e-01 2.088429088192689242e-02 -9.947500102544452050e-01 -1.107611499999999971e+00 -4.266030385552274651e-02 9.989504512542961567e-01 1.667616304167702374e-02 1.432330000000000061e-02 9.940542414686505124e-01 4.076570045022149397e-02 1.009669385739145886e-01 6.416821000000000330e-01
1.017615084422402311e-01 2.147741349393399168e-02 -9.945769533370307780e-01 -1.144868599999999903e+00 -4.177042944464343099e-02 9.989774713280054064e-01 1.729864165517105978e-02 1.452050000000000042e-02 9.939314999654502714e-01 3.978357058780088856e-02 1.025545751671543826e-01 6.451128999999999891e-01
1.024991509953870478e-01 2.189976894273973351e-02 -9.944919930122512186e-01 -1.182968100000000078e+00 -4.049903888729707718e-02 9.990205621050877172e-01 1.782538472067104335e-02 1.517699999999999952e-02 9.939083216748062499e-01 3.844888309807380222e-02 1.032856790367406852e-01 6.491069000000000422e-01
1.035946464980912057e-01 2.289074016474629270e-02 -9.943561551233269791e-01 -1.219403699999999979e+00 -4.028280332924255580e-02 9.990114178218988394e-01 1.880113872660865021e-02 1.559299999999999922e-02 9.938035243310788802e-01 3.810775611591017686e-02 1.044143378609337924e-01 6.527245999999999881e-01
9.499085532977177837e-02 2.371520084729853220e-02 -9.951956223037209393e-01 -1.252784399999999909e+00 -3.927601904570517111e-02 9.990270696187821819e-01 2.005762939208916018e-02 1.636189999999999867e-02 9.947030369570807329e-01 3.718203084396123903e-02 9.582987452083480129e-02 6.557583999999999635e-01
8.562091170125525619e-02 2.325246344736783127e-02 -9.960564152813206062e-01 -1.284591199999999933e+00 -3.998732200352115435e-02 9.990023240642565971e-01 1.988392801236336244e-02 1.725379999999999969e-02 9.955250240744492052e-01 3.812714856690647969e-02 8.646529352129950219e-02 6.586104000000000402e-01
8.505855512817489528e-02 2.453368376257509045e-02 -9.960738630044183584e-01 -1.314626300000000025e+00 -4.014571690863165399e-02 9.989694010892041787e-01 2.117680574044443487e-02 1.732279999999999931e-02 9.955668554212715460e-01 3.818683082575029253e-02 8.595581619696412989e-02 6.615370999999999890e-01
8.453883313881180306e-02 2.310295388675785364e-02 -9.961523172754425115e-01 -1.343831800000000021e+00 -3.979722167191730720e-02 9.990117433003234959e-01 1.979186437011008770e-02 1.824510000000000021e-02 9.956251136038722915e-01 3.797091347011417872e-02 8.537472044768690260e-02 6.642900999999999945e-01
8.416703839745218185e-02 2.342167923136773133e-02 -9.961763571724562283e-01 -1.374214499999999894e+00 -3.871945941446736789e-02 9.990455679988782256e-01 2.021772797448210049e-02 1.884380000000000083e-02 9.956991077178152239e-01 3.686974374445338432e-02 8.499358144098356771e-02 6.670768999999999727e-01
8.344025079448995352e-02 2.473788579733891477e-02 -9.962056823536141748e-01 -1.405176399999999992e+00 -3.806528295073778601e-02 9.990413448192213552e-01 2.162002718966609532e-02 1.921209999999999932e-02 9.957854983786581515e-01 3.611687068503371262e-02 8.430191498825911900e-02 6.702099999999999724e-01
8.351171549657163129e-02 2.274442688481989605e-02 -9.962472004580491536e-01 -1.438034100000000093e+00 -3.780555472179204790e-02 9.990920876385044336e-01 1.964027622801194084e-02 2.035539999999999919e-02 9.957894021363136172e-01 3.602348489272110682e-02 8.429575985295245655e-02 6.732593000000000050e-01
8.292030219188800677e-02 2.277657133559268798e-02 -9.962958653344902160e-01 -1.471682799999999958e+00 -3.749824128780027827e-02 9.991021025920469034e-01 1.971979960529454678e-02 2.106850000000000042e-02 9.958504432818855445e-01 3.572417100991599065e-02 8.369992963513406270e-02 6.760931999999999498e-01
8.386028474017515055e-02 2.262154478411079056e-02 -9.962207176900493844e-01 -1.522869599999999934e+00 -3.779592442296628857e-02 9.990950979531711962e-01 1.950521322509855826e-02 2.251869999999999913e-02 9.957604735780135607e-01 3.601737021943175049e-02 8.463940159385707762e-02 6.806335000000000024e-01
8.318313290781716163e-02 2.309597503546394551e-02 -9.962666020382302534e-01 -1.540253799999999895e+00 -3.711389671658137102e-02 9.991096196775034466e-01 2.006306403282812414e-02 2.276370000000000129e-02 9.958429218858519949e-01 3.530642724824556433e-02 8.396624991514733960e-02 6.823434999999999917e-01
8.329527217835364095e-02 2.220274582718191267e-02 -9.962775394991434386e-01 -1.576941600000000054e+00 -3.653032979707519778e-02 9.991478435749290288e-01 1.921253977188061915e-02 2.338569999999999885e-02 9.958551263299550982e-01 3.479403335778608053e-02 8.403536520445642477e-02 6.855525999999999565e-01
8.415902299699831723e-02 2.347309009401933599e-02 -9.961758242848641753e-01 -1.616308999999999996e+00 -3.582007177159336753e-02 9.991476251248336826e-01 2.051696043966278263e-02 2.409470000000000015e-02 9.958083055018513985e-01 3.395640217753993773e-02 8.492809573214599173e-02 6.889113999999999516e-01
7.880498066844301985e-02 2.345608957810381076e-02 -9.966140611508299552e-01 -1.656334999999999891e+00 -3.464808619953814450e-02 9.991835831074400431e-01 2.077684700060832348e-02 2.608260000000000092e-02 9.962877521803404912e-01 3.289345087219160135e-02 7.955335156461362800e-02 6.958505000000000384e-01
7.501844814343776313e-02 2.342046147523175331e-02 -9.969070741159568039e-01 -1.712063799999999913e+00 -3.277283352616271878e-02 9.992419918180996952e-01 2.100912111591410336e-02 2.750189999999999926e-02 9.966434537089062795e-01 3.109539791808280107e-02 7.572913843098527664e-02 7.036795999999999607e-01
7.578471715214812887e-02 2.110871325924610492e-02 -9.969007467500001773e-01 -1.751741999999999910e+00 -3.337099072313608888e-02 9.992695323073496061e-01 1.862199721853801879e-02 2.931860000000000022e-02 9.965656293613207595e-01 3.185630277966670226e-02 7.643377753902347305e-02 7.072079000000000004e-01
7.487614131677704232e-02 2.102038342969817300e-02 -9.969712668587689119e-01 -1.793145299999999942e+00 -3.251215765781746009e-02 9.992977384529060370e-01 1.862765490717101582e-02 3.008670000000000094e-02 9.966626927230413102e-01 3.101892008719680724e-02 7.550697670202966005e-02 7.109147999999999579e-01
7.395573887164449967e-02 2.314007287240880603e-02 -9.969930218990546988e-01 -1.813403700000000063e+00 -3.218014328454917722e-02 9.992655101920713268e-01 2.080573283413141711e-02 3.018699999999999856e-02 9.967421868598395074e-01 3.054467495389302095e-02 7.464606999585443603e-02 7.124829000000000301e-01
7.427933531033659165e-02 2.224234617295822725e-02 -9.969893973270612664e-01 -1.833918900000000018e+00 -3.103707040332903677e-02 9.993184790868304690e-01 1.998193224798024831e-02 3.079530000000000114e-02 9.967543732568387993e-01 2.945938547061643237e-02 7.491904965401163796e-02 7.142235000000000111e-01
7.198026306245332295e-02 2.327561213152039288e-02 -9.971344380821289821e-01 -1.872599799999999926e+00 -2.773617231772041586e-02 9.993877654770014773e-01 2.132601603787253816e-02 3.177279999999999688e-02 9.970203340326724284e-01 2.612164035409908838e-02 7.258177064931226052e-02 7.184892000000000500e-01
6.918534490206000587e-02 2.168419553809013828e-02 -9.973681284834847727e-01 -1.909361700000000051e+00 -2.522714828246273161e-02 9.994820571517553098e-01 1.998020073047043418e-02 3.331889999999999852e-02 9.972848033737993223e-01 2.377841659070522098e-02 6.969654126368995950e-02 7.229940999999999729e-01
6.782385884382378938e-02 2.127604694120991888e-02 -9.974704276308588025e-01 -1.944523699999999966e+00 -2.398214506689313671e-02 9.995184831751885435e-01 1.968904541009732986e-02 3.439709999999999990e-02 9.974090338920755805e-01 2.258609345871511256e-02 6.830144575886099023e-02 7.261727000000000043e-01
6.600775683157815432e-02 1.968010492569504180e-02 -9.976250144759687410e-01 -1.979982399999999920e+00 -2.225748506933442408e-02 9.995857559295256989e-01 1.824612016805301010e-02 3.584720000000000267e-02 9.975708397885593159e-01 2.100023840132081779e-02 6.641844315125200460e-02 7.294051999999999758e-01
6.392019549742219975e-02 1.949756732742056672e-02 -9.977645280705683684e-01 -2.026455599999999801e+00 -2.022753095034674972e-02 9.996290394926227174e-01 1.823815765666185473e-02 3.701809999999999823e-02 9.977499965418311634e-01 1.901652626977890642e-02 6.429087127584065531e-02 7.337084999999999857e-01
5.988949236233610807e-02 2.056047402182246270e-02 -9.979932442720139685e-01 -2.067115799999999837e+00 -1.791781768362574884e-02 9.996489120144428364e-01 1.951933702247915514e-02 3.749559999999999699e-02 9.980441876560567360e-01 1.671285781483049238e-02 6.023686470611855359e-02 7.381486000000000436e-01
5.061040342014250931e-02 2.011761800502298234e-02 -9.985158328797067995e-01 -2.092920799999999915e+00 -1.529413133332012224e-02 9.996954737056594764e-01 1.936619217028539425e-02 3.803020000000000012e-02 9.986013602095731301e-01 1.429130148801160960e-02 5.090267271341630817e-02 7.398711000000000038e-01
4.201200271291644778e-02 2.002452103988340559e-02 -9.989164180176304253e-01 -2.130567999999999795e+00 -1.370162088526180599e-02 9.997166630487963612e-01 1.946430599061043168e-02 3.864879999999999705e-02 9.990231514900775878e-01 1.286903957965871217e-02 4.227446755585129168e-02 7.420864999999999823e-01
3.219654817273603920e-02 2.038304028164866430e-02 -9.992736932165465769e-01 -2.154852399999999779e+00 -1.300565646833179087e-02 9.997159253513105970e-01 1.997301927102331995e-02 3.902219999999999994e-02 9.993969357495487982e-01 1.235314809470109722e-02 3.245249676930817007e-02 7.436861000000000166e-01
2.284696144576333840e-02 2.131946008308226864e-02 -9.995116292342283160e-01 -2.177130899999999869e+00 -1.152160674175871369e-02 9.997118152199376828e-01 2.106036770204705241e-02 3.934920000000000084e-02 9.996725808637465516e-01 1.103481451692905554e-02 2.308601173422786257e-02 7.458316999999999863e-01
-1.960182138841391405e-02 1.914646325899083817e-02 -9.996245202789539874e-01 -2.211042200000000069e+00 -9.650060087865827696e-03 9.997664238205229426e-01 1.933841103666363373e-02 4.081479999999999830e-02 9.997612939789963793e-01 1.002550476507237109e-02 -1.941247834894388458e-02 7.476019999999999888e-01
-6.631754056562114141e-02 1.826295738708067634e-02 -9.976314190124551118e-01 -2.245008700000000079e+00 -7.895624009779876953e-03 9.997915730336477402e-01 1.882736339481789686e-02 4.159700000000000203e-02 9.977673290576432041e-01 9.125507020545035874e-03 -6.615952075699005341e-02 7.475439000000000389e-01
-7.892638640056447163e-02 1.847198104536047769e-02 -9.967092913412660682e-01 -2.268520399999999881e+00 -6.135980030235097492e-03 9.998003668404665811e-01 1.901515749966537286e-02 4.214129999999999959e-02 9.968615627452075412e-01 7.616585975905962314e-03 -7.879728636986349510e-02 7.469894999999999730e-01
-8.673470831668476932e-02 1.781971439651070660e-02 -9.960720597185961367e-01 -2.291534899999999819e+00 -6.679209673962115471e-03 9.998071394074840024e-01 1.846813872471015500e-02 4.299220000000000125e-02 9.962090536284795572e-01 8.254802762675624364e-03 -8.659895900066272301e-02 7.460499000000000436e-01
-1.152873566562418184e-01 1.813680690280413885e-02 -9.931665930902968675e-01 -2.312650699999999837e+00 -4.164997507224865551e-03 9.998156836538977243e-01 1.874170524402780230e-02 4.329140000000000071e-02 9.933234509418278346e-01 6.297218041294481983e-03 -1.151905675563719145e-01 7.441624000000000017e-01
-1.368943438011778480e-01 1.760557891325516960e-02 -9.904291909199638422e-01 -2.333437400000000217e+00 -4.047273225299046449e-03 9.998237635728035588e-01 1.833197683160510058e-02 4.374839999999999979e-02 9.905773862827098597e-01 6.518081484905940276e-03 -1.367989634429713774e-01 7.414553999999999867e-01
-1.705388500467018564e-01 1.791356005846418686e-02 -9.851881063993720433e-01 -2.354646900000000098e+00 -2.302893541418008817e-03 9.998247557395544272e-01 1.857833393168626876e-02 4.426739999999999842e-02 9.853482619389378749e-01 5.437111031802346027e-03 -1.704677110702856879e-01 7.382003999999999788e-01
-1.803452514829976261e-01 1.790126150266289559e-02 -9.834404583421141322e-01 -2.374687199999999887e+00 -2.504671077083197445e-03 9.998227726604572707e-01 1.865877521037236780e-02 4.486919999999999797e-02 9.836001814204438087e-01 5.828216379722263828e-03 -1.802684526019491251e-01 7.348476999999999926e-01
-2.298823020155121577e-01 1.807269266042710321e-02 -9.730506179023016289e-01 -2.393568500000000210e+00 1.321915044802239939e-03 9.998324383026314655e-01 1.825781636529887758e-02 4.543180000000000135e-02 9.732175397929608840e-01 2.910858604672225160e-03 -2.298676731111193305e-01 7.308396000000000337e-01
-3.257546586533527910e-01 1.966233339315959922e-02 -9.452498585089416094e-01 -2.411157799999999796e+00 5.416732667193327119e-03 9.998061299350574638e-01 1.893043981251276223e-02 4.535560000000000286e-02 9.454388194763582165e-01 1.046513172037678158e-03 -3.257980101801283279e-01 7.253663999999999668e-01
-4.598192721564960950e-01 2.148078295515651326e-02 -8.877526755336210273e-01 -2.428017599999999998e+00 1.000194930619818096e-02 9.997692518645757698e-01 1.901062955881880137e-02 4.551089999999999997e-02 8.879561914664176880e-01 -1.378034101562411462e-04 -4.599280194189888649e-01 7.169552999999999621e-01
-5.860690204742549092e-01 2.118253076081003453e-02 -8.099841996180633386e-01 -2.442363499999999910e+00 1.217637068317913365e-02 9.997755808477107875e-01 1.733562625371239813e-02 4.597260000000000235e-02 8.101696360869944380e-01 2.972056357532990023e-04 -5.861954217080486140e-01 7.067158999999999525e-01
-6.057723748910724959e-01 1.988652132586973473e-02 -7.953894367467968518e-01 -2.456082799999999899e+00 1.082490325987525703e-02 9.998010598942664862e-01 1.675297298140466032e-02 4.629780000000000006e-02 7.955643602426174521e-01 1.538474522720722354e-03 -6.058671321402893106e-01 6.962545999999999458e-01
-6.148245661689341057e-01 1.923294508842665618e-02 -7.884293542597251570e-01 -2.469269300000000111e+00 1.087634119362738613e-02 9.998143031745140297e-01 1.590799704239578144e-02 4.668950000000000183e-02 7.885889030651023202e-01 1.205400716207586861e-03 -6.149195792717057074e-01 6.860397999999999774e-01
-6.159710244384166700e-01 1.971263512241112209e-02 -7.875221324310943682e-01 -2.481967399999999824e+00 1.090921649403871554e-02 9.998044571283729587e-01 1.649352908645389248e-02 4.688350000000000156e-02 7.876932690126110526e-01 1.568286571449990091e-03 -6.160656250996773275e-01 6.764763000000000304e-01
-6.230866270532505746e-01 2.001449530056628734e-02 -7.818967164307998319e-01 -2.493860000000000188e+00 1.124258916350036330e-02 9.997984520272048536e-01 1.663308488843370098e-02 4.707410000000000067e-02 7.820720295320015003e-01 1.573309209503120747e-03 -6.231860599546712454e-01 6.668243999999999838e-01
-6.306803392542894571e-01 1.988309544234924398e-02 -7.757879685801555292e-01 -2.505183199999999832e+00 1.104429357138194193e-02 9.998004484572904360e-01 1.664592575106749184e-02 4.723050000000000165e-02 7.759641314246444876e-01 1.930228025739694209e-03 -6.307740807628077206e-01 6.576490000000000391e-01
-6.385039153008719159e-01 2.022613241861065045e-02 -7.693527498572041434e-01 -2.516327400000000214e+00 1.236917952597592699e-02 9.997951774085862553e-01 1.601894591999160344e-02 4.743519999999999681e-02 7.695191703546515605e-01 7.118974071205564150e-04 -6.386233159373141399e-01 6.486665999999999821e-01
-6.457421378738880113e-01 2.048274138706565953e-02 -7.632807797130304328e-01 -2.526591799999999832e+00 1.222689059543094134e-02 9.997893447651462484e-01 1.648542509147869067e-02 4.753860000000000030e-02 7.634576573199253202e-01 1.312783055184832924e-03 -6.458565491502133993e-01 6.399607999999999963e-01
-6.684622206353196816e-01 2.064314488159121885e-02 -7.434595618812732676e-01 -2.546651400000000010e+00 1.358198748656501420e-02 9.997868637800260139e-01 1.554852497230835816e-02 4.805750000000000299e-02 7.436220741742488594e-01 2.959430643544053857e-04 -6.686001220598831729e-01 6.226507000000000014e-01
-6.786956939192443361e-01 2.053171019991135299e-02 -7.341325520175102648e-01 -2.556636800000000154e+00 1.360510457044155491e-02 9.997890996477806214e-01 1.538367170435652603e-02 4.807290000000000174e-02 7.342935762929584387e-01 4.528816036507435708e-04 -6.788318928226267923e-01 6.132769000000000137e-01
-6.855352490337763838e-01 2.117079373404731277e-02 -7.277315575298826111e-01 -2.567135299999999898e+00 1.428582462713597415e-02 9.997758233920224225e-01 1.562748141980405819e-02 4.833280000000000215e-02 7.278992633235186194e-01 3.169439603916725245e-04 -6.856840103135007913e-01 6.034595000000000375e-01
-7.147775012228071434e-01 2.218286609179302704e-02 -6.990000316149013182e-01 -2.577099099999999865e+00 1.594749383304806117e-02 9.997539220718714148e-01 1.541988139887689319e-02 4.842019999999999658e-02 6.991700802995822750e-01 -1.255143980377678575e-04 -7.149553713764315033e-01 5.933910999999999492e-01
-7.693617158971028935e-01 2.244183463544908649e-02 -6.384190740963656685e-01 -2.586443699999999790e+00 1.781638074672388730e-02 9.997477846757764075e-01 1.367273246155730274e-02 4.868089999999999917e-02 6.385648962235189741e-01 -8.550403924460353577e-04 -7.695675033530028353e-01 5.815605999999999831e-01
-7.927658023897820039e-01 2.150594607557281338e-02 -6.091468434168231250e-01 -2.596120400000000217e+00 1.706806336865748439e-02 9.997687200959838316e-01 1.308386527299399207e-02 4.882109999999999922e-02 6.092873408943669800e-01 -2.451597275112803870e-05 -7.929495164415187869e-01 5.684462999999999600e-01
-8.092231958066818942e-01 2.154991284881216038e-02 -5.871059705237448023e-01 -2.606211699999999798e+00 1.733086111863324855e-02 9.997677555197684862e-01 1.280922620032736575e-02 4.900410000000000182e-02 5.872456561110573903e-01 1.904709245721886504e-04 -8.094087367328819393e-01 5.543649000000000493e-01
-8.168854604664437247e-01 2.159126777081073548e-02 -5.763956641358217725e-01 -2.616933299999999907e+00 1.748307915183648989e-02 9.997668435641643425e-01 1.267282340751896969e-02 4.932229999999999948e-02 5.765348961007447093e-01 2.750741657991271835e-04 -8.170724802074210702e-01 5.393672000000000466e-01
-8.236840992881153678e-01 2.238028568894063347e-02 -5.666071190802388635e-01 -2.627303799999999967e+00 1.863568183175700471e-02 9.997494697774789163e-01 1.239794508438119350e-02 4.958560000000000051e-02 5.667426364255578886e-01 -3.471197649357457213e-04 -8.238948134108365906e-01 5.244402999999999704e-01
-8.277814138793953003e-01 2.329201820712244533e-02 -5.605670456989678696e-01 -2.637182699999999880e+00 1.915648320130093965e-02 9.997286775020047811e-01 1.325143507136963134e-02 4.965470000000000300e-02 5.607236039147879270e-01 2.307984651741803658e-04 -8.280030113138966419e-01 5.099063000000000345e-01
-8.339371802247889098e-01 2.260272292003359662e-02 -5.513963151448587618e-01 -2.646405500000000188e+00 1.887195093252981570e-02 9.997445252992402942e-01 1.243919620381001359e-02 5.006979999999999764e-02 5.515366070413897370e-01 -3.241599732330124883e-05 -8.341506878511070200e-01 4.958922000000000052e-01
-8.473963811237492649e-01 2.187875636459428799e-02 -5.305098427723210497e-01 -2.654989500000000113e+00 1.847422303011718100e-02 9.997606226138726626e-01 1.172179824749925922e-02 5.048620000000000191e-02 5.306393090808553259e-01 1.322522601453169841e-04 -8.475977266177232572e-01 4.821917000000000009e-01
-8.531359517878103205e-01 2.219450319874992361e-02 -5.212163195784140779e-01 -2.662802500000000183e+00 1.924842184793497391e-02 9.997534962646347223e-01 1.106548521316566211e-02 5.067640000000000339e-02 5.213334307556640734e-01 -5.922283339453732892e-04 -8.533528597491951695e-01 4.693761000000000183e-01
-8.581279923890904326e-01 2.260448566553848251e-02 -5.129379942118401647e-01 -2.670073299999999872e+00 1.958974246050809373e-02 9.997444193931827039e-01 1.128440882452874314e-02 5.063820000000000127e-02 5.130619754655378895e-01 -3.648561149289545821e-04 -8.583514875687088264e-01 4.569749000000000172e-01
-8.629160908072545100e-01 2.276607321949259202e-02 -5.048341570615947349e-01 -2.677193599999999840e+00 1.988166643689175464e-02 9.997407144307645099e-01 1.110059679281655970e-02 5.086129999999999818e-02 5.049559778491768958e-01 -4.580607265632355082e-04 -8.631449765912748706e-01 4.446511000000000213e-01
-8.673140211967031998e-01 2.305721494847899275e-02 -4.972270643020382241e-01 -2.684216499999999783e+00 2.025924287208503635e-02 9.997340145635355002e-01 1.102103456697553843e-02 5.102339999999999653e-02 4.973489235072832138e-01 -5.147460502374122740e-04 -8.675504500158185417e-01 4.325944999999999929e-01
-8.777106548296713662e-01 2.364926619268932495e-02 -4.786070607575866331e-01 -2.690469300000000175e+00 2.144572441716458694e-02 9.997193004168949404e-01 1.006982016607387703e-02 5.114969999999999933e-02 4.787108598127808312e-01 -1.425686677134615533e-03 -8.779714574602104360e-01 4.208590999999999860e-01
-9.134442892920894286e-01 2.249406453014591092e-02 -4.063416634072644640e-01 -2.699503200000000103e+00 2.122440056457616450e-02 9.997456094365130275e-01 7.631594400220272079e-03 5.140929999999999805e-02 4.064099594994485254e-01 -1.653321907157265670e-03 -9.136893407205357587e-01 3.995699999999999807e-01
-9.245449308784415843e-01 2.378947327389765998e-02 -3.803297671078726960e-01 -2.706524599999999836e+00 2.263514105796635145e-02 9.997155999828980510e-01 7.507965111814516972e-03 5.156650000000000122e-02 3.804002118509717256e-01 -1.667366841689885311e-03 -9.248204683675376181e-01 3.832039999999999891e-01
-9.406605308525608500e-01 2.305097173437555685e-02 -3.385652350704063673e-01 -2.712142699999999795e+00 2.206836801309747242e-02 9.997336634032756297e-01 6.751991669455694595e-03 5.166439999999999921e-02 3.386307027270518688e-01 -1.120250135872321792e-03 -9.409186958553943381e-01 3.663366000000000122e-01
-9.438355592949946304e-01 2.273687294582300497e-02 -3.296323279336388912e-01 -2.718305799999999994e+00 2.196825047392899147e-02 9.997403212016648943e-01 6.056908015366679887e-03 5.187560000000000088e-02 3.296844445548186564e-01 -1.524720380068532877e-03 -9.440899545309987539e-01 3.486200999999999883e-01
-9.534636007481102071e-01 2.272998170636544857e-02 -3.006501454848735655e-01 -2.724370200000000075e+00 2.226165309915879159e-02 9.997397562360598178e-01 4.983834102012780522e-03 5.188860000000000000e-02 3.006851856173496929e-01 -1.941064834559545977e-03 -9.537214747595688102e-01 3.292218000000000089e-01
-9.622627770636820177e-01 2.399526358635279896e-02 -2.710619397907295114e-01 -2.733784399999999781e+00 2.341856171186696214e-02 9.997113664593736404e-01 5.362344569250420898e-03 5.186700000000000338e-02 2.711123730946986554e-01 -1.187896187948302238e-03 -9.625469703124146514e-01 2.983281999999999878e-01
-9.731232430773988362e-01 2.428622044363473384e-02 -2.290007276824426174e-01 -2.741850100000000179e+00 2.414225705016024778e-02 9.997026470322649683e-01 3.430589046599083047e-03 5.238439999999999763e-02 2.290159496782899762e-01 -2.190208493690975599e-03 -9.734202061698249420e-01 2.663262000000000129e-01
-9.780887063633644241e-01 2.363324171187754230e-02 -2.068428204473802545e-01 -2.746693800000000074e+00 2.357521289472049725e-02 9.997182954718085712e-01 2.745730487550817039e-03 5.243260000000000282e-02 2.068494424005243026e-01 -2.190795547200406670e-03 -9.783703330505588713e-01 2.433104000000000100e-01
-9.868395664401506950e-01 2.358332724018652460e-02 -1.599734252446234350e-01 -2.753504500000000021e+00 2.355321657983012323e-02 9.997204110400753629e-01 2.084643520205898496e-03 5.254770000000000274e-02 1.599778612713598780e-01 -1.710680024141620573e-03 -9.871191202063183123e-01 2.078440000000000010e-01
-9.902529498693269927e-01 2.140954586018443268e-02 -1.376253124289161800e-01 -2.759443300000000043e+00 2.148514575177285640e-02 9.997687291370024321e-01 9.363502592447544258e-04 5.290430000000000132e-02 1.376135305379569407e-01 -2.029676290340513140e-03 -9.904839204283102383e-01 1.710073000000000010e-01
-9.956072315170843012e-01 2.229851351773185289e-02 -9.093413465683086727e-02 -2.764628899999999945e+00 2.233079282590655704e-02 9.997504172068626405e-01 6.625605411022059826e-04 5.245690000000000075e-02 9.092621317669377645e-02 -1.370981255785551009e-03 -9.958566885690646187e-01 1.259531000000000123e-01
